1 0 0 0 0 0 0 0 0
4081 419 0 0 0 0 0 0 0
3684 443 0 0 0 0 0 0 0
3738 395 0 0 0 0 0 0 0
0 0 0 0 0 0 0 0 0
7820 1653 0 0 0 0 0 0 0
0 0 0 0 0 0 0 0 0
0 0 0 0 0 0 0 0 0
6983 1042 0 0 0 0 0 0 0
0 0 0 0 0 0 0 0 0
6890 469 0 0 0 0 0 0 0
0 1 0 0 0 0 0 0 0
0 0 0 0 0 0 0 0 0
12189 327 0 0 0 0 0 0 0
0 0 0 0 0 0 0 0 0
6695 14 0 0 0 0 0 0 0
3910 1 0 0 0 0 0 0 0
0 0 0 0 0 0 0 0 0
0 0 0 0 0 0 0 0 0
1143 2 0 0 0 0 0 0 0
0 0 0 0 0 0 0 0 0
2832 61 0 0 0 0 0 0 0
0 0 0 0 0 0 0 0 0
6563 1 0 0 0 0 0 0 0
0 0 0 0 0 0 0 0 0
4374 2 0 0 0 0 0 0 0
4748 0 0 0 0 0 0 0 0
4421 2 0 0 0 0 0 0 0
3948 0 0 0 0 0 0 0 0
7229 21 0 0 0 0 0 0 0
0 0 0 0 0 0 0 0 0
0 0 0 0 0 0 0 0 0
7208 2 0 0 0 0 0 0 0
0 0 0 0 0 0 0 0 0
0 0 0 0 0 0 0 0 0
0 0 0 0 0 0 0 0 0
0 0 0 0 0 0 0 0 0
0 0 0 0 0 0 0 0 0
0 0 0 0 0 0 0 0 0
0 0 0 0 0 0 0 0 0
0 0 0 0 0 0 0 0 0
0 0 0 0 0 0 0 0 0
0 0 0 0 0 0 0 0 0
0 0 0 0 0 0 0 0 0
0 0 0 0 0 0 0 0 0
18901 2577 0 0 0 0 0 0 0
0 0 0 0 0 0 0 0 0
3578 40 0 0 0 0 0 0 0
0 0 0 0 0 0 0 0 0
0 0 0 0 0 0 0 0 0
4064 168 0 0 0 0 0 0 0
0 0 0 0 0 0 0 0 0
3337 31 0 0 0 0 0 0 0
0 0 0 0 0 0 0 0 0
0 0 0 0 0 0 0 0 0
3047 148 0 0 0 0 0 0 0
1121 16 0 0 0 0 0 0 0
2349 115 0 0 0 0 0 0 0
0 0 0 0 0 0 0 0 0
6708 228 0 0 0 0 0 0 0
0 0 0 0 0 0 0 0 0
0 0 0 0 0 0 0 0 0
4005 5 0 0 0 0 0 0 0
4214 2 0 0 0 0 0 0 0
7840 239 0 0 0 0 0 0 0
4512 36 0 0 0 0 0 0 0
0 0 0 0 0 0 0 0 0
8465 597 0 0 0 0 0 0 0
4560 97 0 0 0 0 0 0 0
0 0 0 0 0 0 0 0 0
6538 871 0 0 0 0 0 0 0
2088 150 0 0 0 0 0 0 0
0 1 0 0 0 0 0 0 0
2280 714 0 0 0 0 0 0 0
1762 107 0 0 0 0 0 0 0
2373 92 0 0 0 0 0 0 0
0 0 0 0 0 0 0 0 0
5070 273 0 0 0 0 0 0 0
0 0 0 0 0 0 0 0 0
2006 12 0 0 0 0 0 0 0
5260 50 0 0 0 0 0 0 0
2968 0 0 0 0 0 0 0 0
4731 4 0 0 0 0 0 0 0
2532 0 0 0 0 0 0 0 0
0 0 0 0 0 0 0 0 0
2682 0 0 0 0 0 0 0 0
2419 1 0 0 0 0 0 0 0
0 0 0 0 0 0 0 0 0
4519 0 0 0 0 0 0 0 0
2170 0 0 0 0 0 0 0 0
0 0 0 0 0 0 0 0 0
0 0 0 0 0 0 0 0 0
4775 0 0 0 0 0 0 0 0
1421 0 0 0 0 0 0 0 0
5351 0 0 0 0 0 0 0 0
4546 0 0 0 0 0 0 0 0
0 0 0 0 0 0 0 0 0
4833 0 0 0 0 0 0 0 0
0 0 0 0 0 0 0 0 0
6446 0 0 0 0 0 0 0 0
2338 0 0 0 0 0 0 0 0
0 0 0 0 0 0 0 0 0
0 0 0 0 0 0 0 0 0
6821 0 0 0 0 0 0 0 0
3228 0 0 0 0 0 0 0 0
739 0 0 0 0 0 0 0 0
3842 0 0 0 0 0 0 0 0
1109 0 0 0 0 0 0 0 0
0 0 0 0 0 0 0 0 0
0 0 0 0 0 0 0 0 0
4666 3 0 0 0 0 0 0 0
3535 0 0 0 0 0 0 0 0
0 0 0 0 0 0 0 0 0
1265 1 0 0 0 0 0 0 0
0 0 0 0 0 0 0 0 0
356 0 0 0 0 0 0 0 0
319 12 0 0 0 0 0 0 0
1310 10 0 0 0 0 0 0 0
1758 0 0 0 0 0 0 0 0
5363 27 0 0 0 0 0 0 0
0 0 0 0 0 0 0 0 0
2972 1 0 0 0 0 0 0 0
2831 0 0 0 0 0 0 0 0
2950 3 0 0 0 0 0 0 0
2303 0 0 0 0 0 0 0 0
2081 2 0 0 0 0 0 0 0
0 0 0 0 0 0 0 0 0
428 4 0 0 0 0 0 0 0
652 5 0 0 0 0 0 0 0
2120 13 0 0 0 0 0 0 0
662 0 0 0 0 0 0 0 0
0 1 0 0 0 0 0 0 0
0 1 0 0 0 0 0 0 0
1663 0 0 0 0 0 0 0 0
0 0 0 0 0 0 0 0 0
475 0 0 0 0 0 0 0 0
682 0 0 0 0 0 0 0 0
890 0 0 0 0 0 0 0 0
0 0 0 0 0 0 0 0 0
2284 1 0 0 0 0 0 0 0
0 0 0 0 0 0 0 0 0
770 0 0 0 0 0 0 0 0
710 0 0 0 0 0 0 0 0
855 0 0 0 0 0 0 0 0
0 0 0 0 0 0 0 0 0
3385 0 0 0 0 0 0 0 0
1865 0 0 0 0 0 0 0 0
1763 0 0 0 0 0 0 0 0
1596 0 0 0 0 0 0 0 0
5095 4 0 0 0 0 0 0 0
0 0 0 0 0 0 0 0 0
0 0 0 0 0 0 0 0 0
3604 0 0 0 0 0 0 0 0
1560 0 0 0 0 0 0 0 0
1367 0 0 0 0 0 0 0 0
1051 2 0 0 0 0 0 0 0
0 0 0 0 0 0 0 0 0
0 0 0 0 0 0 0 0 0
0 0 0 0 0 0 0 0 0
0 0 0 0 0 0 0 0 0
0 0 0 0 0 0 0 0 0
0 0 0 0 0 0 0 0 0
0 0 0 0 0 0 0 0 0
0 0 0 0 0 0 0 0 0
0 0 0 0 0 0 0 0 0
477 0 0 0 0 0 0 0 0
1271 0 0 0 0 0 0 0 0
1675 0 0 0 0 0 0 0 0
0 0 0 0 0 0 0 0 0
3743 0 0 0 0 0 0 0 0
1179 0 0 0 0 0 0 0 0
594 0 0 0 0 0 0 0 0
0 0 0 0 0 0 0 0 0
1194 127 0 0 0 0 0 0 0
0 0 0 0 0 0 0 0 0
0 0 0 0 0 0 0 0 0
273 0 0 0 0 0 0 0 0
19 0 0 0 0 0 0 0 0
58 0 0 0 0 0 0 0 0
0 0 0 0 0 0 0 0 0
0 0 0 0 0 0 0 0 0
3651 494 0 0 0 0 0 0 0
0 0 0 0 0 0 0 0 0
4769 1656 0 0 0 0 0 0 0
5975 1757 0 0 0 0 0 0 0
2735 236 0 0 0 0 0 0 0
0 0 0 0 0 0 0 0 0
3957 610 0 0 0 0 0 0 0
1519 126 0 0 0 0 0 0 0
1865 93 0 0 0 0 0 0 0
2131 130 0 0 0 0 0 0 0
1582 272 0 0 0 0 0 0 0
0 1 0 0 0 0 0 0 0
2576 2165 0 0 0 0 0 0 0
744 765 0 0 0 0 0 0 0
913 963 0 0 0 0 0 0 0
3104 2780 0 0 0 0 0 0 0
1157 621 0 0 0 0 0 0 0
0 0 0 0 0 0 0 0 0
0 0 0 0 0 0 0 0 0
2802 1281 0 0 0 0 0 0 0
0 0 0 0 0 0 0 0 0
0 0 0 0 0 0 0 0 0
5967 4051 0 0 0 0 0 0 0
0 0 0 0 0 0 0 0 0
0 0 0 0 0 0 0 0 0
5220 7158 0 0 0 0 0 0 0
5637 8350 0 0 0 0 0 0 0
2768 3558 0 0 0 0 0 0 0
0 0 0 0 0 0 0 0 0
0 0 0 0 0 0 0 0 0
6162 6444 0 0 0 0 0 0 0
2998 1827 0 0 0 0 0 0 0
6661 3697 0 0 0 0 0 0 0
0 0 0 0 0 0 0 0 0
7280 2624 0 0 0 0 0 0 0
0 0 0 0 0 0 0 0 0
0 0 0 0 0 0 0 0 0
6544 5992 0 0 0 0 0 0 0
1317 1229 0 0 0 0 0 0 0
943 1207 0 0 0 0 0 0 0
0 0 0 0 0 0 0 0 0
0 0 0 0 0 0 0 0 0
0 0 0 0 0 0 0 0 0
1800 5606 0 0 0 0 0 0 0
2947 1656 0 0 0 0 0 0 0
0 0 0 0 0 0 0 0 0
0 0 0 0 0 0 0 0 0
0 0 0 0 0 0 0 0 0
5595 2309 0 0 0 0 0 0 0
3654 466 0 0 0 0 0 0 0
0 0 0 0 0 0 0 0 0
5522 407 0 0 0 0 0 0 0
2806 320 0 0 0 0 0 0 0
0 0 0 0 0 0 0 0 0
0 0 0 0 0 0 0 0 0
4351 2459 0 0 0 0 0 0 0
3383 3123 0 0 0 0 0 0 0
679 957 0 0 0 0 0 0 0
0 0 0 0 0 0 0 0 0
0 0 0 0 0 0 0 0 0
1817 3125 0 0 0 0 0 0 0
2699 3138 0 0 0 0 0 0 0
0 0 0 0 0 0 0 0 0
3891 2835 0 0 0 0 0 0 0
2160 894 0 0 0 0 0 0 0
0 0 0 0 0 0 0 0 0
2343 851 0 0 0 0 0 0 0
2260 856 0 0 0 0 0 0 0
3990 3170 0 0 0 0 0 0 0
1196 581 0 0 0 0 0 0 0
927 414 0 0 0 0 0 0 0
0 0 0 0 0 0 0 0 0
1226 889 0 0 0 0 0 0 0
124 51 0 0 0 0 0 0 0
617 69 0 0 0 0 0 0 0
4092 1263 0 0 0 0 0 0 0
2455 626 0 0 0 0 0 0 0
0 0 0 0 0 0 0 0 0
2888 898 0 0 0 0 0 0 0
3260 1183 0 0 0 0 0 0 0
7053 4593 0 0 0 0 0 0 0
0 0 0 0 0 0 0 0 0
9679 7939 0 0 0 0 0 0 0
0 0 0 0 0 0 0 0 0
0 0 0 0 0 0 0 0 0
5519 2432 0 0 0 0 0 0 0
0 0 0 0 0 0 0 0 0
0 0 0 0 0 0 0 0 0
5480 1988 0 0 0 0 0 0 0
0 0 0 0 0 0 0 0 0
1231 386 0 0 0 0 0 0 0
757 636 0 0 0 0 0 0 0
519 651 0 0 0 0 0 0 0
1704 3709 0 0 0 0 0 0 0
148 76 0 0 0 0 0 0 0
0 0 0 0 0 0 0 0 0
0 0 0 0 0 0 0 0 0
314 413 0 0 0 0 0 0 0
106 126 0 0 0 0 0 0 0
1229 663 0 0 0 0 0 0 0
229 1347 0 0 0 0 0 0 0
0 0 0 0 0 0 0 0 0
0 0 0 0 0 0 0 0 0
0 0 0 0 0 0 0 0 0
1888 7334 0 0 0 0 0 0 0
709 310 0 0 0 0 0 0 0
0 0 0 0 0 0 0 0 0
0 0 0 0 0 0 0 0 0
3614 765 0 0 0 0 0 0 0
1402 22 0 0 0 0 0 0 0
1306 40 0 0 0 0 0 0 0
0 0 0 0 0 0 0 0 0
0 0 0 0 0 0 0 0 0
0 0 0 0 0 0 0 0 0
3958 991 0 0 0 0 0 0 0
2969 311 0 0 0 0 0 0 0
0 0 0 0 0 0 0 0 0
3511 694 0 0 0 0 0 0 0
0 0 0 0 0 0 0 0 0
0 0 0 0 0 0 0 0 0
2265 50 0 0 0 0 0 0 0
1010 24 0 0 0 0 0 0 0
1316 8 0 0 0 0 0 0 0
4265 163 0 0 0 0 0 0 0
0 0 0 0 0 0 0 0 0
0 0 0 0 0 0 0 0 0
5628 113 0 0 0 0 0 0 0
3374 2 0 0 0 0 0 0 0
3298 0 0 0 0 0 0 0 0
6279 0 0 0 0 0 0 0 0
2305 13 0 0 0 0 0 0 0
0 0 0 0 0 0 0 0 0
2018 3 0 0 0 0 0 0 0
3848 87 0 0 0 0 0 0 0
1536 0 0 0 0 0 0 0 0
1516 9 0 0 0 0 0 0 0
0 0 0 0 0 0 0 0 0
0 0 0 0 0 0 0 0 0
3382 90 0 0 0 0 0 0 0
3877 110 0 0 0 0 0 0 0
0 0 0 0 0 0 0 0 0
5290 116 0 0 0 0 0 0 0
5489 124 0 0 0 0 0 0 0
0 0 0 0 0 0 0 0 0
0 0 0 0 0 0 0 0 0
0 0 0 0 0 0 0 0 0
6365 1024 0 0 0 0 0 0 0
0 0 0 0 0 0 0 0 0
5219 932 0 0 0 0 0 0 0
0 0 0 0 0 0 0 0 0
0 0 0 0 0 0 0 0 0
8558 376 0 0 0 0 0 0 0
4218 3 0 0 0 0 0 0 0
7548 309 0 0 0 0 0 0 0
3533 9 0 0 0 0 0 0 0
0 0 0 0 0 0 0 0 0
3265 12 0 0 0 0 0 0 0
0 0 0 0 0 0 0 0 0
5417 53 0 0 0 0 0 0 0
2720 8 0 0 0 0 0 0 0
3248 5 0 0 0 0 0 0 0
0 0 0 0 0 0 0 0 0
6632 50 0 0 0 0 0 0 0
0 0 0 0 0 0 0 0 0
6561 193 0 0 0 0 0 0 0
5697 322 0 0 0 0 0 0 0
0 0 0 0 0 0 0 0 0
0 0 0 0 0 0 0 0 0
6191 247 0 0 0 0 0 0 0
3429 13 0 0 0 0 0 0 0
4031 0 0 0 0 0 0 0 0
8966 39 0 0 0 0 0 0 0
4749 1 0 0 0 0 0 0 0
0 0 0 0 0 0 0 0 0
4558 5 0 0 0 0 0 0 0
0 0 0 0 0 0 0 0 0
9859 227 0 0 0 0 0 0 0
2053 5 0 0 0 0 0 0 0
5212 250 0 0 0 0 0 0 0
0 0 0 0 0 0 0 0 0
2875 17 0 0 0 0 0 0 0
3632 31 0 0 0 0 0 0 0
0 0 0 0 0 0 0 0 0
7923 145 0 0 0 0 0 0 0
0 0 0 0 0 0 0 0 0
0 0 0 0 0 0 0 0 0
9735 1093 0 0 0 0 0 0 0
0 0 0 0 0 0 0 0 0
0 0 0 0 0 0 0 0 0
11568 719 0 0 0 0 0 0 0
0 6 0 0 0 0 0 0 0
0 6 0 0 0 0 0 0 0
7781 198 0 0 0 0 0 0 0
4157 0 0 0 0 0 0 0 0
3880 12 0 0 0 0 0 0 0
3602 0 0 0 0 0 0 0 0
6812 11 0 0 0 0 0 0 0
0 0 0 0 0 0 0 0 0
3202 0 0 0 0 0 0 0 0
3595 0 0 0 0 0 0 0 0
6858 0 0 0 0 0 0 0 0
2965 0 0 0 0 0 0 0 0
0 0 0 0 0 0 0 0 0
0 0 0 0 0 0 0 0 0
8860 296 0 0 0 0 0 0 0
6651 99 0 0 0 0 0 0 0
7724 78 0 0 0 0 0 0 0
8686 36 0 0 0 0 0 0 0
12151 346 0 0 0 0 0 0 0
0 0 0 0 0 0 0 0 0
0 0 0 0 0 0 0 0 0
9898 622 0 0 0 0 0 0 0
0 0 0 0 0 0 0 0 0
0 0 0 0 0 0 0 0 0
9271 420 0 0 0 0 0 0 0
0 0 0 0 0 0 0 0 0
5159 7 0 0 0 0 0 0 0
5092 31 0 0 0 0 0 0 0
0 0 0 0 0 0 0 0 0
11359 505 0 0 0 0 0 0 0
0 0 0 0 0 0 0 0 0
0 0 0 0 0 0 0 0 0
6860 124 0 0 0 0 0 0 0
6390 64 0 0 0 0 0 0 0
3370 4 0 0 0 0 0 0 0
0 0 0 0 0 0 0 0 0
6769 66 0 0 0 0 0 0 0
0 0 0 0 0 0 0 0 0
3881 1 0 0 0 0 0 0 0
2812 5 0 0 0 0 0 0 0
1573 1 0 0 0 0 0 0 0
3865 41 0 0 0 0 0 0 0
970 23 0 0 0 0 0 0 0
0 0 0 0 0 0 0 0 0
241 12 0 0 0 0 0 0 0
2805 196 0 0 0 0 0 0 0
2086 20 0 0 0 0 0 0 0
0 0 0 0 0 0 0 0 0
3917 69 0 0 0 0 0 0 0
0 0 0 0 0 0 0 0 0
1550 3 0 0 0 0 0 0 0
1267 4 0 0 0 0 0 0 0
2708 3 0 0 0 0 0 0 0
0 0 0 0 0 0 0 0 0
2675 0 0 0 0 0 0 0 0
0 0 0 0 0 0 0 0 0
0 0 0 0 0 0 0 0 0
0 0 0 0 0 0 0 0 0
2208 4 0 0 0 0 0 0 0
2400 2 0 0 0 0 0 0 0
0 0 0 0 0 0 0 0 0
0 0 0 0 0 0 0 0 0
3337 0 0 0 0 0 0 0 0
0 0 0 0 0 0 0 0 0
5732 0 0 0 0 0 0 0 0
8714 7 0 0 0 0 0 0 0
0 0 0 0 0 0 0 0 0
3558 0 0 0 0 0 0 0 0
3208 0 0 0 0 0 0 0 0
0 0 0 0 0 0 0 0 0
6554 22 0 0 0 0 0 0 0
1451 0 0 0 0 0 0 0 0
0 0 0 0 0 0 0 0 0
654 0 0 0 0 0 0 0 0
434 0 0 0 0 0 0 0 0
0 0 0 0 0 0 0 0 0
3587 34 0 0 0 0 0 0 0
0 0 0 0 0 0 0 0 0
0 0 0 0 0 0 0 0 0
2393 100 0 0 0 0 0 0 0
1524 76 0 0 0 0 0 0 0
0 0 0 0 0 0 0 0 0
998 31 0 0 0 0 0 0 0
343 0 0 0 0 0 0 0 0
0 0 0 0 0 0 0 0 0
0 0 0 0 0 0 0 0 0
0 0 0 0 0 0 0 0 0
0 0 0 0 0 0 0 0 0
0 0 0 0 0 0 0 0 0
0 0 0 0 0 0 0 0 0
0 0 0 0 0 0 0 0 0
0 0 0 0 0 0 0 0 0
0 0 0 0 0 0 0 0 0
0 0 0 0 0 0 0 0 0
556 2 0 0 0 0 0 0 0
2661 50 0 0 0 0 0 0 0
0 0 0 0 0 0 0 0 0
0 0 0 0 0 0 0 0 0
1656 1 0 0 0 0 0 0 0
0 0 0 0 0 0 0 0 0
1924 23 0 0 0 0 0 0 0
284 0 0 0 0 0 0 0 0
0 0 0 0 0 0 0 0 0
0 0 0 0 0 0 0 0 0
2860 20 0 0 0 0 0 0 0
1385 0 0 0 0 0 0 0 0
1218 0 0 0 0 0 0 0 0
1979 4 0 0 0 0 0 0 0
0 0 0 0 0 0 0 0 0
146 15 0 0 0 0 0 0 0
225 20 0 0 0 0 0 0 0
1361 1 0 0 0 0 0 0 0
505 0 0 0 0 0 0 0 0
381 0 0 0 0 0 0 0 0
0 0 0 0 0 0 0 0 0
0 0 0 0 0 0 0 0 0
319 4 0 0 0 0 0 0 0
883 0 0 0 0 0 0 0 0
0 0 0 0 0 0 0 0 0
4105 0 0 0 0 0 0 0 0
0 0 0 0 0 0 0 0 0
0 0 0 0 0 0 0 0 0
3080 0 0 0 0 0 0 0 0
6093 0 0 0 0 0 0 0 0
3016 0 0 0 0 0 0 0 0
2756 0 0 0 0 0 0 0 0
0 0 0 0 0 0 0 0 0
2438 0 0 0 0 0 0 0 0
4028 2 0 0 0 0 0 0 0
1296 0 0 0 0 0 0 0 0
0 0 0 0 0 0 0 0 0
4544 18 0 0 0 0 0 0 0
0 0 0 0 0 0 0 0 0
0 0 0 0 0 0 0 0 0
3454 2 0 0 0 0 0 0 0
0 0 0 0 0 0 0 0 0
2835 1 0 0 0 0 0 0 0
1528 2 0 0 0 0 0 0 0
0 0 0 0 0 0 0 0 0
762 8 0 0 0 0 0 0 0
2528 156 0 0 0 0 0 0 0
1002 169 0 0 0 0 0 0 0
1065 167 0 0 0 0 0 0 0
2716 947 0 0 0 0 0 0 0
0 0 0 0 0 0 0 0 0
1130 114 0 0 0 0 0 0 0
0 0 0 0 0 0 0 0 0
3351 273 0 0 0 0 0 0 0
3069 53 0 0 0 0 0 0 0
0 0 0 0 0 0 0 0 0
0 0 0 0 0 0 0 0 0
1692 12 0 0 0 0 0 0 0
486 0 0 0 0 0 0 0 0
1694 0 0 0 0 0 0 0 0
0 0 0 0 0 0 0 0 0
1632 0 0 0 0 0 0 0 0
0 0 0 0 0 0 0 0 0
479 0 0 0 0 0 0 0 0
2120 0 0 0 0 0 0 0 0
0 0 0 0 0 0 0 0 0
2986 0 0 0 0 0 0 0 0
1021 0 0 0 0 0 0 0 0
0 0 0 0 0 0 0 0 0
864 0 0 0 0 0 0 0 0
1653 0 0 0 0 0 0 0 0
655 0 0 0 0 0 0 0 0
2050 1 0 0 0 0 0 0 0
1270 0 0 0 0 0 0 0 0
0 0 0 0 0 0 0 0 0
2096 2 0 0 0 0 0 0 0
2328 0 0 0 0 0 0 0 0
2349 2 0 0 0 0 0 0 0
4928 105 0 0 0 0 0 0 0
1947 69 0 0 0 0 0 0 0
0 0 0 0 0 0 0 0 0
0 0 0 0 0 0 0 0 0
1780 1008 0 0 0 0 0 0 0
1253 93 0 0 0 0 0 0 0
1335 54 0 0 0 0 0 0 0
0 1 0 0 0 0 0 0 0
0 0 0 0 0 0 0 0 0
4713 1245 0 0 0 0 0 0 0
0 0 0 0 0 0 0 0 0
4063 1308 0 0 0 0 0 0 0
0 0 0 0 0 0 0 0 0
2399 568 0 0 0 0 0 0 0
0 0 0 0 0 0 0 0 0
1360 607 0 0 0 0 0 0 0
232 9 0 0 0 0 0 0 0
469 11 0 0 0 0 0 0 0
507 27 0 0 0 0 0 0 0
0 0 0 0 0 0 0 0 0
0 0 0 0 0 0 0 0 0
2249 245 0 0 0 0 0 0 0
233 9 0 0 0 0 0 0 0
127 10 0 0 0 0 0 0 0
1087 341 0 0 0 0 0 0 0
437 136 0 0 0 0 0 0 0
0 0 0 0 0 0 0 0 0
0 0 0 0 0 0 0 0 0
1709 577 0 0 0 0 0 0 0
836 119 0 0 0 0 0 0 0
0 0 0 0 0 0 0 0 0
2143 1245 0 0 0 0 0 0 0
0 0 0 0 0 0 0 0 0
4306 284 0 0 0 0 0 0 0
0 0 0 0 0 0 0 0 0
0 0 0 0 0 0 0 0 0
5644 359 0 0 0 0 0 0 0
1133 295 0 0 0 0 0 0 0
0 0 0 0 0 0 0 0 0
0 0 0 0 0 0 0 0 0
0 0 0 0 0 0 0 0 0
3387 601 0 0 0 0 0 0 0
3566 36 0 0 0 0 0 0 0
0 0 0 0 0 0 0 0 0
0 0 0 0 0 0 0 0 0
3649 41 0 0 0 0 0 0 0
2147 25 0 0 0 0 0 0 0
5183 112 0 0 0 0 0 0 0
0 0 0 0 0 0 0 0 0
5956 112 0 0 0 0 0 0 0
0 0 0 0 0 0 0 0 0
3487 20 0 0 0 0 0 0 0
6163 297 0 0 0 0 0 0 0
2854 112 0 0 0 0 0 0 0
2826 86 0 0 0 0 0 0 0
3019 84 0 0 0 0 0 0 0
0 0 0 0 0 0 0 0 0
3355 30 0 0 0 0 0 0 0
7346 539 0 0 0 0 0 0 0
0 0 0 0 0 0 0 0 0
33696 40732 0 0 0 0 0 0 0
0 0 0 0 0 0 0 0 0
0 0 0 0 0 0 0 0 0
1 0 0 0 0 0 0 0 0
3710 4558 0 0 0 0 0 0 0
0 0 0 0 0 0 0 0 0
915 2089 0 0 0 0 0 0 0
977 4544 0 0 0 0 0 0 0
4101 4905 0 0 0 0 0 0 0
0 0 0 0 0 0 0 0 0
0 0 0 0 0 0 0 0 0
0 0 0 0 0 0 0 0 0
9975 9430 0 0 0 0 0 0 0
8080 6891 0 0 0 0 0 0 0
0 0 0 0 0 0 0 0 0
0 0 0 0 0 0 0 0 0
12944 10060 0 0 0 0 0 0 0
0 0 0 0 0 0 0 0 0
9571 6012 0 0 0 0 0 0 0
6092 6063 0 0 0 0 0 0 0
1947 2330 0 0 0 0 0 0 0
0 0 0 0 0 0 0 0 0
2416 4993 0 0 0 0 0 0 0
0 0 0 0 0 0 0 0 0
681 1828 0 0 0 0 0 0 0
0 0 0 0 0 0 0 0 0
0 0 0 0 0 0 0 0 0
3977 5058 0 0 0 0 0 0 0
1287 631 0 0 0 0 0 0 0
0 0 0 0 0 0 0 0 0
1239 534 0 0 0 0 0 0 0
0 0 0 0 0 0 0 0 0
5150 1774 0 0 0 0 0 0 0
4688 876 0 0 0 0 0 0 0
0 0 0 0 0 0 0 0 0
0 0 0 0 0 0 0 0 0
0 0 0 0 0 0 0 0 0
7955 1912 0 0 0 0 0 0 0
1925 345 0 0 0 0 0 0 0
1486 360 0 0 0 0 0 0 0
2846 1786 0 0 0 0 0 0 0
0 0 0 0 0 0 0 0 0
1840 843 0 0 0 0 0 0 0
0 0 0 0 0 0 0 0 0
6428 3895 0 0 0 0 0 0 0
0 0 0 0 0 0 0 0 0
3604 1584 0 0 0 0 0 0 0
0 0 0 0 0 0 0 0 0
0 0 0 0 0 0 0 0 0
5055 1423 0 0 0 0 0 0 0
0 0 0 0 0 0 0 0 0
1832 1428 0 0 0 0 0 0 0
1260 1476 0 0 0 0 0 0 0
0 2 0 0 0 0 0 0 0
66 450 0 0 0 0 0 0 0
0 0 0 0 0 0 0 0 0
0 0 0 0 0 0 0 0 0
1852 2214 0 0 0 0 0 0 0
2004 718 0 0 0 0 0 0 0
0 0 0 0 0 0 0 0 0
0 0 0 0 0 0 0 0 0
2875 74 0 0 0 0 0 0 0
3965 92 0 0 0 0 0 0 0
0 0 0 0 0 0 0 0 0
5763 827 0 0 0 0 0 0 0
0 0 0 0 0 0 0 0 0
3064 124 0 0 0 0 0 0 0
2993 246 0 0 0 0 0 0 0
4911 1325 0 0 0 0 0 0 0
3186 405 0 0 0 0 0 0 0
3044 297 0 0 0 0 0 0 0
0 0 0 0 0 0 0 0 0
3379 504 0 0 0 0 0 0 0
0 0 0 0 0 0 0 0 0
8368 2768 0 0 0 0 0 0 0
0 0 0 0 0 0 0 0 0
9508 2039 0 0 0 0 0 0 0
0 0 0 0 0 0 0 0 0
0 0 0 0 0 0 0 0 0
7242 550 0 0 0 0 0 0 0
0 0 0 0 0 0 0 0 0
6996 193 0 0 0 0 0 0 0
2959 27 0 0 0 0 0 0 0
0 0 0 0 0 0 0 0 0
4174 8 0 0 0 0 0 0 0
0 0 0 0 0 0 0 0 0
2655 2 0 0 0 0 0 0 0
2319 40 0 0 0 0 0 0 0
588 1 0 0 0 0 0 0 0
0 0 0 0 0 0 0 0 0
0 0 0 0 0 0 0 0 0
2026 50 0 0 0 0 0 0 0
0 0 0 0 0 0 0 0 0
0 0 0 0 0 0 0 0 0
5431 13 0 0 0 0 0 0 0
0 0 0 0 0 0 0 0 0
1683 0 0 0 0 0 0 0 0
1419 0 0 0 0 0 0 0 0
0 0 0 0 0 0 0 0 0
7168 13 0 0 0 0 0 0 0
2062 0 0 0 0 0 0 0 0
0 0 0 0 0 0 0 0 0
3224 4 0 0 0 0 0 0 0
0 0 0 0 0 0 0 0 0
1993 4 0 0 0 0 0 0 0
922 4 0 0 0 0 0 0 0
0 0 0 0 0 0 0 0 0
0 0 0 0 0 0 0 0 0
3668 14 0 0 0 0 0 0 0
4034 27 0 0 0 0 0 0 0
0 0 0 0 0 0 0 0 0
0 0 0 0 0 0 0 0 0
5422 112 0 0 0 0 0 0 0
0 0 0 0 0 0 0 0 0
0 0 0 0 0 0 0 0 0
5597 164 0 0 0 0 0 0 0
1843 6 0 0 0 0 0 0 0
1647 117 0 0 0 0 0 0 0
0 0 0 0 0 0 0 0 0
0 0 0 0 0 0 0 0 0
4255 4958 0 0 0 0 0 0 0
1272 1416 0 0 0 0 0 0 0
1408 1883 0 0 0 0 0 0 0
0 0 0 0 0 0 0 0 0
6339 11839 0 0 0 0 0 0 0
0 0 0 0 0 0 0 0 0
0 0 0 0 0 0 0 0 0
6862 8176 0 0 0 0 0 0 0
3727 3342 0 0 0 0 0 0 0
3438 2933 0 0 0 0 0 0 0
6328 7391 0 0 0 0 0 0 0
0 0 0 0 0 0 0 0 0
2122 2853 0 0 0 0 0 0 0
0 0 0 0 0 0 0 0 0
4579 6442 0 0 0 0 0 0 0
1757 2262 0 0 0 0 0 0 0
3604 4593 0 0 0 0 0 0 0
0 0 0 0 0 0 0 0 0
647 1695 0 0 0 0 0 0 0
0 0 0 0 0 0 0 0 0
1133 4289 0 0 0 0 0 0 0
2080 4207 0 0 0 0 0 0 0
1078 1600 0 0 0 0 0 0 0
0 0 0 0 0 0 0 0 0
0 0 0 0 0 0 0 0 0
0 0 0 0 0 0 0 0 0
3686 4511 0 0 0 0 0 0 0
1932 1344 0 0 0 0 0 0 0
0 0 0 0 0 0 0 0 0
0 0 0 0 0 0 0 0 0
2040 2999 0 0 0 0 0 0 0
611 1582 0 0 0 0 0 0 0
332 1522 0 0 0 0 0 0 0
407 1405 0 0 0 0 0 0 0
1132 3069 0 0 0 0 0 0 0
0 0 0 0 0 0 0 0 0
229 522 0 0 0 0 0 0 0
333 325 0 0 0 0 0 0 0
1167 1187 0 0 0 0 0 0 0
0 0 0 0 0 0 0 0 0
0 0 0 0 0 0 0 0 0
0 0 0 0 0 0 0 0 0
2141 1459 0 0 0 0 0 0 0
773 38 0 0 0 0 0 0 0
758 41 0 0 0 0 0 0 0
0 0 0 0 0 0 0 0 0
4651 351 0 0 0 0 0 0 0
0 0 0 0 0 0 0 0 0
1101 16 0 0 0 0 0 0 0
851 8 0 0 0 0 0 0 0
0 0 0 0 0 0 0 0 0
2931 383 0 0 0 0 0 0 0
2919 143 0 0 0 0 0 0 0
0 0 0 0 0 0 0 0 0
0 0 0 0 0 0 0 0 0
2712 138 0 0 0 0 0 0 0
0 0 0 0 0 0 0 0 0
3277 22 0 0 0 0 0 0 0
1427 13 0 0 0 0 0 0 0
0 0 0 0 0 0 0 0 0
3469 12 0 0 0 0 0 0 0
1897 14 0 0 0 0 0 0 0
0 0 0 0 0 0 0 0 0
0 0 0 0 0 0 0 0 0
4693 398 0 0 0 0 0 0 0
0 0 0 0 0 0 0 0 0
2938 18 0 0 0 0 0 0 0
3471 26 0 0 0 0 0 0 0
7039 91 0 0 0 0 0 0 0
0 0 0 0 0 0 0 0 0
6113 117 0 0 0 0 0 0 0
0 0 0 0 0 0 0 0 0
2740 28 0 0 0 0 0 0 0
5784 56 0 0 0 0 0 0 0
1798 7 0 0 0 0 0 0 0
0 0 0 0 0 0 0 0 0
3338 106 0 0 0 0 0 0 0
0 0 0 0 0 0 0 0 0
458 0 0 0 0 0 0 0 0
372 1 0 0 0 0 0 0 0
46 5 0 0 0 0 0 0 0
0 0 0 0 0 0 0 0 0
404 5 0 0 0 0 0 0 0
0 0 0 0 0 0 0 0 0
43 3 0 0 0 0 0 0 0
493 15 0 0 0 0 0 0 0
74 1 0 0 0 0 0 0 0
44 4 0 0 0 0 0 0 0
0 0 0 0 0 0 0 0 0
0 0 0 0 0 0 0 0 0
244 7 0 0 0 0 0 0 0
23 0 0 0 0 0 0 0 0
181 0 0 0 0 0 0 0 0
0 0 0 0 0 0 0 0 0
689 2 0 0 0 0 0 0 0
0 0 0 0 0 0 0 0 0
0 0 0 0 0 0 0 0 0
535 0 0 0 0 0 0 0 0
0 0 0 0 0 0 0 0 0
1063 2 0 0 0 0 0 0 0
0 0 0 0 0 0 0 0 0
0 0 0 0 0 0 0 0 0
633 0 0 0 0 0 0 0 0
112 0 0 0 0 0 0 0 0
0 0 0 0 0 0 0 0 0
332 0 0 0 0 0 0 0 0
0 0 0 0 0 0 0 0 0
0 0 0 0 0 0 0 0 0
850 19 0 0 0 0 0 0 0
46 1 0 0 0 0 0 0 0
39 1 0 0 0 0 0 0 0
264 3 0 0 0 0 0 0 0
83 1 0 0 0 0 0 0 0
0 0 0 0 0 0 0 0 0
50 1 0 0 0 0 0 0 0
39 0 0 0 0 0 0 0 0
0 0 0 0 0 0 0 0 0
244 16 0 0 0 0 0 0 0
59 2 0 0 0 0 0 0 0
0 0 0 0 0 0 0 0 0
604 0 0 0 0 0 0 0 0
76 0 0 0 0 0 0 0 0
27 0 0 0 0 0 0 0 0
56 3 0 0 0 0 0 0 0
23 0 0 0 0 0 0 0 0
0 0 0 0 0 0 0 0 0
64 0 0 0 0 0 0 0 0
241 0 0 0 0 0 0 0 0
353 0 0 0 0 0 0 0 0
0 0 0 0 0 0 0 0 0
1562 38 0 0 0 0 0 0 0
0 0 0 0 0 0 0 0 0
343 0 0 0 0 0 0 0 0
0 0 0 0 0 0 0 0 0
1831 0 0 0 0 0 0 0 0
485 0 0 0 0 0 0 0 0
1992 0 0 0 0 0 0 0 0
0 0 0 0 0 0 0 0 0
1398 1 0 0 0 0 0 0 0
2036 0 0 0 0 0 0 0 0
0 0 0 0 0 0 0 0 0
3970 0 0 0 0 0 0 0 0
871 0 0 0 0 0 0 0 0
0 0 0 0 0 0 0 0 0
0 0 0 0 0 0 0 0 0
2979 77 0 0 0 0 0 0 0
956 0 0 0 0 0 0 0 0
2415 1 0 0 0 0 0 0 0
0 0 0 0 0 0 0 0 0
0 0 0 0 0 0 0 0 0
0 0 0 0 0 0 0 0 0
2803 9 0 0 0 0 0 0 0
3076 0 0 0 0 0 0 0 0
5825 0 0 0 0 0 0 0 0
3469 0 0 0 0 0 0 0 0
0 0 0 0 0 0 0 0 0
0 0 0 0 0 0 0 0 0
8311 5 0 0 0 0 0 0 0
0 0 0 0 0 0 0 0 0
0 0 0 0 0 0 0 0 0
12685 48 0 0 0 0 0 0 0
0 0 0 0 0 0 0 0 0
10923 3 0 0 0 0 0 0 0
6463 0 0 0 0 0 0 0 0
0 0 0 0 0 0 0 0 0
10229 5 0 0 0 0 0 0 0
9960 2 0 0 0 0 0 0 0
0 0 0 0 0 0 0 0 0
0 0 0 0 0 0 0 0 0
0 0 0 0 0 0 0 0 0
12193 3 0 0 0 0 0 0 0
8844 3 0 0 0 0 0 0 0
0 0 0 0 0 0 0 0 0
0 0 0 0 0 0 0 0 0
8690 0 0 0 0 0 0 0 0
3802 0 0 0 0 0 0 0 0
2924 4 0 0 0 0 0 0 0
2554 10 0 0 0 0 0 0 0
1935 2 0 0 0 0 0 0 0
0 0 0 0 0 0 0 0 0
2335 1 0 0 0 0 0 0 0
0 0 0 0 0 0 0 0 0
4739 26 0 0 0 0 0 0 0
0 0 0 0 0 0 0 0 0
9656 9 0 0 0 0 0 0 0
0 0 0 0 0 0 0 0 0
0 0 0 0 0 0 0 0 0
5862 370 0 0 0 0 0 0 0
0 0 0 0 0 0 0 0 0
5353 2387 0 0 0 0 0 0 0
1778 1486 0 0 0 0 0 0 0
0 0 0 0 0 0 0 0 0
2577 4892 0 0 0 0 0 0 0
0 0 0 0 0 0 0 0 0
743 3754 0 0 0 0 0 0 0
1035 1646 0 0 0 0 0 0 0
0 0 0 0 0 0 0 0 0
0 0 0 0 0 0 0 0 0
989 682 0 0 0 0 0 0 0
0 73 0 0 0 0 0 0 0
138 65 0 0 0 0 0 0 0
125 39 0 0 0 0 0 0 0
2009 476 0 0 0 0 0 0 0
0 0 0 0 0 0 0 0 0
0 0 0 0 0 0 0 0 0
0 0 0 0 0 0 0 0 0
0 0 0 0 0 0 0 0 0
0 0 0 0 0 0 0 0 0
0 0 0 0 0 0 0 0 0
0 0 0 0 0 0 0 0 0
0 0 0 0 0 0 0 0 0
0 0 0 0 0 0 0 0 0
1008 15 0 0 0 0 0 0 0
0 0 0 0 0 0 0 0 0
0 0 0 0 0 0 0 0 0
0 0 0 0 0 0 0 0 0
0 0 0 0 0 0 0 0 0
0 0 0 0 0 0 0 0 0
0 0 0 0 0 0 0 0 0
0 0 0 0 0 0 0 0 0
0 0 0 0 0 0 0 0 0
0 0 0 0 0 0 0 0 0
0 0 0 0 0 0 0 0 0
0 0 0 0 0 0 0 0 0
0 0 0 0 0 0 0 0 0
0 0 0 0 0 0 0 0 0
0 0 0 0 0 0 0 0 0
0 0 0 0 0 0 0 0 0
0 0 0 0 0 0 0 0 0
0 0 0 0 0 0 0 0 0
0 0 0 0 0 0 0 0 0
18227 8848 0 0 0 0 0 0 0
3205 39 0 0 0 0 0 0 0
0 0 0 0 0 0 0 0 0
3948 96 0 0 0 0 0 0 0
8158 1038 0 0 0 0 0 0 0
3091 798 0 0 0 0 0 0 0
2206 1333 0 0 0 0 0 0 0
1445 2048 0 0 0 0 0 0 0
0 0 0 0 0 0 0 0 0
3064 6511 0 0 0 0 0 0 0
1124 3692 0 0 0 0 0 0 0
902 3908 0 0 0 0 0 0 0
3701 9279 0 0 0 0 0 0 0
1923 3592 0 0 0 0 0 0 0
0 0 0 0 0 0 0 0 0
5249 11816 0 0 0 0 0 0 0
0 0 0 0 0 0 0 0 0
5647 16191 0 0 0 0 0 0 0
0 0 0 0 0 0 0 0 0
6021 13494 0 0 0 0 0 0 0
0 0 0 0 0 0 0 0 0
0 0 0 0 0 0 0 0 0
55229 44474 0 0 0 0 0 0 0
2875 909 0 0 0 0 0 0 0
3837 1062 0 0 0 0 0 0 0
4 0 0 0 0 0 0 0 0
2515 213 0 0 0 0 0 0 0
5809 356 0 0 0 0 0 0 0
0 0 0 0 0 0 0 0 0
0 0 0 0 0 0 0 0 0
9462 209 0 0 0 0 0 0 0
0 0 0 0 0 0 0 0 0
7202 1 0 0 0 0 0 0 0
0 0 0 0 0 0 0 0 0
5739 11 0 0 0 0 0 0 0
3864 26 0 0 0 0 0 0 0
0 0 0 0 0 0 0 0 0
0 0 0 0 0 0 0 0 0
3046 12 0 0 0 0 0 0 0
0 0 0 0 0 0 0 0 0
2230 1 0 0 0 0 0 0 0
2524 8 0 0 0 0 0 0 0
1121 0 0 0 0 0 0 0 0
0 0 0 0 0 0 0 0 0
0 0 0 0 0 0 0 0 0
0 0 0 0 0 0 0 0 0
3788 15 0 0 0 0 0 0 0
1222 28 0 0 0 0 0 0 0
0 0 0 0 0 0 0 0 0
0 0 0 0 0 0 0 0 0
780 1 0 0 0 0 0 0 0
0 0 0 0 0 0 0 0 0
4680 10 0 0 0 0 0 0 0
0 0 0 0 0 0 0 0 0
2720 0 0 0 0 0 0 0 0
0 0 0 0 0 0 0 0 0
1776 0 0 0 0 0 0 0 0
0 0 0 0 0 0 0 0 0
1594 0 0 0 0 0 0 0 0
0 0 0 0 0 0 0 0 0
1079 20 0 0 0 0 0 0 0
0 0 0 0 0 0 0 0 0
496 35 0 0 0 0 0 0 0
0 0 0 0 0 0 0 0 0
126 7 0 0 0 0 0 0 0
8 1 0 0 0 0 0 0 0
0 0 0 0 0 0 0 0 0
0 0 0 0 0 0 0 0 0
709 0 0 0 0 0 0 0 0
0 0 0 0 0 0 0 0 0
83 17 0 0 0 0 0 0 0
0 0 0 0 0 0 0 0 0
482 5 0 0 0 0 0 0 0
0 0 0 0 0 0 0 0 0
42 6 0 0 0 0 0 0 0
222 0 0 0 0 0 0 0 0
61 7 0 0 0 0 0 0 0
0 0 0 0 0 0 0 0 0
47 8 0 0 0 0 0 0 0
0 0 0 0 0 0 0 0 0
329 1 0 0 0 0 0 0 0
102 3 0 0 0 0 0 0 0
0 0 0 0 0 0 0 0 0
702 5 0 0 0 0 0 0 0
15 0 0 0 0 0 0 0 0
0 0 0 0 0 0 0 0 0
86 6 0 0 0 0 0 0 0
0 0 0 0 0 0 0 0 0
105 0 0 0 0 0 0 0 0
48 0 0 0 0 0 0 0 0
643 1 0 0 0 0 0 0 0
0 0 0 0 0 0 0 0 0
127 0 0 0 0 0 0 0 0
0 0 0 0 0 0 0 0 0
232 3 0 0 0 0 0 0 0
54 12 0 0 0 0 0 0 0
99 164 0 0 0 0 0 0 0
0 0 0 0 0 0 0 0 0
811 784 0 0 0 0 0 0 0
317 557 0 0 0 0 0 0 0
0 0 0 0 0 0 0 0 0
1075 1149 0 0 0 0 0 0 0
467 295 0 0 0 0 0 0 0
0 0 0 0 0 0 0 0 0
1375 393 0 0 0 0 0 0 0
556 135 0 0 0 0 0 0 0
0 0 0 0 0 0 0 0 0
1129 147 0 0 0 0 0 0 0
302 62 0 0 0 0 0 0 0
0 2 0 0 0 0 0 0 0
1273 240 0 0 0 0 0 0 0
0 0 0 0 0 0 0 0 0
1705 411 0 0 0 0 0 0 0
717 198 0 0 0 0 0 0 0
1959 668 0 0 0 0 0 0 0
0 0 0 0 0 0 0 0 0
587 240 0 0 0 0 0 0 0
0 0 0 0 0 0 0 0 0
0 0 0 0 0 0 0 0 0
1080 1195 0 0 0 0 0 0 0
21 194 0 0 0 0 0 0 0
21587 16976 0 0 0 0 0 0 0
1084 911 0 0 0 0 0 0 0
932 812 0 0 0 0 0 0 0
0 0 0 0 0 0 0 0 0
1412 6563 0 0 0 0 0 0 0
0 0 0 0 0 0 0 0 0
0 0 0 0 0 0 0 0 0
1202 4362 0 0 0 0 0 0 0
450 2363 0 0 0 0 0 0 0
176 1700 0 0 0 0 0 0 0
144 555 0 0 0 0 0 0 0
0 0 0 0 0 0 0 0 0
1661 1335 0 0 0 0 0 0 0
0 0 0 0 0 0 0 0 0
1520 1715 0 0 0 0 0 0 0
378 383 0 0 0 0 0 0 0
1691 1793 0 0 0 0 0 0 0
0 0 0 0 0 0 0 0 0
726 439 0 0 0 0 0 0 0
905 575 0 0 0 0 0 0 0
0 0 0 0 0 0 0 0 0
2023 1995 0 0 0 0 0 0 0
1001 560 0 0 0 0 0 0 0
0 0 0 0 0 0 0 0 0
3610 2460 0 0 0 0 0 0 0
0 0 0 0 0 0 0 0 0
5081 2021 0 0 0 0 0 0 0
3549 682 0 0 0 0 0 0 0
7547 2043 0 0 0 0 0 0 0
0 0 0 0 0 0 0 0 0
2784 635 0 0 0 0 0 0 0
2000 754 0 0 0 0 0 0 0
1593 1083 0 0 0 0 0 0 0
1375 1398 0 0 0 0 0 0 0
0 0 0 0 0 0 0 0 0
0 0 0 0 0 0 0 0 0
6112 5950 0 0 0 0 0 0 0
1353 849 0 0 0 0 0 0 0
2142 463 0 0 0 0 0 0 0
4996 1439 0 0 0 0 0 0 0
2828 256 0 0 0 0 0 0 0
0 0 0 0 0 0 0 0 0
0 0 0 0 0 0 0 0 0
10535 1400 0 0 0 0 0 0 0
0 0 0 0 0 0 0 0 0
8419 469 0 0 0 0 0 0 0
3487 32 0 0 0 0 0 0 0
0 0 0 0 0 0 0 0 0
3441 21 0 0 0 0 0 0 0
4249 20 0 0 0 0 0 0 0
5227 93 0 0 0 0 0 0 0
11229 1825 0 0 0 0 0 0 0
7183 220 0 0 0 0 0 0 0
0 0 0 0 0 0 0 0 0
6652 289 0 0 0 0 0 0 0
5587 128 0 0 0 0 0 0 0
9017 641 0 0 0 0 0 0 0
3684 51 0 0 0 0 0 0 0
4424 24 0 0 0 0 0 0 0
0 0 0 0 0 0 0 0 0
8981 110 0 0 0 0 0 0 0
0 0 0 0 0 0 0 0 0
7563 602 0 0 0 0 0 0 0
4066 1093 0 0 0 0 0 0 0
1508 507 0 0 0 0 0 0 0
0 0 0 0 0 0 0 0 0
5713 1765 0 0 0 0 0 0 0
3667 477 0 0 0 0 0 0 0
3515 400 0 0 0 0 0 0 0
3208 505 0 0 0 0 0 0 0
5370 2138 0 0 0 0 0 0 0
0 0 0 0 0 0 0 0 0
2706 428 0 0 0 0 0 0 0
5884 1815 0 0 0 0 0 0 0
2852 234 0 0 0 0 0 0 0
3473 90 0 0 0 0 0 0 0
8015 228 0 0 0 0 0 0 0
0 0 0 0 0 0 0 0 0
3998 43 0 0 0 0 0 0 0
3487 17 0 0 0 0 0 0 0
2776 99 0 0 0 0 0 0 0
4777 259 0 0 0 0 0 0 0
0 0 0 0 0 0 0 0 0
0 0 0 0 0 0 0 0 0
5952 124 0 0 0 0 0 0 0
4983 699 0 0 0 0 0 0 0
623 303 0 0 0 0 0 0 0
1892 375 0 0 0 0 0 0 0
6045 708 0 0 0 0 0 0 0
0 0 0 0 0 0 0 0 0
3929 98 0 0 0 0 0 0 0
7356 430 0 0 0 0 0 0 0
4319 136 0 0 0 0 0 0 0
0 0 0 0 0 0 0 0 0
7831 264 0 0 0 0 0 0 0
0 0 0 0 0 0 0 0 0
8479 271 0 0 0 0 0 0 0
4911 60 0 0 0 0 0 0 0
9138 146 0 0 0 0 0 0 0
0 0 0 0 0 0 0 0 0
14878 476 0 0 0 0 0 0 0
0 0 0 0 0 0 0 0 0
8050 176 0 0 0 0 0 0 0
14771 883 0 0 0 0 0 0 0
7722 135 0 0 0 0 0 0 0
8256 112 0 0 0 0 0 0 0
17029 225 0 0 0 0 0 0 0
0 0 0 0 0 0 0 0 0
9116 41 0 0 0 0 0 0 0
7924 42 0 0 0 0 0 0 0
8244 58 0 0 0 0 0 0 0
13682 431 0 0 0 0 0 0 0
8679 95 0 0 0 0 0 0 0
0 0 0 0 0 0 0 0 0
8505 76 0 0 0 0 0 0 0
0 0 0 0 0 0 0 0 0
18757 1414 0 0 0 0 0 0 0
6047 182 0 0 0 0 0 0 0
6161 302 0 0 0 0 0 0 0
0 0 0 0 0 0 0 0 0
6367 233 0 0 0 0 0 0 0
6690 173 0 0 0 0 0 0 0
17139 893 0 0 0 0 0 0 0
6091 16 0 0 0 0 0 0 0
0 0 0 0 0 0 0 0 0
15788 153 0 0 0 0 0 0 0
7883 16 0 0 0 0 0 0 0
3816 15 0 0 0 0 0 0 0
3264 14 0 0 0 0 0 0 0
4075 4 0 0 0 0 0 0 0
0 0 0 0 0 0 0 0 0
9587 60 0 0 0 0 0 0 0
0 0 0 0 0 0 0 0 0
8755 73 0 0 0 0 0 0 0
3718 2 0 0 0 0 0 0 0
2666 1 0 0 0 0 0 0 0
0 0 0 0 0 0 0 0 0
4094 54 0 0 0 0 0 0 0
2218 34 0 0 0 0 0 0 0
2990 15 0 0 0 0 0 0 0
3302 11 0 0 0 0 0 0 0
7049 0 0 0 0 0 0 0 0
0 0 0 0 0 0 0 0 0
0 0 0 0 0 0 0 0 0
3888 8 0 0 0 0 0 0 0
578 0 0 0 0 0 0 0 0
664 0 0 0 0 0 0 0 0
976 0 0 0 0 0 0 0 0
0 0 0 0 0 0 0 0 0
2124 5 0 0 0 0 0 0 0
6438 9 0 0 0 0 0 0 0
4005 15 0 0 0 0 0 0 0
4137 215 0 0 0 0 0 0 0
0 0 0 0 0 0 0 0 0
0 0 0 0 0 0 0 0 0
13950 1927 0 0 0 0 0 0 0
0 0 0 0 0 0 0 0 0
0 0 0 0 0 0 0 0 0
0 0 0 0 0 0 0 0 0
0 0 0 0 0 0 0 0 0
0 0 0 0 0 0 0 0 0
0 0 0 0 0 0 0 0 0
0 0 0 0 0 0 0 0 0
0 0 0 0 0 0 0 0 0
0 0 0 0 0 0 0 0 0
15717 1441 0 0 0 0 0 0 0
0 0 0 0 0 0 0 0 0
5954 36 0 0 0 0 0 0 0
6700 61 0 0 0 0 0 0 0
6788 187 0 0 0 0 0 0 0
11535 944 0 0 0 0 0 0 0
6315 123 0 0 0 0 0 0 0
0 0 0 0 0 0 0 0 0
0 0 0 0 0 0 0 0 0
12030 1142 0 0 0 0 0 0 0
6878 200 0 0 0 0 0 0 0
6554 327 0 0 0 0 0 0 0
11010 1396 0 0 0 0 0 0 0
0 0 0 0 0 0 0 0 0
5151 389 0 0 0 0 0 0 0
12550 1455 0 0 0 0 0 0 0
6563 378 0 0 0 0 0 0 0
6519 664 0 0 0 0 0 0 0
6267 749 0 0 0 0 0 0 0
0 0 0 0 0 0 0 0 0
6374 961 0 0 0 0 0 0 0
13323 2293 0 0 0 0 0 0 0
7240 441 0 0 0 0 0 0 0
7388 231 0 0 0 0 0 0 0
0 0 0 0 0 0 0 0 0
0 0 0 0 0 0 0 0 0
14040 504 0 0 0 0 0 0 0
7233 46 0 0 0 0 0 0 0
13561 246 0 0 0 0 0 0 0
7232 80 0 0 0 0 0 0 0
7550 46 0 0 0 0 0 0 0
0 0 0 0 0 0 0 0 0
8281 163 0 0 0 0 0 0 0
8470 145 0 0 0 0 0 0 0
0 0 0 0 0 0 0 0 0
17079 1562 0 0 0 0 0 0 0
5526 77 0 0 0 0 0 0 0
0 0 0 0 0 0 0 0 0
5756 178 0 0 0 0 0 0 0
5355 176 0 0 0 0 0 0 0
10052 855 0 0 0 0 0 0 0
5325 266 0 0 0 0 0 0 0
0 0 0 0 0 0 0 0 0
0 0 0 0 0 0 0 0 0
9330 599 0 0 0 0 0 0 0
7331 318 0 0 0 0 0 0 0
2878 14 0 0 0 0 0 0 0
2786 7 0 0 0 0 0 0 0
3597 11 0 0 0 0 0 0 0
0 0 0 0 0 0 0 0 0
5830 8 0 0 0 0 0 0 0
17835 66 0 0 0 0 0 0 0
11471 18 0 0 0 0 0 0 0
9976 23 0 0 0 0 0 0 0
13257 98 0 0 0 0 0 0 0
0 0 0 0 0 0 0 0 0
4609 8 0 0 0 0 0 0 0
3717 5 0 0 0 0 0 0 0
3379 5 0 0 0 0 0 0 0
3825 43 0 0 0 0 0 0 0
9620 82 0 0 0 0 0 0 0
0 0 0 0 0 0 0 0 0
5314 2 0 0 0 0 0 0 0
0 0 0 0 0 0 0 0 0
10096 53 0 0 0 0 0 0 0
10362 49 0 0 0 0 0 0 0
5489 0 0 0 0 0 0 0 0
0 0 0 0 0 0 0 0 0
9633 49 0 0 0 0 0 0 0
0 0 0 0 0 0 0 0 0
2619 20 0 0 0 0 0 0 0
4187 854 0 0 0 0 0 0 0
2546 263 0 0 0 0 0 0 0
0 0 0 0 0 0 0 0 0
3353 499 0 0 0 0 0 0 0
6706 2744 0 0 0 0 0 0 0
0 0 0 0 0 0 0 0 0
7925 3654 0 0 0 0 0 0 0
4124 1245 0 0 0 0 0 0 0
0 0 0 0 0 0 0 0 0
4655 1042 0 0 0 0 0 0 0
10486 3517 0 0 0 0 0 0 0
5485 1038 0 0 0 0 0 0 0
5444 1127 0 0 0 0 0 0 0
4475 849 0 0 0 0 0 0 0
0 0 0 0 0 0 0 0 0
3730 841 0 0 0 0 0 0 0
7530 1920 0 0 0 0 0 0 0
0 0 0 0 0 0 0 0 0
6727 1750 0 0 0 0 0 0 0
39534 19554 0 0 0 0 0 0 0
1225 52 0 0 0 0 0 0 0
961 59 0 0 0 0 0 0 0
667 43 0 0 0 0 0 0 0
408 21 0 0 0 0 0 0 0
381 0 0 0 0 0 0 0 0
0 0 0 0 0 0 0 0 0
460 1 0 0 0 0 0 0 0
1936 474 0 0 0 0 0 0 0
539 31 0 0 0 0 0 0 0
562 59 0 0 0 0 0 0 0
2187 181 0 0 0 0 0 0 0
0 0 0 0 0 0 0 0 0
647 11 0 0 0 0 0 0 0
803 18 0 0 0 0 0 0 0
942 31 0 0 0 0 0 0 0
996 37 0 0 0 0 0 0 0
1057 18 0 0 0 0 0 0 0
0 0 0 0 0 0 0 0 0
3108 81 0 0 0 0 0 0 0
980 1 0 0 0 0 0 0 0
1210 2 0 0 0 0 0 0 0
1265 0 0 0 0 0 0 0 0
3447 183 0 0 0 0 0 0 0
0 0 0 0 0 0 0 0 0
1806 93 0 0 0 0 0 0 0
1811 154 0 0 0 0 0 0 0
1664 155 0 0 0 0 0 0 0
1323 144 0 0 0 0 0 0 0
1244 95 0 0 0 0 0 0 0
0 0 0 0 0 0 0 0 0
1950 126 0 0 0 0 0 0 0
6603 384 0 0 0 0 0 0 0
3951 24 0 0 0 0 0 0 0
0 0 0 0 0 0 0 0 0
8566 1022 0 0 0 0 0 0 0
0 0 0 0 0 0 0 0 0
1999 30 0 0 0 0 0 0 0
3478 25 0 0 0 0 0 0 0
4391 14 0 0 0 0 0 0 0
4341 8 0 0 0 0 0 0 0
4021 1 0 0 0 0 0 0 0
0 0 0 0 0 0 0 0 0
7248 2 0 0 0 0 0 0 0
0 0 0 0 0 0 0 0 0
4917 4 0 0 0 0 0 0 0
2308 6 0 0 0 0 0 0 0
2206 0 0 0 0 0 0 0 0
0 0 0 0 0 0 0 0 0
2138 0 0 0 0 0 0 0 0
2470 0 0 0 0 0 0 0 0
339 0 0 0 0 0 0 0 0
682 0 0 0 0 0 0 0 0
834 0 0 0 0 0 0 0 0
0 0 0 0 0 0 0 0 0
965 4 0 0 0 0 0 0 0
1617 7 0 0 0 0 0 0 0
72 1 0 0 0 0 0 0 0
103 6 0 0 0 0 0 0 0
556 0 0 0 0 0 0 0 0
0 0 0 0 0 0 0 0 0
10 0 0 0 0 0 0 0 0
0 0 0 0 0 0 0 0 0
105 5 0 0 0 0 0 0 0
70 5 0 0 0 0 0 0 0
56 9 0 0 0 0 0 0 0
0 0 0 0 0 0 0 0 0
136 76 0 0 0 0 0 0 0
81 10 0 0 0 0 0 0 0
156 2 0 0 0 0 0 0 0
55 0 0 0 0 0 0 0 0
619 27 0 0 0 0 0 0 0
0 0 0 0 0 0 0 0 0
584 2 0 0 0 0 0 0 0
0 0 0 0 0 0 0 0 0
4582 40 0 0 0 0 0 0 0
3157 11 0 0 0 0 0 0 0
4155 9 0 0 0 0 0 0 0
0 0 0 0 0 0 0 0 0
4625 90 0 0 0 0 0 0 0
10090 159 0 0 0 0 0 0 0
6098 17 0 0 0 0 0 0 0
6266 23 0 0 0 0 0 0 0
9262 258 0 0 0 0 0 0 0
0 0 0 0 0 0 0 0 0
3834 34 0 0 0 0 0 0 0
0 0 0 0 0 0 0 0 0
6635 148 0 0 0 0 0 0 0
2837 23 0 0 0 0 0 0 0
2228 3 0 0 0 0 0 0 0
0 0 0 0 0 0 0 0 0
3673 3 0 0 0 0 0 0 0
2083 16 0 0 0 0 0 0 0
0 0 0 0 0 0 0 0 0
3485 33 0 0 0 0 0 0 0
450 131 0 0 0 0 0 0 0
0 0 0 0 0 0 0 0 0
2501 164 0 0 0 0 0 0 0
1274 0 0 0 0 0 0 0 0
1382 0 0 0 0 0 0 0 0
0 0 0 0 0 0 0 0 0
3334 1 0 0 0 0 0 0 0
0 0 0 0 0 0 0 0 0
1632 17 0 0 0 0 0 0 0
728 0 0 0 0 0 0 0 0
696 0 0 0 0 0 0 0 0
441 0 0 0 0 0 0 0 0
2317 6 0 0 0 0 0 0 0
0 0 0 0 0 0 0 0 0
1060 0 0 0 0 0 0 0 0
1157 9 0 0 0 0 0 0 0
810 0 0 0 0 0 0 0 0
0 0 0 0 0 0 0 0 0
2137 42 0 0 0 0 0 0 0
0 0 0 0 0 0 0 0 0
175 100 0 0 0 0 0 0 0
917 545 0 0 0 0 0 0 0
178 142 0 0 0 0 0 0 0
348 127 0 0 0 0 0 0 0
3781 214 0 0 0 0 0 0 0
0 0 0 0 0 0 0 0 0
0 0 0 0 0 0 0 0 0
3533 111 0 0 0 0 0 0 0
675 0 0 0 0 0 0 0 0
499 7 0 0 0 0 0 0 0
706 4 0 0 0 0 0 0 0
0 0 0 0 0 0 0 0 0
4797 25 0 0 0 0 0 0 0
4166 166 0 0 0 0 0 0 0
4598 122 0 0 0 0 0 0 0
4410 6 0 0 0 0 0 0 0
3685 0 0 0 0 0 0 0 0
0 0 0 0 0 0 0 0 0
5629 62 0 0 0 0 0 0 0
1735 0 0 0 0 0 0 0 0
1630 1 0 0 0 0 0 0 0
1305 0 0 0 0 0 0 0 0
1318 0 0 0 0 0 0 0 0
0 0 0 0 0 0 0 0 0
1165 3 0 0 0 0 0 0 0
2766 5 0 0 0 0 0 0 0
1474 3 0 0 0 0 0 0 0
0 0 0 0 0 0 0 0 0
7575 20 0 0 0 0 0 0 0
0 0 0 0 0 0 0 0 0
1453 0 0 0 0 0 0 0 0
1268 5 0 0 0 0 0 0 0
1161 0 0 0 0 0 0 0 0
1318 0 0 0 0 0 0 0 0
1380 3 0 0 0 0 0 0 0
0 0 0 0 0 0 0 0 0
2753 9 0 0 0 0 0 0 0
534 3 0 0 0 0 0 0 0
362 0 0 0 0 0 0 0 0
0 0 0 0 0 0 0 0 0
2188 14 0 0 0 0 0 0 0
0 0 0 0 0 0 0 0 0
1696 0 0 0 0 0 0 0 0
49 6 0 0 0 0 0 0 0
4 0 0 0 0 0 0 0 0
22 4 0 0 0 0 0 0 0
107 0 0 0 0 0 0 0 0
0 0 0 0 0 0 0 0 0
154 0 0 0 0 0 0 0 0
2056 0 0 0 0 0 0 0 0
0 0 0 0 0 0 0 0 0
4595 0 0 0 0 0 0 0 0
1941 2 0 0 0 0 0 0 0
0 0 0 0 0 0 0 0 0
4216 5 0 0 0 0 0 0 0
1198 2 0 0 0 0 0 0 0
1144 1 0 0 0 0 0 0 0
688 0 0 0 0 0 0 0 0
395 0 0 0 0 0 0 0 0
0 0 0 0 0 0 0 0 0
692 4 0 0 0 0 0 0 0
511 0 0 0 0 0 0 0 0
0 0 0 0 0 0 0 0 0
4519 2 0 0 0 0 0 0 0
5350 15 0 0 0 0 0 0 0
0 0 0 0 0 0 0 0 0
2298 78 0 0 0 0 0 0 0
1891 56 0 0 0 0 0 0 0
0 0 0 0 0 0 0 0 0
3789 40 0 0 0 0 0 0 0
1335 13 0 0 0 0 0 0 0
0 0 0 0 0 0 0 0 0
911 26 0 0 0 0 0 0 0
2103 321 0 0 0 0 0 0 0
292 68 0 0 0 0 0 0 0
169 43 0 0 0 0 0 0 0
142 0 0 0 0 0 0 0 0
0 0 0 0 0 0 0 0 0
1904 21 0 0 0 0 0 0 0
883 44 0 0 0 0 0 0 0
0 0 0 0 0 0 0 0 0
2185 47 0 0 0 0 0 0 0
93 0 0 0 0 0 0 0 0
0 0 0 0 0 0 0 0 0
69 1 0 0 0 0 0 0 0
84 0 0 0 0 0 0 0 0
0 0 0 0 0 0 0 0 0
0 0 0 0 0 0 0 0 0
869 12 0 0 0 0 0 0 0
0 0 0 0 0 0 0 0 0
685 0 0 0 0 0 0 0 0
885 0 0 0 0 0 0 0 0
2252 240 0 0 0 0 0 0 0
439 94 0 0 0 0 0 0 0
537 28 0 0 0 0 0 0 0
0 0 0 0 0 0 0 0 0
648 11 0 0 0 0 0 0 0
3843 45 0 0 0 0 0 0 0
2442 14 0 0 0 0 0 0 0
2250 5 0 0 0 0 0 0 0
1588 0 0 0 0 0 0 0 0
0 0 0 0 0 0 0 0 0
1991 28 0 0 0 0 0 0 0
3597 24 0 0 0 0 0 0 0
874 6 0 0 0 0 0 0 0
970 0 0 0 0 0 0 0 0
0 0 0 0 0 0 0 0 0
1137 0 0 0 0 0 0 0 0
1766 12 0 0 0 0 0 0 0
0 0 0 0 0 0 0 0 0
2297 369 0 0 0 0 0 0 0
3401 932 0 0 0 0 0 0 0
0 0 0 0 0 0 0 0 0
1462 666 0 0 0 0 0 0 0
3846 1861 0 0 0 0 0 0 0
0 0 0 0 0 0 0 0 0
5362 3347 0 0 0 0 0 0 0
2918 2218 0 0 0 0 0 0 0
0 0 0 0 0 0 0 0 0
2850 2044 0 0 0 0 0 0 0
2604 2503 0 0 0 0 0 0 0
4440 6393 0 0 0 0 0 0 0
1383 2234 0 0 0 0 0 0 0
1297 1347 0 0 0 0 0 0 0
0 0 0 0 0 0 0 0 0
3193 2039 0 0 0 0 0 0 0
777 156 0 0 0 0 0 0 0
460 40 0 0 0 0 0 0 0
213 77 0 0 0 0 0 0 0
701 729 0 0 0 0 0 0 0
0 0 0 0 0 0 0 0 0
113 51 0 0 0 0 0 0 0
337 168 0 0 0 0 0 0 0
332 101 0 0 0 0 0 0 0
1240 592 0 0 0 0 0 0 0
0 0 0 0 0 0 0 0 0
0 0 0 0 0 0 0 0 0
2167 297 0 0 0 0 0 0 0
533 16 0 0 0 0 0 0 0
981 129 0 0 0 0 0 0 0
1803 72 0 0 0 0 0 0 0
2211 26 0 0 0 0 0 0 0
0 0 0 0 0 0 0 0 0
6440 228 0 0 0 0 0 0 0
0 0 0 0 0 0 0 0 0
6462 860 0 0 0 0 0 0 0
5937 216 0 0 0 0 0 0 0
2512 103 0 0 0 0 0 0 0
0 0 0 0 0 0 0 0 0
3091 209 0 0 0 0 0 0 0
3112 153 0 0 0 0 0 0 0
3174 96 0 0 0 0 0 0 0
6806 721 0 0 0 0 0 0 0
1839 18 0 0 0 0 0 0 0
0 0 0 0 0 0 0 0 0
1497 41 0 0 0 0 0 0 0
2327 80 0 0 0 0 0 0 0
290 0 0 0 0 0 0 0 0
2894 2 0 0 0 0 0 0 0
1996 2 0 0 0 0 0 0 0
0 0 0 0 0 0 0 0 0
2715 61 0 0 0 0 0 0 0
3157 34 0 0 0 0 0 0 0
3900 32 0 0 0 0 0 0 0
9348 195 0 0 0 0 0 0 0
9332 0 0 0 0 0 0 0 0
0 0 0 0 0 0 0 0 0
4100 0 0 0 0 0 0 0 0
3657 4 0 0 0 0 0 0 0
7312 58 0 0 0 0 0 0 0
2956 1 0 0 0 0 0 0 0
2763 0 0 0 0 0 0 0 0
0 0 0 0 0 0 0 0 0
0 0 0 0 0 0 0 0 0
8602 157 0 0 0 0 0 0 0
2686 31 0 0 0 0 0 0 0
2159 26 0 0 0 0 0 0 0
3782 187 0 0 0 0 0 0 0
0 0 0 0 0 0 0 0 0
1154 59 0 0 0 0 0 0 0
1401 215 0 0 0 0 0 0 0
3793 820 0 0 0 0 0 0 0
0 0 0 0 0 0 0 0 0
2827 878 0 0 0 0 0 0 0
0 0 0 0 0 0 0 0 0
783 30 0 0 0 0 0 0 0
606 53 0 0 0 0 0 0 0
557 560 0 0 0 0 0 0 0
7 11 0 0 0 0 0 0 0
858 76 0 0 0 0 0 0 0
0 0 0 0 0 0 0 0 0
521 24 0 0 0 0 0 0 0
799 65 0 0 0 0 0 0 0
906 8 0 0 0 0 0 0 0
0 0 0 0 0 0 0 0 0
5746 347 0 0 0 0 0 0 0
0 0 0 0 0 0 0 0 0
1249 58 0 0 0 0 0 0 0
1150 24 0 0 0 0 0 0 0
995 0 0 0 0 0 0 0 0
1917 120 0 0 0 0 0 0 0
307 74 0 0 0 0 0 0 0
0 0 0 0 0 0 0 0 0
1090 175 0 0 0 0 0 0 0
464 21 0 0 0 0 0 0 0
930 66 0 0 0 0 0 0 0
1069 17 0 0 0 0 0 0 0
1313 7 0 0 0 0 0 0 0
0 0 0 0 0 0 0 0 0
3171 180 0 0 0 0 0 0 0
800 3 0 0 0 0 0 0 0
1764 65 0 0 0 0 0 0 0
227 6 0 0 0 0 0 0 0
0 0 0 0 0 0 0 0 0
0 0 0 0 0 0 0 0 0
249 103 0 0 0 0 0 0 0
695 297 0 0 0 0 0 0 0
217 7 0 0 0 0 0 0 0
230 8 0 0 0 0 0 0 0
127 7 0 0 0 0 0 0 0
0 0 0 0 0 0 0 0 0
96 10 0 0 0 0 0 0 0
176 10 0 0 0 0 0 0 0
1485 263 0 0 0 0 0 0 0
1998 37 0 0 0 0 0 0 0
506 3 0 0 0 0 0 0 0
0 0 0 0 0 0 0 0 0
314 0 0 0 0 0 0 0 0
242 0 0 0 0 0 0 0 0
182 1 0 0 0 0 0 0 0
875 0 0 0 0 0 0 0 0
108 7 0 0 0 0 0 0 0
0 0 0 0 0 0 0 0 0
267 3 0 0 0 0 0 0 0
101 0 0 0 0 0 0 0 0
208 0 0 0 0 0 0 0 0
2323 11 0 0 0 0 0 0 0
0 0 0 0 0 0 0 0 0
0 0 0 0 0 0 0 0 0
3888 112 0 0 0 0 0 0 0
1564 7 0 0 0 0 0 0 0
1261 13 0 0 0 0 0 0 0
480 30 0 0 0 0 0 0 0
1004 156 0 0 0 0 0 0 0
0 0 0 0 0 0 0 0 0
779 3 0 0 0 0 0 0 0
1284 4 0 0 0 0 0 0 0
3872 87 0 0 0 0 0 0 0
2073 0 0 0 0 0 0 0 0
0 0 0 0 0 0 0 0 0
0 0 0 0 0 0 0 0 0
5011 3 0 0 0 0 0 0 0
2848 2 0 0 0 0 0 0 0
2606 0 0 0 0 0 0 0 0
5431 21 0 0 0 0 0 0 0
1564 0 0 0 0 0 0 0 0
0 0 0 0 0 0 0 0 0
973 17 0 0 0 0 0 0 0
809 7 0 0 0 0 0 0 0
1496 4 0 0 0 0 0 0 0
263 0 0 0 0 0 0 0 0
149 0 0 0 0 0 0 0 0
0 0 0 0 0 0 0 0 0
63 1 0 0 0 0 0 0 0
71 0 0 0 0 0 0 0 0
250 16 0 0 0 0 0 0 0
132 0 0 0 0 0 0 0 0
149 18 0 0 0 0 0 0 0
0 0 0 0 0 0 0 0 0
156 6 0 0 0 0 0 0 0
254 0 0 0 0 0 0 0 0
1195 99 0 0 0 0 0 0 0
527 18 0 0 0 0 0 0 0
854 3 0 0 0 0 0 0 0
0 0 0 0 0 0 0 0 0
893 0 0 0 0 0 0 0 0
0 0 0 0 0 0 0 0 0
0 0 0 0 0 0 0 0 0
0 0 0 0 0 0 0 0 0
0 0 0 0 0 0 0 0 0
0 0 0 0 0 0 0 0 0
0 0 0 0 0 0 0 0 0
0 0 0 0 0 0 0 0 0
0 0 0 0 0 0 0 0 0
2158 218 0 0 0 0 0 0 0
1904 274 0 0 0 0 0 0 0
0 0 0 0 0 0 0 0 0
0 0 0 0 0 0 0 0 0
2906 311 0 0 0 0 0 0 0
3671 236 0 0 0 0 0 0 0
1664 14 0 0 0 0 0 0 0
5297 723 0 0 0 0 0 0 0
0 5 0 0 0 0 0 0 0
0 0 0 0 0 0 0 0 0
7299 1078 0 0 0 0 0 0 0
4193 375 0 0 0 0 0 0 0
4346 603 0 0 0 0 0 0 0
4533 1130 0 0 0 0 0 0 0
0 0 0 0 0 0 0 0 0
10217 4130 0 0 0 0 0 0 0
0 0 0 0 0 0 0 0 0
8181 4612 0 0 0 0 0 0 0
5275 1364 0 0 0 0 0 0 0
6182 1034 0 0 0 0 0 0 0
0 0 0 0 0 0 0 0 0
0 0 0 0 0 0 0 0 0
10686 3312 0 0 0 0 0 0 0
9833 2302 0 0 0 0 0 0 0
4650 366 0 0 0 0 0 0 0
4036 186 0 0 0 0 0 0 0
0 0 0 0 0 0 0 0 0
3179 215 0 0 0 0 0 0 0
8302 1810 0 0 0 0 0 0 0
5049 654 0 0 0 0 0 0 0
5181 1055 0 0 0 0 0 0 0
4697 1482 0 0 0 0 0 0 0
0 0 0 0 0 0 0 0 0
0 0 0 0 0 0 0 0 0
7021 8753 0 0 0 0 0 0 0
1589 2829 0 0 0 0 0 0 0
2209 2873 0 0 0 0 0 0 0
2440 3127 0 0 0 0 0 0 0
0 0 0 0 0 0 0 0 0
5582 7155 0 0 0 0 0 0 0
3577 2709 0 0 0 0 0 0 0
0 0 0 0 0 0 0 0 0
12453 9614 0 0 0 0 0 0 0
3395 2047 0 0 0 0 0 0 0
0 0 0 0 0 0 0 0 0
2522 1683 0 0 0 0 0 0 0
2224 1494 0 0 0 0 0 0 0
2014 1081 0 0 0 0 0 0 0
2374 896 0 0 0 0 0 0 0
5547 1447 0 0 0 0 0 0 0
0 0 0 0 0 0 0 0 0
3229 112 0 0 0 0 0 0 0
4781 35 0 0 0 0 0 0 0
12169 297 0 0 0 0 0 0 0
6513 52 0 0 0 0 0 0 0
5798 29 0 0 0 0 0 0 0
0 0 0 0 0 0 0 0 0
6919 41 0 0 0 0 0 0 0
11669 191 0 0 0 0 0 0 0
5892 1 0 0 0 0 0 0 0
5578 5 0 0 0 0 0 0 0
9559 84 0 0 0 0 0 0 0
0 0 0 0 0 0 0 0 0
3360 1 0 0 0 0 0 0 0
2794 2 0 0 0 0 0 0 0
4334 41 0 0 0 0 0 0 0
4662 31 0 0 0 0 0 0 0
0 0 0 0 0 0 0 0 0
0 0 0 0 0 0 0 0 0
5440 12 0 0 0 0 0 0 0
0 0 0 0 0 0 0 0 0
3753 0 0 0 0 0 0 0 0
11218 115 0 0 0 0 0 0 0
0 0 0 0 0 0 0 0 0
2804 2 0 0 0 0 0 0 0
5824 15 0 0 0 0 0 0 0
0 0 0 0 0 0 0 0 0
5232 13 0 0 0 0 0 0 0
1926 3 0 0 0 0 0 0 0
0 0 0 0 0 0 0 0 0
4623 15 0 0 0 0 0 0 0
1674 10 0 0 0 0 0 0 0
0 0 0 0 0 0 0 0 0
5522 9 0 0 0 0 0 0 0
1764 0 0 0 0 0 0 0 0
0 0 0 0 0 0 0 0 0
5525 2 0 0 0 0 0 0 0
4097 0 0 0 0 0 0 0 0
3398 0 0 0 0 0 0 0 0
2009 0 0 0 0 0 0 0 0
3918 17 0 0 0 0 0 0 0
0 0 0 0 0 0 0 0 0
3178 0 0 0 0 0 0 0 0
0 0 0 0 0 0 0 0 0
0 0 0 0 0 0 0 0 0
0 0 0 0 0 0 0 0 0
0 0 0 0 0 0 0 0 0
0 0 0 0 0 0 0 0 0
0 0 0 0 0 0 0 0 0
0 0 0 0 0 0 0 0 0
0 0 0 0 0 0 0 0 0
0 0 0 0 0 0 0 0 0
8016 2 0 0 0 0 0 0 0
0 0 0 0 0 0 0 0 0
1186 1 0 0 0 0 0 0 0
1684 2 0 0 0 0 0 0 0
699 0 0 0 0 0 0 0 0
842 0 0 0 0 0 0 0 0
1052 0 0 0 0 0 0 0 0
0 0 0 0 0 0 0 0 0
358 0 0 0 0 0 0 0 0
498 0 0 0 0 0 0 0 0
1742 0 0 0 0 0 0 0 0
790 3 0 0 0 0 0 0 0
949 0 0 0 0 0 0 0 0
0 0 0 0 0 0 0 0 0
1017 7 0 0 0 0 0 0 0
1051 0 0 0 0 0 0 0 0
2422 2 0 0 0 0 0 0 0
937 0 0 0 0 0 0 0 0
820 0 0 0 0 0 0 0 0
0 0 0 0 0 0 0 0 0
2527 0 0 0 0 0 0 0 0
1389 0 0 0 0 0 0 0 0
3267 0 0 0 0 0 0 0 0
1433 1 0 0 0 0 0 0 0
1596 0 0 0 0 0 0 0 0
0 0 0 0 0 0 0 0 0
3847 17 0 0 0 0 0 0 0
1289 0 0 0 0 0 0 0 0
1184 0 0 0 0 0 0 0 0
2904 10 0 0 0 0 0 0 0
1713 0 0 0 0 0 0 0 0
0 0 0 0 0 0 0 0 0
2049 0 0 0 0 0 0 0 0
4529 0 0 0 0 0 0 0 0
1645 2 0 0 0 0 0 0 0
0 0 0 0 0 0 0 0 0
2825 3 0 0 0 0 0 0 0
0 0 0 0 0 0 0 0 0
1351 0 0 0 0 0 0 0 0
776 0 0 0 0 0 0 0 0
419 0 0 0 0 0 0 0 0
480 0 0 0 0 0 0 0 0
984 84 0 0 0 0 0 0 0
0 0 0 0 0 0 0 0 0
315 14 0 0 0 0 0 0 0
412 42 0 0 0 0 0 0 0
720 152 0 0 0 0 0 0 0
262 9 0 0 0 0 0 0 0
386 0 0 0 0 0 0 0 0
0 0 0 0 0 0 0 0 0
836 0 0 0 0 0 0 0 0
119 0 0 0 0 0 0 0 0
99 0 0 0 0 0 0 0 0
1130 0 0 0 0 0 0 0 0
475 2 0 0 0 0 0 0 0
0 0 0 0 0 0 0 0 0
520 1 0 0 0 0 0 0 0
0 0 0 0 0 0 0 0 0
632 20 0 0 0 0 0 0 0
125 4 0 0 0 0 0 0 0
462 109 0 0 0 0 0 0 0
0 0 0 0 0 0 0 0 0
212 269 0 0 0 0 0 0 0
193 136 0 0 0 0 0 0 0
373 744 0 0 0 0 0 0 0
13 201 0 0 0 0 0 0 0
402 906 0 0 0 0 0 0 0
0 0 0 0 0 0 0 0 0
121 41 0 0 0 0 0 0 0
23 72 0 0 0 0 0 0 0
49 15 0 0 0 0 0 0 0
174 3 0 0 0 0 0 0 0
421 89 0 0 0 0 0 0 0
0 0 0 0 0 0 0 0 0
46 3 0 0 0 0 0 0 0
40 41 0 0 0 0 0 0 0
6 64 0 0 0 0 0 0 0
381 271 0 0 0 0 0 0 0
301 40 0 0 0 0 0 0 0
0 0 0 0 0 0 0 0 0
414 17 0 0 0 0 0 0 0
510 18 0 0 0 0 0 0 0
449 2 0 0 0 0 0 0 0
446 114 0 0 0 0 0 0 0
891 637 0 0 0 0 0 0 0
0 0 0 0 0 0 0 0 0
114 60 0 0 0 0 0 0 0
73 21 0 0 0 0 0 0 0
299 6 0 0 0 0 0 0 0
1194 4 0 0 0 0 0 0 0
0 0 0 0 0 0 0 0 0
0 0 0 0 0 0 0 0 0
1435 30 0 0 0 0 0 0 0
660 6 0 0 0 0 0 0 0
479 0 0 0 0 0 0 0 0
1229 41 0 0 0 0 0 0 0
538 0 0 0 0 0 0 0 0
0 0 0 0 0 0 0 0 0
517 2 0 0 0 0 0 0 0
664 3 0 0 0 0 0 0 0
754 6 0 0 0 0 0 0 0
1123 85 0 0 0 0 0 0 0
2617 3084 0 0 0 0 0 0 0
0 0 0 0 0 0 0 0 0
679 2353 0 0 0 0 0 0 0
352 2714 0 0 0 0 0 0 0
280 2707 0 0 0 0 0 0 0
297 3066 0 0 0 0 0 0 0
1178 7620 0 0 0 0 0 0 0
0 0 0 0 0 0 0 0 0
367 2781 0 0 0 0 0 0 0
193 2809 0 0 0 0 0 0 0
0 0 0 0 0 0 0 0 0
721 13805 0 0 0 0 0 0 0
209 4730 0 0 0 0 0 0 0
0 0 0 0 0 0 0 0 0
516 4624 0 0 0 0 0 0 0
798 5183 0 0 0 0 0 0 0
673 4813 0 0 0 0 0 0 0
476 4391 0 0 0 0 0 0 0
370 4105 0 0 0 0 0 0 0
0 0 0 0 0 0 0 0 0
151 5655 0 0 0 0 0 0 0
9 692 0 0 0 0 0 0 0
0 0 0 0 0 0 0 0 0
488 756 0 0 0 0 0 0 0
0 0 0 0 0 0 0 0 0
0 0 0 0 0 0 0 0 0
532 244 0 0 0 0 0 0 0
63 42 0 0 0 0 0 0 0
190 31 0 0 0 0 0 0 0
1718 197 0 0 0 0 0 0 0
692 44 0 0 0 0 0 0 0
0 0 0 0 0 0 0 0 0
646 48 0 0 0 0 0 0 0
773 30 0 0 0 0 0 0 0
2431 325 0 0 0 0 0 0 0
2566 338 0 0 0 0 0 0 0
777 82 0 0 0 0 0 0 0
0 0 0 0 0 0 0 0 0
812 35 0 0 0 0 0 0 0
816 52 0 0 0 0 0 0 0
988 79 0 0 0 0 0 0 0
2172 196 0 0 0 0 0 0 0
683 67 0 0 0 0 0 0 0
0 0 0 0 0 0 0 0 0
622 25 0 0 0 0 0 0 0
1075 143 0 0 0 0 0 0 0
103 11 0 0 0 0 0 0 0
80 6 0 0 0 0 0 0 0
308 7 0 0 0 0 0 0 0
0 0 0 0 0 0 0 0 0
720 1 0 0 0 0 0 0 0
3593 8 0 0 0 0 0 0 0
1858 0 0 0 0 0 0 0 0
2131 10 0 0 0 0 0 0 0
5273 24 0 0 0 0 0 0 0
0 0 0 0 0 0 0 0 0
2732 2 0 0 0 0 0 0 0
3248 0 0 0 0 0 0 0 0
7664 1 0 0 0 0 0 0 0
4285 0 0 0 0 0 0 0 0
4161 0 0 0 0 0 0 0 0
0 0 0 0 0 0 0 0 0
3792 3 0 0 0 0 0 0 0
2933 11 0 0 0 0 0 0 0
1817 0 0 0 0 0 0 0 0
2016 111 0 0 0 0 0 0 0
654 0 0 0 0 0 0 0 0
0 0 0 0 0 0 0 0 0
965 0 0 0 0 0 0 0 0
3443 3 0 0 0 0 0 0 0
0 0 0 0 0 0 0 0 0
3644 4 0 0 0 0 0 0 0
954 2 0 0 0 0 0 0 0
0 0 0 0 0 0 0 0 0
849 0 0 0 0 0 0 0 0
916 0 0 0 0 0 0 0 0
2851 26 0 0 0 0 0 0 0
1066 0 0 0 0 0 0 0 0
934 53 0 0 0 0 0 0 0
0 0 0 0 0 0 0 0 0
796 17 0 0 0 0 0 0 0
2223 458 0 0 0 0 0 0 0
0 0 0 0 0 0 0 0 0
2549 772 0 0 0 0 0 0 0
1035 62 0 0 0 0 0 0 0
0 0 0 0 0 0 0 0 0
1959 527 0 0 0 0 0 0 0
252 119 0 0 0 0 0 0 0
357 44 0 0 0 0 0 0 0
862 153 0 0 0 0 0 0 0
0 0 0 0 0 0 0 0 0
0 0 0 0 0 0 0 0 0
774 48 0 0 0 0 0 0 0
389 2 0 0 0 0 0 0 0
895 35 0 0 0 0 0 0 0
168 0 0 0 0 0 0 0 0
57 0 0 0 0 0 0 0 0
0 0 0 0 0 0 0 0 0
30 3 0 0 0 0 0 0 0
69 2 0 0 0 0 0 0 0
45 0 0 0 0 0 0 0 0
638 24 0 0 0 0 0 0 0
0 0 0 0 0 0 0 0 0
0 0 0 0 0 0 0 0 0
1475 31 0 0 0 0 0 0 0
223 4 0 0 0 0 0 0 0
227 0 0 0 0 0 0 0 0
269 0 0 0 0 0 0 0 0
377 0 0 0 0 0 0 0 0
0 0 0 0 0 0 0 0 0
420 0 0 0 0 0 0 0 0
415 0 0 0 0 0 0 0 0
2174 4 0 0 0 0 0 0 0
1035 0 0 0 0 0 0 0 0
1115 0 0 0 0 0 0 0 0
0 0 0 0 0 0 0 0 0
2909 4 0 0 0 0 0 0 0
807 0 0 0 0 0 0 0 0
735 0 0 0 0 0 0 0 0
347 0 0 0 0 0 0 0 0
268 0 0 0 0 0 0 0 0
0 0 0 0 0 0 0 0 0
75 2 0 0 0 0 0 0 0
40 49 0 0 0 0 0 0 0
38 648 0 0 0 0 0 0 0
9 130 0 0 0 0 0 0 0
14 0 0 0 0 0 0 0 0
0 0 0 0 0 0 0 0 0
251 217 0 0 0 0 0 0 0
0 0 0 0 0 0 0 0 0
198 122 0 0 0 0 0 0 0
4 92 0 0 0 0 0 0 0
21 89 0 0 0 0 0 0 0
0 0 0 0 0 0 0 0 0
28 35 0 0 0 0 0 0 0
268 25 0 0 0 0 0 0 0
59 0 0 0 0 0 0 0 0
3 0 0 0 0 0 0 0 0
20 0 0 0 0 0 0 0 0
0 0 0 0 0 0 0 0 0
26 0 0 0 0 0 0 0 0
106 3 0 0 0 0 0 0 0
483 0 0 0 0 0 0 0 0
94 1 0 0 0 0 0 0 0
34 0 0 0 0 0 0 0 0
0 0 0 0 0 0 0 0 0
84 27 0 0 0 0 0 0 0
13 0 0 0 0 0 0 0 0
137 0 0 0 0 0 0 0 0
6 0 0 0 0 0 0 0 0
0 0 0 0 0 0 0 0 0
0 0 0 0 0 0 0 0 0
178 61 0 0 0 0 0 0 0
106 228 0 0 0 0 0 0 0
33 0 0 0 0 0 0 0 0
53 0 0 0 0 0 0 0 0
67 3 0 0 0 0 0 0 0
0 0 0 0 0 0 0 0 0
52 13 0 0 0 0 0 0 0
0 0 0 0 0 0 0 0 0
268 311 0 0 0 0 0 0 0
314 437 0 0 0 0 0 0 0
42 149 0 0 0 0 0 0 0
0 0 0 0 0 0 0 0 0
75 262 0 0 0 0 0 0 0
0 0 0 0 0 0 0 0 0
279 641 0 0 0 0 0 0 0
86 94 0 0 0 0 0 0 0
78 6 0 0 0 0 0 0 0
0 0 0 0 0 0 0 0 0
830 217 0 0 0 0 0 0 0
346 37 0 0 0 0 0 0 0
242 21 0 0 0 0 0 0 0
335 116 0 0 0 0 0 0 0
1131 686 0 0 0 0 0 0 0
0 0 0 0 0 0 0 0 0
408 71 0 0 0 0 0 0 0
0 0 0 0 0 0 0 0 0
1298 452 0 0 0 0 0 0 0
401 35 0 0 0 0 0 0 0
482 32 0 0 0 0 0 0 0
0 0 0 0 0 0 0 0 0
357 11 0 0 0 0 0 0 0
1194 275 0 0 0 0 0 0 0
191 39 0 0 0 0 0 0 0
126 1 0 0 0 0 0 0 0
0 0 0 0 0 0 0 0 0
0 0 0 0 0 0 0 0 0
0 0 0 0 0 0 0 0 0
0 0 0 0 0 0 0 0 0
0 0 0 0 0 0 0 0 0
0 0 0 0 0 0 0 0 0
0 0 0 0 0 0 0 0 0
0 0 0 0 0 0 0 0 0
0 0 0 0 0 0 0 0 0
0 0 0 0 0 0 0 0 0
0 0 0 0 0 0 0 0 0
1561 144 0 0 0 0 0 0 0
391 3 0 0 0 0 0 0 0
0 0 0 0 0 0 0 0 0
1350 67 0 0 0 0 0 0 0
116 0 0 0 0 0 0 0 0
134 22 0 0 0 0 0 0 0
924 147 0 0 0 0 0 0 0
131 0 0 0 0 0 0 0 0
0 0 0 0 0 0 0 0 0
77 0 0 0 0 0 0 0 0
0 0 0 0 0 0 0 0 0
1728 0 0 0 0 0 0 0 0
612 0 0 0 0 0 0 0 0
720 0 0 0 0 0 0 0 0
0 0 0 0 0 0 0 0 0
799 120 0 0 0 0 0 0 0
817 76 0 0 0 0 0 0 0
2200 1 0 0 0 0 0 0 0
0 0 0 0 0 0 0 0 0
2963 0 0 0 0 0 0 0 0
0 0 0 0 0 0 0 0 0
1635 0 0 0 0 0 0 0 0
3687 8 0 0 0 0 0 0 0
908 0 0 0 0 0 0 0 0
1015 0 0 0 0 0 0 0 0
943 0 0 0 0 0 0 0 0
0 0 0 0 0 0 0 0 0
1024 0 0 0 0 0 0 0 0
2294 0 0 0 0 0 0 0 0
353 2 0 0 0 0 0 0 0
0 0 0 0 0 0 0 0 0
1023 12 0 0 0 0 0 0 0
0 0 0 0 0 0 0 0 0
72 1 0 0 0 0 0 0 0
1898 40 0 0 0 0 0 0 0
1277 23 0 0 0 0 0 0 0
658 0 0 0 0 0 0 0 0
0 0 0 0 0 0 0 0 0
0 0 0 0 0 0 0 0 0
2271 163 0 0 0 0 0 0 0
1951 62 0 0 0 0 0 0 0
5338 80 0 0 0 0 0 0 0
0 0 0 0 0 0 0 0 0
5073 26 0 0 0 0 0 0 0
0 0 0 0 0 0 0 0 0
1203 3 0 0 0 0 0 0 0
1752 8 0 0 0 0 0 0 0
478 0 0 0 0 0 0 0 0
564 0 0 0 0 0 0 0 0
514 2 0 0 0 0 0 0 0
0 0 0 0 0 0 0 0 0
543 3 0 0 0 0 0 0 0
485 0 0 0 0 0 0 0 0
283 0 0 0 0 0 0 0 0
518 4 0 0 0 0 0 0 0
19 3 0 0 0 0 0 0 0
0 0 0 0 0 0 0 0 0
73 2 0 0 0 0 0 0 0
761 1 0 0 0 0 0 0 0
219 4 0 0 0 0 0 0 0
0 0 0 0 0 0 0 0 0
1758 15 0 0 0 0 0 0 0
0 0 0 0 0 0 0 0 0
575 2 0 0 0 0 0 0 0
588 4 0 0 0 0 0 0 0
1982 262 0 0 0 0 0 0 0
465 123 0 0 0 0 0 0 0
342 208 0 0 0 0 0 0 0
0 0 0 0 0 0 0 0 0
1126 3844 0 0 0 0 0 0 0
210 2422 0 0 0 0 0 0 0
209 3601 0 0 0 0 0 0 0
0 0 0 0 0 0 0 0 0
1054 10454 0 0 0 0 0 0 0
0 0 0 0 0 0 0 0 0
125 3914 0 0 0 0 0 0 0
38 3367 0 0 0 0 0 0 0
360 8310 0 0 0 0 0 0 0
67 2654 0 0 0 0 0 0 0
42 2133 0 0 0 0 0 0 0
0 0 0 0 0 0 0 0 0
84 2062 0 0 0 0 0 0 0
824 4944 0 0 0 0 0 0 0
196 1222 0 0 0 0 0 0 0
463 847 0 0 0 0 0 0 0
616 833 0 0 0 0 0 0 0
0 0 0 0 0 0 0 0 0
683 672 0 0 0 0 0 0 0
2946 2334 0 0 0 0 0 0 0
1436 706 0 0 0 0 0 0 0
1613 783 0 0 0 0 0 0 0
2010 648 0 0 0 0 0 0 0
0 0 0 0 0 0 0 0 0
2122 566 0 0 0 0 0 0 0
5272 2190 0 0 0 0 0 0 0
2233 328 0 0 0 0 0 0 0
2145 352 0 0 0 0 0 0 0
1923 191 0 0 0 0 0 0 0
0 0 0 0 0 0 0 0 0
1597 85 0 0 0 0 0 0 0
3300 1234 0 0 0 0 0 0 0
459 1027 0 0 0 0 0 0 0
462 1855 0 0 0 0 0 0 0
1117 7884 0 0 0 0 0 0 0
0 0 0 0 0 0 0 0 0
0 0 0 0 0 0 0 0 0
750 10072 0 0 0 0 0 0 0
350 4846 0 0 0 0 0 0 0
444 5215 0 0 0 0 0 0 0
616 5553 0 0 0 0 0 0 0
0 0 0 0 0 0 0 0 0
2161 13002 0 0 0 0 0 0 0
0 0 0 0 0 0 0 0 0
1657 13293 0 0 0 0 0 0 0
715 6048 0 0 0 0 0 0 0
2435 10465 0 0 0 0 0 0 0
0 0 0 0 0 0 0 0 0
827 2455 0 0 0 0 0 0 0
1115 1444 0 0 0 0 0 0 0
0 0 0 0 0 0 0 0 0
2714 2130 0 0 0 0 0 0 0
1139 966 0 0 0 0 0 0 0
0 0 0 0 0 0 0 0 0
2071 3418 0 0 0 0 0 0 0
567 1431 0 0 0 0 0 0 0
656 1645 0 0 0 0 0 0 0
728 1503 0 0 0 0 0 0 0
639 1451 0 0 0 0 0 0 0
0 0 0 0 0 0 0 0 0
2496 3572 0 0 0 0 0 0 0
677 907 0 0 0 0 0 0 0
987 1123 0 0 0 0 0 0 0
0 0 0 0 0 0 0 0 0
398 662 0 0 0 0 0 0 0
0 0 0 0 0 0 0 0 0
1 178 0 0 0 0 0 0 0
9 357 0 0 0 0 0 0 0
2 590 0 0 0 0 0 0 0
138 3348 0 0 0 0 0 0 0
0 0 0 0 0 0 0 0 0
0 0 0 0 0 0 0 0 0
297 3642 0 0 0 0 0 0 0
104 1441 0 0 0 0 0 0 0
323 1406 0 0 0 0 0 0 0
334 1529 0 0 0 0 0 0 0
346 1790 0 0 0 0 0 0 0
0 0 0 0 0 0 0 0 0
412 4544 0 0 0 0 0 0 0
188 1774 0 0 0 0 0 0 0
184 1655 0 0 0 0 0 0 0
1060 2888 0 0 0 0 0 0 0
0 0 0 0 0 0 0 0 0
0 0 0 0 0 0 0 0 0
532 683 0 0 0 0 0 0 0
17 42 0 0 0 0 0 0 0
441 3 0 0 0 0 0 0 0
0 0 0 0 0 0 0 0 0
175 5 0 0 0 0 0 0 0
0 0 0 0 0 0 0 0 0
113 14 0 0 0 0 0 0 0
116 14 0 0 0 0 0 0 0
0 0 0 0 0 0 0 0 0
1213 508 0 0 0 0 0 0 0
108 1 0 0 0 0 0 0 0
0 0 0 0 0 0 0 0 0
162 25 0 0 0 0 0 0 0
244 15 0 0 0 0 0 0 0
805 22 0 0 0 0 0 0 0
0 0 0 0 0 0 0 0 0
654 58 0 0 0 0 0 0 0
0 0 0 0 0 0 0 0 0
115 53 0 0 0 0 0 0 0
120 0 0 0 0 0 0 0 0
0 0 0 0 0 0 0 0 0
2065 241 0 0 0 0 0 0 0
1202 12 0 0 0 0 0 0 0
0 0 0 0 0 0 0 0 0
1654 91 0 0 0 0 0 0 0
0 0 0 0 0 0 0 0 0
3064 305 0 0 0 0 0 0 0
1066 29 0 0 0 0 0 0 0
1802 78 0 0 0 0 0 0 0
0 0 0 0 0 0 0 0 0
4115 749 0 0 0 0 0 0 0
1784 285 0 0 0 0 0 0 0
1202 374 0 0 0 0 0 0 0
2036 681 0 0 0 0 0 0 0
346 148 0 0 0 0 0 0 0
0 0 0 0 0 0 0 0 0
0 0 0 0 0 0 0 0 0
738 509 0 0 0 0 0 0 0
148 50 0 0 0 0 0 0 0
91 53 0 0 0 0 0 0 0
448 45 0 0 0 0 0 0 0
0 0 0 0 0 0 0 0 0
179 2 0 0 0 0 0 0 0
271 3 0 0 0 0 0 0 0
216 2 0 0 0 0 0 0 0
248 0 0 0 0 0 0 0 0
738 168 0 0 0 0 0 0 0
0 0 0 0 0 0 0 0 0
172 139 0 0 0 0 0 0 0
159 107 0 0 0 0 0 0 0
674 312 0 0 0 0 0 0 0
119 19 0 0 0 0 0 0 0
104 7 0 0 0 0 0 0 0
0 0 0 0 0 0 0 0 0
66 14 0 0 0 0 0 0 0
100 15 0 0 0 0 0 0 0
169 49 0 0 0 0 0 0 0
574 329 0 0 0 0 0 0 0
198 3 0 0 0 0 0 0 0
0 0 0 0 0 0 0 0 0
123 31 0 0 0 0 0 0 0
202 39 0 0 0 0 0 0 0
1269 628 0 0 0 0 0 0 0
475 45 0 0 0 0 0 0 0
425 69 0 0 0 0 0 0 0
0 0 0 0 0 0 0 0 0
0 0 0 0 0 0 0 0 0
1367 211 0 0 0 0 0 0 0
1537 128 0 0 0 0 0 0 0
565 24 0 0 0 0 0 0 0
468 6 0 0 0 0 0 0 0
0 0 0 0 0 0 0 0 0
374 35 0 0 0 0 0 0 0
1400 103 0 0 0 0 0 0 0
0 0 0 0 0 0 0 0 0
951 72 0 0 0 0 0 0 0
35 18 0 0 0 0 0 0 0
0 0 0 0 0 0 0 0 0
0 0 0 0 0 0 0 0 0
214 196 0 0 0 0 0 0 0
61 59 0 0 0 0 0 0 0
35 7 0 0 0 0 0 0 0
45 0 0 0 0 0 0 0 0
0 0 0 0 0 0 0 0 0
37 4 0 0 0 0 0 0 0
347 24 0 0 0 0 0 0 0
0 0 0 0 0 0 0 0 0
33 4 0 0 0 0 0 0 0
143 45 0 0 0 0 0 0 0
0 0 0 0 0 0 0 0 0
88 10 0 0 0 0 0 0 0
165 0 0 0 0 0 0 0 0
1173 15 0 0 0 0 0 0 0
401 0 0 0 0 0 0 0 0
1364 0 0 0 0 0 0 0 0
0 0 0 0 0 0 0 0 0
2212 8 0 0 0 0 0 0 0
774 0 0 0 0 0 0 0 0
504 5 0 0 0 0 0 0 0
407 0 0 0 0 0 0 0 0
1038 0 0 0 0 0 0 0 0
0 0 0 0 0 0 0 0 0
0 0 0 0 0 0 0 0 0
1226 2 0 0 0 0 0 0 0
79 0 0 0 0 0 0 0 0
49 3 0 0 0 0 0 0 0
26 0 0 0 0 0 0 0 0
0 0 0 0 0 0 0 0 0
489 3 0 0 0 0 0 0 0
164 0 0 0 0 0 0 0 0
146 0 0 0 0 0 0 0 0
1054 0 0 0 0 0 0 0 0
0 0 0 0 0 0 0 0 0
0 0 0 0 0 0 0 0 0
2021 7 0 0 0 0 0 0 0
225 0 0 0 0 0 0 0 0
229 0 0 0 0 0 0 0 0
373 0 0 0 0 0 0 0 0
1089 2 0 0 0 0 0 0 0
0 0 0 0 0 0 0 0 0
155 0 0 0 0 0 0 0 0
0 0 0 0 0 0 0 0 0
454 4 0 0 0 0 0 0 0
267 0 0 0 0 0 0 0 0
170 0 0 0 0 0 0 0 0
0 0 0 0 0 0 0 0 0
222 0 0 0 0 0 0 0 0
425 1 0 0 0 0 0 0 0
13 0 0 0 0 0 0 0 0
0 0 0 0 0 0 0 0 0
69 0 0 0 0 0 0 0 0
0 0 0 0 0 0 0 0 0
81 7 0 0 0 0 0 0 0
922 0 0 0 0 0 0 0 0
142 0 0 0 0 0 0 0 0
1668 0 0 0 0 0 0 0 0
921 0 0 0 0 0 0 0 0
0 0 0 0 0 0 0 0 0
929 0 0 0 0 0 0 0 0
0 0 0 0 0 0 0 0 0
2336 0 0 0 0 0 0 0 0
0 0 0 0 0 0 0 0 0
0 0 0 0 0 0 0 0 0
0 0 0 0 0 0 0 0 0
0 0 0 0 0 0 0 0 0
0 0 0 0 0 0 0 0 0
801 0 0 0 0 0 0 0 0
544 0 0 0 0 0 0 0 0
472 8 0 0 0 0 0 0 0
0 0 0 0 0 0 0 0 0
1214 0 0 0 0 0 0 0 0
37 0 0 0 0 0 0 0 0
14 0 0 0 0 0 0 0 0
231 106 0 0 0 0 0 0 0
3 0 0 0 0 0 0 0 0
0 0 0 0 0 0 0 0 0
0 0 0 0 0 0 0 0 0
82 6 0 0 0 0 0 0 0
0 0 0 0 0 0 0 0 0
1167 60 0 0 0 0 0 0 0
722 0 0 0 0 0 0 0 0
0 0 0 0 0 0 0 0 0
1224 1 0 0 0 0 0 0 0
1297 0 0 0 0 0 0 0 0
1160 0 0 0 0 0 0 0 0
2671 38 0 0 0 0 0 0 0
0 0 0 0 0 0 0 0 0
0 0 0 0 0 0 0 0 0
3077 65 0 0 0 0 0 0 0
3066 26 0 0 0 0 0 0 0
0 0 0 0 0 0 0 0 0
1709 36 0 0 0 0 0 0 0
4239 169 0 0 0 0 0 0 0
0 0 0 0 0 0 0 0 0
1265 39 0 0 0 0 0 0 0
1464 6 0 0 0 0 0 0 0
3630 79 0 0 0 0 0 0 0
1360 22 0 0 0 0 0 0 0
0 0 0 0 0 0 0 0 0
0 0 0 0 0 0 0 0 0
2520 146 0 0 0 0 0 0 0
1069 370 0 0 0 0 0 0 0
0 0 0 0 0 0 0 0 0
995 355 0 0 0 0 0 0 0
368 144 0 0 0 0 0 0 0
0 0 0 0 0 0 0 0 0
405 177 0 0 0 0 0 0 0
245 66 0 0 0 0 0 0 0
908 128 0 0 0 0 0 0 0
73 3 0 0 0 0 0 0 0
153 0 0 0 0 0 0 0 0
0 0 0 0 0 0 0 0 0
207 4 0 0 0 0 0 0 0
996 26 0 0 0 0 0 0 0
0 0 0 0 0 0 0 0 0
1001 78 0 0 0 0 0 0 0
109 1 0 0 0 0 0 0 0
0 0 0 0 0 0 0 0 0
63 2 0 0 0 0 0 0 0
80 2 0 0 0 0 0 0 0
350 0 0 0 0 0 0 0 0
68 0 0 0 0 0 0 0 0
76 0 0 0 0 0 0 0 0
0 0 0 0 0 0 0 0 0
227 1 0 0 0 0 0 0 0
169 3 0 0 0 0 0 0 0
97 8 0 0 0 0 0 0 0
77 6 0 0 0 0 0 0 0
149 1 0 0 0 0 0 0 0
0 0 0 0 0 0 0 0 0
571 36 0 0 0 0 0 0 0
351 0 0 0 0 0 0 0 0
378 4 0 0 0 0 0 0 0
1503 170 0 0 0 0 0 0 0
371 6 0 0 0 0 0 0 0
0 0 0 0 0 0 0 0 0
215 0 0 0 0 0 0 0 0
11 1 0 0 0 0 0 0 0
12 0 0 0 0 0 0 0 0
242 8 0 0 0 0 0 0 0
0 0 0 0 0 0 0 0 0
0 0 0 0 0 0 0 0 0
0 0 0 0 0 0 0 0 0
36 4 0 0 0 0 0 0 0
107 6 0 0 0 0 0 0 0
0 0 0 0 0 0 0 0 0
284 0 0 0 0 0 0 0 0
0 0 0 0 0 0 0 0 0
15 2 0 0 0 0 0 0 0
54 2 0 0 0 0 0 0 0
78 0 0 0 0 0 0 0 0
440 0 0 0 0 0 0 0 0
48 0 0 0 0 0 0 0 0
0 0 0 0 0 0 0 0 0
9 0 0 0 0 0 0 0 0
89 0 0 0 0 0 0 0 0
1257 0 0 0 0 0 0 0 0
0 0 0 0 0 0 0 0 0
1866 1 0 0 0 0 0 0 0
0 0 0 0 0 0 0 0 0
548 0 0 0 0 0 0 0 0
592 0 0 0 0 0 0 0 0
683 0 0 0 0 0 0 0 0
602 1 0 0 0 0 0 0 0
2010 0 0 0 0 0 0 0 0
0 0 0 0 0 0 0 0 0
816 0 0 0 0 0 0 0 0
0 0 0 0 0 0 0 0 0
3927 0 0 0 0 0 0 0 0
800 0 0 0 0 0 0 0 0
850 0 0 0 0 0 0 0 0
0 0 0 0 0 0 0 0 0
815 1 0 0 0 0 0 0 0
819 1 0 0 0 0 0 0 0
766 0 0 0 0 0 0 0 0
2301 0 0 0 0 0 0 0 0
568 0 0 0 0 0 0 0 0
0 0 0 0 0 0 0 0 0
0 0 0 0 0 0 0 0 0
1783 2 0 0 0 0 0 0 0
1566 0 0 0 0 0 0 0 0
733 0 0 0 0 0 0 0 0
1086 0 0 0 0 0 0 0 0
0 0 0 0 0 0 0 0 0
2151 2 0 0 0 0 0 0 0
0 0 0 0 0 0 0 0 0
5730 1 0 0 0 0 0 0 0
5905 2 0 0 0 0 0 0 0
2081 0 0 0 0 0 0 0 0
0 0 0 0 0 0 0 0 0
2224 1 0 0 0 0 0 0 0
2316 1 0 0 0 0 0 0 0
4780 3 0 0 0 0 0 0 0
1456 0 0 0 0 0 0 0 0
1145 2 0 0 0 0 0 0 0
0 0 0 0 0 0 0 0 0
950 0 0 0 0 0 0 0 0
0 0 0 0 0 0 0 0 0
1977 51 0 0 0 0 0 0 0
1089 66 0 0 0 0 0 0 0
5406 41 0 0 0 0 0 0 0
0 0 0 0 0 0 0 0 0
3677 61 0 0 0 0 0 0 0
3991 68 0 0 0 0 0 0 0
4058 69 0 0 0 0 0 0 0
3743 22 0 0 0 0 0 0 0
6119 10 0 0 0 0 0 0 0
0 0 0 0 0 0 0 0 0
3202 27 0 0 0 0 0 0 0
0 0 0 0 0 0 0 0 0
6166 19 0 0 0 0 0 0 0
4993 49 0 0 0 0 0 0 0
1911 25 0 0 0 0 0 0 0
0 0 0 0 0 0 0 0 0
1597 1 0 0 0 0 0 0 0
1006 4 0 0 0 0 0 0 0
1133 0 0 0 0 0 0 0 0
0 0 0 0 0 0 0 0 0
972 340 0 0 0 0 0 0 0
0 0 0 0 0 0 0 0 0
401 0 0 0 0 0 0 0 0
658 0 0 0 0 0 0 0 0
618 2 0 0 0 0 0 0 0
2454 59 0 0 0 0 0 0 0
1386 2 0 0 0 0 0 0 0
0 0 0 0 0 0 0 0 0
1625 2 0 0 0 0 0 0 0
0 0 0 0 0 0 0 0 0
3427 182 0 0 0 0 0 0 0
4696 816 0 0 0 0 0 0 0
4620 145 0 0 0 0 0 0 0
0 0 0 0 0 0 0 0 0
6250 122 0 0 0 0 0 0 0
6968 122 0 0 0 0 0 0 0
6505 205 0 0 0 0 0 0 0
8715 463 0 0 0 0 0 0 0
4555 4 0 0 0 0 0 0 0
0 0 0 0 0 0 0 0 0
4342 0 0 0 0 0 0 0 0
0 0 0 0 0 0 0 0 0
10455 9 0 0 0 0 0 0 0
1696 7 0 0 0 0 0 0 0
1223 3 0 0 0 0 0 0 0
0 0 0 0 0 0 0 0 0
1011 0 0 0 0 0 0 0 0
0 0 0 0 0 0 0 0 0
2829 0 0 0 0 0 0 0 0
3188 172 0 0 0 0 0 0 0
1153 0 0 0 0 0 0 0 0
0 0 0 0 0 0 0 0 0
1027 35 0 0 0 0 0 0 0
906 7 0 0 0 0 0 0 0
1000 48 0 0 0 0 0 0 0
2172 170 0 0 0 0 0 0 0
517 5 0 0 0 0 0 0 0
0 0 0 0 0 0 0 0 0
647 17 0 0 0 0 0 0 0
567 3 0 0 0 0 0 0 0
525 0 0 0 0 0 0 0 0
458 0 0 0 0 0 0 0 0
1091 21 0 0 0 0 0 0 0
0 0 0 0 0 0 0 0 0
243 7 0 0 0 0 0 0 0
276 0 0 0 0 0 0 0 0
731 6 0 0 0 0 0 0 0
0 0 0 0 0 0 0 0 0
702 0 0 0 0 0 0 0 0
0 0 0 0 0 0 0 0 0
155 6 0 0 0 0 0 0 0
139 0 0 0 0 0 0 0 0
98 0 0 0 0 0 0 0 0
474 0 0 0 0 0 0 0 0
223 3 0 0 0 0 0 0 0
0 0 0 0 0 0 0 0 0
220 0 0 0 0 0 0 0 0
204 0 0 0 0 0 0 0 0
307 0 0 0 0 0 0 0 0
811 0 0 0 0 0 0 0 0
131 0 0 0 0 0 0 0 0
0 0 0 0 0 0 0 0 0
168 0 0 0 0 0 0 0 0
0 0 0 0 0 0 0 0 0
827 0 0 0 0 0 0 0 0
1313 6 0 0 0 0 0 0 0
593 0 0 0 0 0 0 0 0
0 0 0 0 0 0 0 0 0
0 0 0 0 0 0 0 0 0
2337 4 0 0 0 0 0 0 0
3384 118 0 0 0 0 0 0 0
2474 0 0 0 0 0 0 0 0
2759 10 0 0 0 0 0 0 0
0 0 0 0 0 0 0 0 0
3893 38 0 0 0 0 0 0 0
5282 30 0 0 0 0 0 0 0
5281 2 0 0 0 0 0 0 0
10143 1 0 0 0 0 0 0 0
0 0 0 0 0 0 0 0 0
0 0 0 0 0 0 0 0 0
9348 46 0 0 0 0 0 0 0
3659 55 0 0 0 0 0 0 0
3251 10 0 0 0 0 0 0 0
5566 28 0 0 0 0 0 0 0
2124 4 0 0 0 0 0 0 0
0 0 0 0 0 0 0 0 0
0 0 0 0 0 0 0 0 0
4777 2 0 0 0 0 0 0 0
2306 2 0 0 0 0 0 0 0
6175 5 0 0 0 0 0 0 0
2679 0 0 0 0 0 0 0 0
0 0 0 0 0 0 0 0 0
2015 2 0 0 0 0 0 0 0
1846 2 0 0 0 0 0 0 0
4498 9 0 0 0 0 0 0 0
2483 0 0 0 0 0 0 0 0
2095 0 0 0 0 0 0 0 0
0 0 0 0 0 0 0 0 0
0 0 0 0 0 0 0 0 0
3785 20 0 0 0 0 0 0 0
1109 75 0 0 0 0 0 0 0
2538 189 0 0 0 0 0 0 0
679 0 0 0 0 0 0 0 0
0 0 0 0 0 0 0 0 0
367 0 0 0 0 0 0 0 0
199 12 0 0 0 0 0 0 0
248 63 0 0 0 0 0 0 0
920 2011 0 0 0 0 0 0 0
189 1073 0 0 0 0 0 0 0
0 0 0 0 0 0 0 0 0
294 1252 0 0 0 0 0 0 0
291 1268 0 0 0 0 0 0 0
355 1349 0 0 0 0 0 0 0
1745 4187 0 0 0 0 0 0 0
343 2310 0 0 0 0 0 0 0
0 0 0 0 0 0 0 0 0
1130 6220 0 0 0 0 0 0 0
12719 12284 0 0 0 0 0 0 0
2549 16 0 0 0 0 0 0 0
2456 28 0 0 0 0 0 0 0
2109 20 0 0 0 0 0 0 0
1635 8 0 0 0 0 0 0 0
3126 32 0 0 0 0 0 0 0
0 0 0 0 0 0 0 0 0
871 9 0 0 0 0 0 0 0
416 42 0 0 0 0 0 0 0
508 125 0 0 0 0 0 0 0
533 212 0 0 0 0 0 0 0
1658 1369 0 0 0 0 0 0 0
0 0 0 0 0 0 0 0 0
371 261 0 0 0 0 0 0 0
536 263 0 0 0 0 0 0 0
352 172 0 0 0 0 0 0 0
297 145 0 0 0 0 0 0 0
1377 354 0 0 0 0 0 0 0
0 0 0 0 0 0 0 0 0
502 0 0 0 0 0 0 0 0
683 9 0 0 0 0 0 0 0
745 2 0 0 0 0 0 0 0
937 1 0 0 0 0 0 0 0
2161 18 0 0 0 0 0 0 0
0 0 0 0 0 0 0 0 0
496 7 0 0 0 0 0 0 0
281 24 0 0 0 0 0 0 0
243 13 0 0 0 0 0 0 0
317 0 0 0 0 0 0 0 0
1767 40 0 0 0 0 0 0 0
0 0 0 0 0 0 0 0 0
735 11 0 0 0 0 0 0 0
0 0 0 0 0 0 0 0 0
1817 5 0 0 0 0 0 0 0
1243 100 0 0 0 0 0 0 0
364 7 0 0 0 0 0 0 0
0 0 0 0 0 0 0 0 0
226 6 0 0 0 0 0 0 0
272 13 0 0 0 0 0 0 0
257 35 0 0 0 0 0 0 0
577 118 0 0 0 0 0 0 0
1313 135 0 0 0 0 0 0 0
0 0 0 0 0 0 0 0 0
320 20 0 0 0 0 0 0 0
0 0 0 0 0 0 0 0 0
1704 140 0 0 0 0 0 0 0
1917 95 0 0 0 0 0 0 0
355 12 0 0 0 0 0 0 0
0 0 0 0 0 0 0 0 0
299 9 0 0 0 0 0 0 0
452 4 0 0 0 0 0 0 0
0 0 0 0 0 0 0 0 0
1704 60 0 0 0 0 0 0 0
685 26 0 0 0 0 0 0 0
0 0 0 0 0 0 0 0 0
130 9 0 0 0 0 0 0 0
182 2 0 0 0 0 0 0 0
797 5 0 0 0 0 0 0 0
136 0 0 0 0 0 0 0 0
57 0 0 0 0 0 0 0 0
0 0 0 0 0 0 0 0 0
49 0 0 0 0 0 0 0 0
57 7 0 0 0 0 0 0 0
87 1 0 0 0 0 0 0 0
172 1 0 0 0 0 0 0 0
990 0 0 0 0 0 0 0 0
0 0 0 0 0 0 0 0 0
0 0 0 0 0 0 0 0 0
672 0 0 0 0 0 0 0 0
70 1 0 0 0 0 0 0 0
76 2 0 0 0 0 0 0 0
248 0 0 0 0 0 0 0 0
0 0 0 0 0 0 0 0 0
97 106 0 0 0 0 0 0 0
179 113 0 0 0 0 0 0 0
130 0 0 0 0 0 0 0 0
188 9 0 0 0 0 0 0 0
760 34 0 0 0 0 0 0 0
0 0 0 0 0 0 0 0 0
380 9 0 0 0 0 0 0 0
362 4 0 0 0 0 0 0 0
515 3 0 0 0 0 0 0 0
431 18 0 0 0 0 0 0 0
2430 22 0 0 0 0 0 0 0
0 0 0 0 0 0 0 0 0
480 6 0 0 0 0 0 0 0
413 6 0 0 0 0 0 0 0
694 1 0 0 0 0 0 0 0
1728 0 0 0 0 0 0 0 0
200 2 0 0 0 0 0 0 0
0 0 0 0 0 0 0 0 0
151 2 0 0 0 0 0 0 0
421 0 0 0 0 0 0 0 0
321 2 0 0 0 0 0 0 0
412 1 0 0 0 0 0 0 0
401 0 0 0 0 0 0 0 0
0 0 0 0 0 0 0 0 0
499 1 0 0 0 0 0 0 0
929 3 0 0 0 0 0 0 0
263 0 0 0 0 0 0 0 0
1538 1 0 0 0 0 0 0 0
703 9 0 0 0 0 0 0 0
0 0 0 0 0 0 0 0 0
704 0 0 0 0 0 0 0 0
327 5 0 0 0 0 0 0 0
1591 1 0 0 0 0 0 0 0
0 0 0 0 0 0 0 0 0
2587 0 0 0 0 0 0 0 0
0 0 0 0 0 0 0 0 0
643 0 0 0 0 0 0 0 0
770 1 0 0 0 0 0 0 0
913 0 0 0 0 0 0 0 0
1103 1 0 0 0 0 0 0 0
2825 0 0 0 0 0 0 0 0
0 0 0 0 0 0 0 0 0
1399 0 0 0 0 0 0 0 0
1316 14 0 0 0 0 0 0 0
904 0 0 0 0 0 0 0 0
1202 5 0 0 0 0 0 0 0
2437 132 0 0 0 0 0 0 0
0 0 0 0 0 0 0 0 0
780 2 0 0 0 0 0 0 0
846 6 0 0 0 0 0 0 0
1001 10 0 0 0 0 0 0 0
876 1 0 0 0 0 0 0 0
769 12 0 0 0 0 0 0 0
0 0 0 0 0 0 0 0 0
2323 25 0 0 0 0 0 0 0
1109 8 0 0 0 0 0 0 0
3531 48 0 0 0 0 0 0 0
1340 2 0 0 0 0 0 0 0
1333 24 0 0 0 0 0 0 0
0 0 0 0 0 0 0 0 0
1318 5 0 0 0 0 0 0 0
1172 5 0 0 0 0 0 0 0
0 0 0 0 0 0 0 0 0
4437 42 0 0 0 0 0 0 0
1213 0 0 0 0 0 0 0 0
0 0 0 0 0 0 0 0 0
1059 1 0 0 0 0 0 0 0
697 1 0 0 0 0 0 0 0
551 0 0 0 0 0 0 0 0
1280 1 0 0 0 0 0 0 0
175 0 0 0 0 0 0 0 0
0 0 0 0 0 0 0 0 0
130 0 0 0 0 0 0 0 0
64 4 0 0 0 0 0 0 0
0 0 0 0 0 0 0 0 0
336 4 0 0 0 0 0 0 0
10 0 0 0 0 0 0 0 0
0 0 0 0 0 0 0 0 0
4 2 0 0 0 0 0 0 0
28 2 0 0 0 0 0 0 0
10 2 0 0 0 0 0 0 0
96 1 0 0 0 0 0 0 0
6 2 0 0 0 0 0 0 0
0 0 0 0 0 0 0 0 0
3 7 0 0 0 0 0 0 0
9 0 0 0 0 0 0 0 0
58 9 0 0 0 0 0 0 0
150 14 0 0 0 0 0 0 0
0 0 0 0 0 0 0 0 0
0 0 0 0 0 0 0 0 0
2 2 0 0 0 0 0 0 0
4 0 0 0 0 0 0 0 0
112 13 0 0 0 0 0 0 0
87 0 0 0 0 0 0 0 0
106 1 0 0 0 0 0 0 0
0 0 0 0 0 0 0 0 0
0 0 0 0 0 0 0 0 0
753 17 0 0 0 0 0 0 0
301 2 0 0 0 0 0 0 0
250 2 0 0 0 0 0 0 0
967 0 0 0 0 0 0 0 0
0 0 0 0 0 0 0 0 0
0 0 0 0 0 0 0 0 0
832 1 0 0 0 0 0 0 0
129 0 0 0 0 0 0 0 0
401 2 0 0 0 0 0 0 0
46 0 0 0 0 0 0 0 0
0 0 0 0 0 0 0 0 0
15 0 0 0 0 0 0 0 0
4 0 0 0 0 0 0 0 0
30 0 0 0 0 0 0 0 0
117 2 0 0 0 0 0 0 0
39 1 0 0 0 0 0 0 0
0 0 0 0 0 0 0 0 0
0 0 0 0 0 0 0 0 0
169 5 0 0 0 0 0 0 0
54 0 0 0 0 0 0 0 0
22 0 0 0 0 0 0 0 0
17 0 0 0 0 0 0 0 0
0 0 0 0 0 0 0 0 0
104 0 0 0 0 0 0 0 0
245 1 0 0 0 0 0 0 0
505 2 0 0 0 0 0 0 0
2495 2 0 0 0 0 0 0 0
1134 0 0 0 0 0 0 0 0
0 0 0 0 0 0 0 0 0
1105 0 0 0 0 0 0 0 0
497 0 0 0 0 0 0 0 0
389 0 0 0 0 0 0 0 0
68 0 0 0 0 0 0 0 0
51 0 0 0 0 0 0 0 0
0 0 0 0 0 0 0 0 0
51 0 0 0 0 0 0 0 0
185 3 0 0 0 0 0 0 0
171 1 0 0 0 0 0 0 0
421 0 0 0 0 0 0 0 0
343 3 0 0 0 0 0 0 0
0 0 0 0 0 0 0 0 0
1170 4 0 0 0 0 0 0 0
356 5 0 0 0 0 0 0 0
1557 0 0 0 0 0 0 0 0
0 0 0 0 0 0 0 0 0
255 0 0 0 0 0 0 0 0
0 0 0 0 0 0 0 0 0
823 4 0 0 0 0 0 0 0
165 0 0 0 0 0 0 0 0
205 2 0 0 0 0 0 0 0
601 2 0 0 0 0 0 0 0
0 0 0 0 0 0 0 0 0
0 0 0 0 0 0 0 0 0
535 1 0 0 0 0 0 0 0
117 0 0 0 0 0 0 0 0
484 1 0 0 0 0 0 0 0
0 0 0 0 0 0 0 0 0
233 4 0 0 0 0 0 0 0
0 0 0 0 0 0 0 0 0
0 0 0 0 0 0 0 0 0
0 0 0 0 0 0 0 0 0
0 0 0 0 0 0 0 0 0
19 0 0 0 0 0 0 0 0
48 1 0 0 0 0 0 0 0
0 0 0 0 0 0 0 0 0
371 0 0 0 0 0 0 0 0
108 4 0 0 0 0 0 0 0
71 0 0 0 0 0 0 0 0
682 0 0 0 0 0 0 0 0
0 0 0 0 0 0 0 0 0
0 0 0 0 0 0 0 0 0
557 0 0 0 0 0 0 0 0
29 43 0 0 0 0 0 0 0
33 42 0 0 0 0 0 0 0
465 5 0 0 0 0 0 0 0
291 0 0 0 0 0 0 0 0
0 0 0 0 0 0 0 0 0
273 5 0 0 0 0 0 0 0
329 7 0 0 0 0 0 0 0
1717 7 0 0 0 0 0 0 0
821 0 0 0 0 0 0 0 0
2549 0 0 0 0 0 0 0 0
0 0 0 0 0 0 0 0 0
0 0 0 0 0 0 0 0 0
1212 0 0 0 0 0 0 0 0
3218 2 0 0 0 0 0 0 0
1354 0 0 0 0 0 0 0 0
1356 2 0 0 0 0 0 0 0
34673 19401 0 0 0 0 0 0 0
2867 154 0 0 0 0 0 0 0
863 58 0 0 0 0 0 0 0
634 52 0 0 0 0 0 0 0
633 105 0 0 0 0 0 0 0
0 0 0 0 0 0 0 0 0
1787 616 0 0 0 0 0 0 0
461 32 0 0 0 0 0 0 0
322 25 0 0 0 0 0 0 0
610 29 0 0 0 0 0 0 0
57 10 0 0 0 0 0 0 0
0 0 0 0 0 0 0 0 0
0 0 0 0 0 0 0 0 0
358 106 0 0 0 0 0 0 0
165 12 0 0 0 0 0 0 0
225 16 0 0 0 0 0 0 0
613 73 0 0 0 0 0 0 0
0 0 0 0 0 0 0 0 0
283 6 0 0 0 0 0 0 0
230 1 0 0 0 0 0 0 0
147 0 0 0 0 0 0 0 0
1023 5 0 0 0 0 0 0 0
274 0 0 0 0 0 0 0 0
0 0 0 0 0 0 0 0 0
151 20 0 0 0 0 0 0 0
87 1 0 0 0 0 0 0 0
47 1 0 0 0 0 0 0 0
18 0 0 0 0 0 0 0 0
131 16 0 0 0 0 0 0 0
0 0 0 0 0 0 0 0 0
643 140 0 0 0 0 0 0 0
281 0 0 0 0 0 0 0 0
228 1 0 0 0 0 0 0 0
581 29 0 0 0 0 0 0 0
184 7 0 0 0 0 0 0 0
0 0 0 0 0 0 0 0 0
259 0 0 0 0 0 0 0 0
324 1 0 0 0 0 0 0 0
360 0 0 0 0 0 0 0 0
316 17 0 0 0 0 0 0 0
151 22 0 0 0 0 0 0 0
0 0 0 0 0 0 0 0 0
734 73 0 0 0 0 0 0 0
250 144 0 0 0 0 0 0 0
269 56 0 0 0 0 0 0 0
0 0 0 0 0 0 0 0 0
2806 127 0 0 0 0 0 0 0
0 0 0 0 0 0 0 0 0
552 73 0 0 0 0 0 0 0
501 156 0 0 0 0 0 0 0
0 0 0 0 0 0 0 0 0
1414 191 0 0 0 0 0 0 0
418 23 0 0 0 0 0 0 0
0 0 0 0 0 0 0 0 0
474 42 0 0 0 0 0 0 0
1056 151 0 0 0 0 0 0 0
72 66 0 0 0 0 0 0 0
31 47 0 0 0 0 0 0 0
77 34 0 0 0 0 0 0 0
0 0 0 0 0 0 0 0 0
312 78 0 0 0 0 0 0 0
18 12 0 0 0 0 0 0 0
83 7 0 0 0 0 0 0 0
82 3 0 0 0 0 0 0 0
129 1 0 0 0 0 0 0 0
0 0 0 0 0 0 0 0 0
239 0 0 0 0 0 0 0 0
328 1 0 0 0 0 0 0 0
700 8 0 0 0 0 0 0 0
92 1 0 0 0 0 0 0 0
107 0 0 0 0 0 0 0 0
0 0 0 0 0 0 0 0 0
0 0 0 0 0 0 0 0 0
704 18 0 0 0 0 0 0 0
0 0 0 0 0 0 0 0 0
14 0 0 0 0 0 0 0 0
32 1 0 0 0 0 0 0 0
0 0 0 0 0 0 0 0 0
184 1 0 0 0 0 0 0 0
21 0 0 0 0 0 0 0 0
32 0 0 0 0 0 0 0 0
103 6 0 0 0 0 0 0 0
13 2 0 0 0 0 0 0 0
0 0 0 0 0 0 0 0 0
31 1 0 0 0 0 0 0 0
45 5 0 0 0 0 0 0 0
43 0 0 0 0 0 0 0 0
78 2 0 0 0 0 0 0 0
238 6 0 0 0 0 0 0 0
0 0 0 0 0 0 0 0 0
2 0 0 0 0 0 0 0 0
22 0 0 0 0 0 0 0 0
0 0 0 0 0 0 0 0 0
39 5 0 0 0 0 0 0 0
29 1 0 0 0 0 0 0 0
0 0 0 0 0 0 0 0 0
326 5 0 0 0 0 0 0 0
49 4 0 0 0 0 0 0 0
125 0 0 0 0 0 0 0 0
47 0 0 0 0 0 0 0 0
68 0 0 0 0 0 0 0 0
0 0 0 0 0 0 0 0 0
545 1 0 0 0 0 0 0 0
188 2 0 0 0 0 0 0 0
0 0 0 0 0 0 0 0 0
940 15 0 0 0 0 0 0 0
187 0 0 0 0 0 0 0 0
0 0 0 0 0 0 0 0 0
370 0 0 0 0 0 0 0 0
1085 0 0 0 0 0 0 0 0
326 0 0 0 0 0 0 0 0
261 0 0 0 0 0 0 0 0
157 103 0 0 0 0 0 0 0
0 0 0 0 0 0 0 0 0
138 2 0 0 0 0 0 0 0
0 0 0 0 0 0 0 0 0
344 28 0 0 0 0 0 0 0
0 0 0 0 0 0 0 0 0
0 0 0 0 0 0 0 0 0
0 0 0 0 0 0 0 0 0
0 0 0 0 0 0 0 0 0
0 0 0 0 0 0 0 0 0
0 0 0 0 0 0 0 0 0
247 42 0 0 0 0 0 0 0
178 0 0 0 0 0 0 0 0
0 0 0 0 0 0 0 0 0
1393 5 0 0 0 0 0 0 0
636 0 0 0 0 0 0 0 0
558 0 0 0 0 0 0 0 0
470 0 0 0 0 0 0 0 0
249 0 0 0 0 0 0 0 0
0 0 0 0 0 0 0 0 0
302 0 0 0 0 0 0 0 0
1372 2 0 0 0 0 0 0 0
644 0 0 0 0 0 0 0 0
1002 6 0 0 0 0 0 0 0
1087 6 0 0 0 0 0 0 0
0 0 0 0 0 0 0 0 0
2832 2 0 0 0 0 0 0 0
712 3 0 0 0 0 0 0 0
475 0 0 0 0 0 0 0 0
292 1 0 0 0 0 0 0 0
183 0 0 0 0 0 0 0 0
0 0 0 0 0 0 0 0 0
141 0 0 0 0 0 0 0 0
423 2 0 0 0 0 0 0 0
0 0 0 0 0 0 0 0 0
343 4 0 0 0 0 0 0 0
26 0 0 0 0 0 0 0 0
0 0 0 0 0 0 0 0 0
225 0 0 0 0 0 0 0 0
202 1 0 0 0 0 0 0 0
196 0 0 0 0 0 0 0 0
409 0 0 0 0 0 0 0 0
401 9 0 0 0 0 0 0 0
0 0 0 0 0 0 0 0 0
529 6 0 0 0 0 0 0 0
332 0 0 0 0 0 0 0 0
774 0 0 0 0 0 0 0 0
68 0 0 0 0 0 0 0 0
100 0 0 0 0 0 0 0 0
0 0 0 0 0 0 0 0 0
962 4 0 0 0 0 0 0 0
162 0 0 0 0 0 0 0 0
0 0 0 0 0 0 0 0 0
1027 0 0 0 0 0 0 0 0
137 0 0 0 0 0 0 0 0
0 0 0 0 0 0 0 0 0
220 4 0 0 0 0 0 0 0
1381 0 0 0 0 0 0 0 0
193 0 0 0 0 0 0 0 0
117 0 0 0 0 0 0 0 0
166 3 0 0 0 0 0 0 0
0 0 0 0 0 0 0 0 0
1187 0 0 0 0 0 0 0 0
243 0 0 0 0 0 0 0 0
0 0 0 0 0 0 0 0 0
1127 0 0 0 0 0 0 0 0
150 0 0 0 0 0 0 0 0
0 0 0 0 0 0 0 0 0
79 2 0 0 0 0 0 0 0
1676 0 0 0 0 0 0 0 0
515 0 0 0 0 0 0 0 0
345 0 0 0 0 0 0 0 0
68 0 0 0 0 0 0 0 0
0 0 0 0 0 0 0 0 0
577 0 0 0 0 0 0 0 0
420 0 0 0 0 0 0 0 0
0 0 0 0 0 0 0 0 0
2110 2 0 0 0 0 0 0 0
886 15 0 0 0 0 0 0 0
0 0 0 0 0 0 0 0 0
762 4 0 0 0 0 0 0 0
1583 51 0 0 0 0 0 0 0
74 2 0 0 0 0 0 0 0
0 0 0 0 0 0 0 0 0
432 14 0 0 0 0 0 0 0
0 0 0 0 0 0 0 0 0
322 0 0 0 0 0 0 0 0
173 0 0 0 0 0 0 0 0
181 0 0 0 0 0 0 0 0
68 3 0 0 0 0 0 0 0
89 0 0 0 0 0 0 0 0
0 0 0 0 0 0 0 0 0
176 0 0 0 0 0 0 0 0
1180 0 0 0 0 0 0 0 0
349 0 0 0 0 0 0 0 0
295 0 0 0 0 0 0 0 0
955 3 0 0 0 0 0 0 0
0 0 0 0 0 0 0 0 0
196 5 0 0 0 0 0 0 0
120 0 0 0 0 0 0 0 0
125 0 0 0 0 0 0 0 0
98 0 0 0 0 0 0 0 0
360 0 0 0 0 0 0 0 0
0 0 0 0 0 0 0 0 0
0 0 0 0 0 0 0 0 0
124 0 0 0 0 0 0 0 0
22 0 0 0 0 0 0 0 0
0 0 0 0 0 0 0 0 0
0 0 0 0 0 0 0 0 0
0 0 0 0 0 0 0 0 0
0 2 0 0 0 0 0 0 0
0 0 0 0 0 0 0 0 0
107 14 0 0 0 0 0 0 0
99 16 0 0 0 0 0 0 0
68 0 0 0 0 0 0 0 0
0 0 0 0 0 0 0 0 0
44 2 0 0 0 0 0 0 0
506 8 0 0 0 0 0 0 0
91 0 0 0 0 0 0 0 0
128 8 0 0 0 0 0 0 0
71 0 0 0 0 0 0 0 0
0 0 0 0 0 0 0 0 0
602 1 0 0 0 0 0 0 0
0 0 0 0 0 0 0 0 0
394 4 0 0 0 0 0 0 0
1 0 0 0 0 0 0 0 0
3 6 0 0 0 0 0 0 0
0 0 0 0 0 0 0 0 0
0 0 0 0 0 0 0 0 0
8 0 0 0 0 0 0 0 0
0 2 0 0 0 0 0 0 0
0 0 0 0 0 0 0 0 0
0 0 0 0 0 0 0 0 0
0 0 0 0 0 0 0 0 0
2 0 0 0 0 0 0 0 0
0 0 0 0 0 0 0 0 0
0 0 0 0 0 0 0 0 0
0 0 0 0 0 0 0 0 0
0 0 0 0 0 0 0 0 0
0 0 0 0 0 0 0 0 0
3 1 0 0 0 0 0 0 0
5 0 0 0 0 0 0 0 0
283 0 0 0 0 0 0 0 0
0 0 0 0 0 0 0 0 0
444 0 0 0 0 0 0 0 0
0 0 0 0 0 0 0 0 0
576 0 0 0 0 0 0 0 0
0 0 0 0 0 0 0 0 0
223 0 0 0 0 0 0 0 0
30 0 0 0 0 0 0 0 0
9 0 0 0 0 0 0 0 0
0 0 0 0 0 0 0 0 0
7 0 0 0 0 0 0 0 0
6 0 0 0 0 0 0 0 0
10 0 0 0 0 0 0 0 0
7 3 0 0 0 0 0 0 0
14 1 0 0 0 0 0 0 0
0 0 0 0 0 0 0 0 0
0 0 0 0 0 0 0 0 0
0 0 0 0 0 0 0 0 0
35 5 0 0 0 0 0 0 0
3 0 0 0 0 0 0 0 0
3 0 0 0 0 0 0 0 0
0 0 0 0 0 0 0 0 0
0 3 0 0 0 0 0 0 0
3 2 0 0 0 0 0 0 0
0 0 0 0 0 0 0 0 0
0 2 0 0 0 0 0 0 0
3 1 0 0 0 0 0 0 0
0 0 0 0 0 0 0 0 0
0 116 0 0 0 0 0 0 0
0 0 0 0 0 0 0 0 0
2 18 0 0 0 0 0 0 0
0 0 0 0 0 0 0 0 0
2 3 0 0 0 0 0 0 0
0 0 0 0 0 0 0 0 0
2 10 0 0 0 0 0 0 0
7 5 0 0 0 0 0 0 0
0 0 0 0 0 0 0 0 0
10 1 0 0 0 0 0 0 0
2 0 0 0 0 0 0 0 0
0 0 0 0 0 0 0 0 0
15 0 0 0 0 0 0 0 0
0 0 0 0 0 0 0 0 0
35 0 0 0 0 0 0 0 0
1 0 0 0 0 0 0 0 0
9 0 0 0 0 0 0 0 0
0 0 0 0 0 0 0 0 0
0 0 0 0 0 0 0 0 0
504 25 0 0 0 0 0 0 0
36 0 0 0 0 0 0 0 0
25 0 0 0 0 0 0 0 0
10 50 0 0 0 0 0 0 0
0 0 0 0 0 0 0 0 0
231 119 0 0 0 0 0 0 0
0 0 0 0 0 0 0 0 0
545 21 0 0 0 0 0 0 0
133 0 0 0 0 0 0 0 0
303 0 0 0 0 0 0 0 0
0 0 0 0 0 0 0 0 0
566 0 0 0 0 0 0 0 0
1211 4 0 0 0 0 0 0 0
304 6 0 0 0 0 0 0 0
517 0 0 0 0 0 0 0 0
765 4 0 0 0 0 0 0 0
0 0 0 0 0 0 0 0 0
1757 2 0 0 0 0 0 0 0
0 0 0 0 0 0 0 0 0
666 0 0 0 0 0 0 0 0
99 2 0 0 0 0 0 0 0
90 0 0 0 0 0 0 0 0
0 0 0 0 0 0 0 0 0
203 1 0 0 0 0 0 0 0
427 32 0 0 0 0 0 0 0
0 0 0 0 0 0 0 0 0
481 19 0 0 0 0 0 0 0
108 0 0 0 0 0 0 0 0
0 0 0 0 0 0 0 0 0
193 1 0 0 0 0 0 0 0
158 0 0 0 0 0 0 0 0
476 3 0 0 0 0 0 0 0
59 0 0 0 0 0 0 0 0
69 0 0 0 0 0 0 0 0
0 0 0 0 0 0 0 0 0
142 0 0 0 0 0 0 0 0
381 1 0 0 0 0 0 0 0
0 0 0 0 0 0 0 0 0
484 0 0 0 0 0 0 0 0
114 0 0 0 0 0 0 0 0
0 0 0 0 0 0 0 0 0
21 0 0 0 0 0 0 0 0
192 113 0 0 0 0 0 0 0
2 146 0 0 0 0 0 0 0
7 295 0 0 0 0 0 0 0
151 6793 0 0 0 0 0 0 0
16976 38590 0 0 0 0 0 0 0
1 25 0 0 0 0 0 0 0
0 72 0 0 0 0 0 0 0
1 13 0 0 0 0 0 0 0
0 54 0 0 0 0 0 0 0
1 22 0 0 0 0 0 0 0
0 0 0 0 0 0 0 0 0
0 0 0 0 0 0 0 0 0
0 115 0 0 0 0 0 0 0
0 43 0 0 0 0 0 0 0
0 35 0 0 0 0 0 0 0
1 50 0 0 0 0 0 0 0
0 0 0 0 0 0 0 0 0
0 15 0 0 0 0 0 0 0
5 1 0 0 0 0 0 0 0
0 6 0 0 0 0 0 0 0
2 42 0 0 0 0 0 0 0
0 6 0 0 0 0 0 0 0
0 0 0 0 0 0 0 0 0
0 0 0 0 0 0 0 0 0
1 51 0 0 0 0 0 0 0
3 46 0 0 0 0 0 0 0
70 513 0 0 0 0 0 0 0
45 87 0 0 0 0 0 0 0
0 0 0 0 0 0 0 0 0
30 29 0 0 0 0 0 0 0
52 22 0 0 0 0 0 0 0
79 1 0 0 0 0 0 0 0
444 91 0 0 0 0 0 0 0
282 0 0 0 0 0 0 0 0
0 0 0 0 0 0 0 0 0
711 0 0 0 0 0 0 0 0
1114 0 0 0 0 0 0 0 0
1619 40 0 0 0 0 0 0 0
1753 5 0 0 0 0 0 0 0
4277 39 0 0 0 0 0 0 0
0 0 0 0 0 0 0 0 0
1267 3 0 0 0 0 0 0 0
924 9 0 0 0 0 0 0 0
642 3 0 0 0 0 0 0 0
889 60 0 0 0 0 0 0 0
0 0 0 0 0 0 0 0 0
0 0 0 0 0 0 0 0 0
274 23 0 0 0 0 0 0 0
63 2 0 0 0 0 0 0 0
108 0 0 0 0 0 0 0 0
100 0 0 0 0 0 0 0 0
163 3 0 0 0 0 0 0 0
0 0 0 0 0 0 0 0 0
1 0 0 0 0 0 0 0 0
1 0 0 0 0 0 0 0 0
55 0 0 0 0 0 0 0 0
0 0 0 0 0 0 0 0 0
0 5 0 0 0 0 0 0 0
0 0 0 0 0 0 0 0 0
6 1 0 0 0 0 0 0 0
0 0 0 0 0 0 0 0 0
26 0 0 0 0 0 0 0 0
187 1 0 0 0 0 0 0 0
38 6 0 0 0 0 0 0 0
0 0 0 0 0 0 0 0 0
13 0 0 0 0 0 0 0 0
13 0 0 0 0 0 0 0 0
92 0 0 0 0 0 0 0 0
7 0 0 0 0 0 0 0 0
2 0 0 0 0 0 0 0 0
0 0 0 0 0 0 0 0 0
4 5 0 0 0 0 0 0 0
1 0 0 0 0 0 0 0 0
0 0 0 0 0 0 0 0 0
2 0 0 0 0 0 0 0 0
33 0 0 0 0 0 0 0 0
0 0 0 0 0 0 0 0 0
39 0 0 0 0 0 0 0 0
1 1 0 0 0 0 0 0 0
0 1 0 0 0 0 0 0 0
29 0 0 0 0 0 0 0 0
0 0 0 0 0 0 0 0 0
0 0 0 0 0 0 0 0 0
2 0 0 0 0 0 0 0 0
0 0 0 0 0 0 0 0 0
0 0 0 0 0 0 0 0 0
0 0 0 0 0 0 0 0 0
0 0 0 0 0 0 0 0 0
0 0 0 0 0 0 0 0 0
0 0 0 0 0 0 0 0 0
0 0 0 0 0 0 0 0 0
35 0 0 0 0 0 0 0 0
4 0 0 0 0 0 0 0 0
0 0 0 0 0 0 0 0 0
0 0 0 0 0 0 0 0 0
0 0 0 0 0 0 0 0 0
0 0 0 0 0 0 0 0 0
0 0 0 0 0 0 0 0 0
0 0 0 0 0 0 0 0 0
0 0 0 0 0 0 0 0 0
0 0 0 0 0 0 0 0 0
46 2 0 0 0 0 0 0 0
31 0 0 0 0 0 0 0 0
7 0 0 0 0 0 0 0 0
10 0 0 0 0 0 0 0 0
3 0 0 0 0 0 0 0 0
0 0 0 0 0 0 0 0 0
575 0 0 0 0 0 0 0 0
167 1 0 0 0 0 0 0 0
234 0 0 0 0 0 0 0 0
309 0 0 0 0 0 0 0 0
1155 0 0 0 0 0 0 0 0
0 0 0 0 0 0 0 0 0
146 3 0 0 0 0 0 0 0
28 0 0 0 0 0 0 0 0
6 0 0 0 0 0 0 0 0
576 0 0 0 0 0 0 0 0
444 0 0 0 0 0 0 0 0
0 0 0 0 0 0 0 0 0
787 0 0 0 0 0 0 0 0
786 0 0 0 0 0 0 0 0
573 0 0 0 0 0 0 0 0
1749 0 0 0 0 0 0 0 0
470 0 0 0 0 0 0 0 0
0 0 0 0 0 0 0 0 0
406 0 0 0 0 0 0 0 0
261 0 0 0 0 0 0 0 0
369 0 0 0 0 0 0 0 0
50 0 0 0 0 0 0 0 0
20 0 0 0 0 0 0 0 0
0 0 0 0 0 0 0 0 0
12 0 0 0 0 0 0 0 0
22 2 0 0 0 0 0 0 0
0 0 0 0 0 0 0 0 0
352 2 0 0 0 0 0 0 0
538 0 0 0 0 0 0 0 0
0 0 0 0 0 0 0 0 0
938 0 0 0 0 0 0 0 0
1078 0 0 0 0 0 0 0 0
2190 0 0 0 0 0 0 0 0
673 0 0 0 0 0 0 0 0
590 0 0 0 0 0 0 0 0
0 0 0 0 0 0 0 0 0
0 0 0 0 0 0 0 0 0
1709 11 0 0 0 0 0 0 0
224 0 0 0 0 0 0 0 0
306 0 0 0 0 0 0 0 0
192 0 0 0 0 0 0 0 0
0 0 0 0 0 0 0 0 0
232 0 0 0 0 0 0 0 0
412 0 0 0 0 0 0 0 0
2590 0 0 0 0 0 0 0 0
827 1 0 0 0 0 0 0 0
619 0 0 0 0 0 0 0 0
0 0 0 0 0 0 0 0 0
1148 3 0 0 0 0 0 0 0
97 0 0 0 0 0 0 0 0
1321 0 0 0 0 0 0 0 0
0 0 0 0 0 0 0 0 0
310 0 0 0 0 0 0 0 0
0 0 0 0 0 0 0 0 0
768 0 0 0 0 0 0 0 0
420 0 0 0 0 0 0 0 0
0 0 0 0 0 0 0 0 0
1886 0 0 0 0 0 0 0 0
1385 0 0 0 0 0 0 0 0
0 0 0 0 0 0 0 0 0
291 0 0 0 0 0 0 0 0
144 0 0 0 0 0 0 0 0
50 0 0 0 0 0 0 0 0
103 0 0 0 0 0 0 0 0
301 0 0 0 0 0 0 0 0
0 0 0 0 0 0 0 0 0
1998 0 0 0 0 0 0 0 0
701 1 0 0 0 0 0 0 0
583 0 0 0 0 0 0 0 0
924 0 0 0 0 0 0 0 0
0 0 0 0 0 0 0 0 0
0 0 0 0 0 0 0 0 0
62 0 0 0 0 0 0 0 0
0 0 0 0 0 0 0 0 0
620 1 0 0 0 0 0 0 0
0 0 0 0 0 0 0 0 0
442 0 0 0 0 0 0 0 0
0 0 0 0 0 0 0 0 0
15 0 0 0 0 0 0 0 0
13 0 0 0 0 0 0 0 0
2 0 0 0 0 0 0 0 0
0 0 0 0 0 0 0 0 0
2 0 0 0 0 0 0 0 0
0 0 0 0 0 0 0 0 0
0 0 0 0 0 0 0 0 0
112 0 0 0 0 0 0 0 0
9 0 0 0 0 0 0 0 0
38 6 0 0 0 0 0 0 0
0 0 0 0 0 0 0 0 0
0 0 0 0 0 0 0 0 0
297 1 0 0 0 0 0 0 0
6 5 0 0 0 0 0 0 0
44 0 0 0 0 0 0 0 0
22 0 0 0 0 0 0 0 0
106 0 0 0 0 0 0 0 0
0 0 0 0 0 0 0 0 0
6 5 0 0 0 0 0 0 0
104 0 0 0 0 0 0 0 0
31 65 0 0 0 0 0 0 0
11 22 0 0 0 0 0 0 0
24 1 0 0 0 0 0 0 0
0 0 0 0 0 0 0 0 0
18 0 0 0 0 0 0 0 0
23 5 0 0 0 0 0 0 0
103 23 0 0 0 0 0 0 0
0 0 0 0 0 0 0 0 0
435 0 0 0 0 0 0 0 0
0 0 0 0 0 0 0 0 0
1456 6 0 0 0 0 0 0 0
456 0 0 0 0 0 0 0 0
437 1 0 0 0 0 0 0 0
482 3 0 0 0 0 0 0 0
499 2 0 0 0 0 0 0 0
0 0 0 0 0 0 0 0 0
821 0 0 0 0 0 0 0 0
2021 1 0 0 0 0 0 0 0
352 0 0 0 0 0 0 0 0
627 0 0 0 0 0 0 0 0
783 0 0 0 0 0 0 0 0
0 0 0 0 0 0 0 0 0
806 0 0 0 0 0 0 0 0
1907 2 0 0 0 0 0 0 0
593 0 0 0 0 0 0 0 0
780 0 0 0 0 0 0 0 0
1034 0 0 0 0 0 0 0 0
0 0 0 0 0 0 0 0 0
911 0 0 0 0 0 0 0 0
2210 0 0 0 0 0 0 0 0
705 0 0 0 0 0 0 0 0
1436 0 0 0 0 0 0 0 0
1756 0 0 0 0 0 0 0 0
0 0 0 0 0 0 0 0 0
1466 0 0 0 0 0 0 0 0
2249 0 0 0 0 0 0 0 0
723 0 0 0 0 0 0 0 0
652 0 0 0 0 0 0 0 0
757 0 0 0 0 0 0 0 0
0 1 0 0 0 0 0 0 0
640 0 0 0 0 0 0 0 0
224 0 0 0 0 0 0 0 0
1156 0 0 0 0 0 0 0 0
556 0 0 0 0 0 0 0 0
855 0 0 0 0 0 0 0 0
0 0 0 0 0 0 0 0 0
3583 0 0 0 0 0 0 0 0
1036 4 0 0 0 0 0 0 0
549 0 0 0 0 0 0 0 0
204 0 0 0 0 0 0 0 0
194 0 0 0 0 0 0 0 0
0 0 0 0 0 0 0 0 0
639 0 0 0 0 0 0 0 0
1813 0 0 0 0 0 0 0 0
795 0 0 0 0 0 0 0 0
0 0 0 0 0 0 0 0 0
1166 1 0 0 0 0 0 0 0
0 0 0 0 0 0 0 0 0
399 0 0 0 0 0 0 0 0
230 0 0 0 0 0 0 0 0
288 0 0 0 0 0 0 0 0
210 0 0 0 0 0 0 0 0
48 0 0 0 0 0 0 0 0
0 0 0 0 0 0 0 0 0
42 0 0 0 0 0 0 0 0
689 0 0 0 0 0 0 0 0
385 0 0 0 0 0 0 0 0
0 0 0 0 0 0 0 0 0
2598 0 0 0 0 0 0 0 0
0 0 0 0 0 0 0 0 0
2418 0 0 0 0 0 0 0 0
637 0 0 0 0 0 0 0 0
880 0 0 0 0 0 0 0 0
881 0 0 0 0 0 0 0 0
327 0 0 0 0 0 0 0 0
0 0 0 0 0 0 0 0 0
0 0 0 0 0 0 0 0 0
2030 0 0 0 0 0 0 0 0
509 0 0 0 0 0 0 0 0
432 0 0 0 0 0 0 0 0
114 0 0 0 0 0 0 0 0
0 0 0 0 0 0 0 0 0
375 0 0 0 0 0 0 0 0
281 0 0 0 0 0 0 0 0
209 0 0 0 0 0 0 0 0
77 0 0 0 0 0 0 0 0
31 0 0 0 0 0 0 0 0
0 0 0 0 0 0 0 0 0
0 0 0 0 0 0 0 0 0
1216 18 0 0 0 0 0 0 0
2352 4 0 0 0 0 0 0 0
749 9 0 0 0 0 0 0 0
783 2 0 0 0 0 0 0 0
0 0 0 0 0 0 0 0 0
451 8 0 0 0 0 0 0 0
1084 26 0 0 0 0 0 0 0
557 5 0 0 0 0 0 0 0
680 0 0 0 0 0 0 0 0
589 2 0 0 0 0 0 0 0
0 2 0 0 0 0 0 0 0
377 1 0 0 0 0 0 0 0
492 5 0 0 0 0 0 0 0
2 0 0 0 0 0 0 0 0
6 0 0 0 0 0 0 0 0
1 0 0 0 0 0 0 0 0
0 0 0 0 0 0 0 0 0
1 0 0 0 0 0 0 0 0
5 0 0 0 0 0 0 0 0
3 0 0 0 0 0 0 0 0
0 0 0 0 0 0 0 0 0
362 0 0 0 0 0 0 0 0
0 0 0 0 0 0 0 0 0
82 0 0 0 0 0 0 0 0
136 0 0 0 0 0 0 0 0
58 0 0 0 0 0 0 0 0
480 0 0 0 0 0 0 0 0
24 1 0 0 0 0 0 0 0
0 0 0 0 0 0 0 0 0
95 0 0 0 0 0 0 0 0
206 0 0 0 0 0 0 0 0
19 0 0 0 0 0 0 0 0
19 0 0 0 0 0 0 0 0
0 0 0 0 0 0 0 0 0
0 0 0 0 0 0 0 0 0
0 0 0 0 0 0 0 0 0
1 0 0 0 0 0 0 0 0
4 0 0 0 0 0 0 0 0
0 3 0 0 0 0 0 0 0
0 2 0 0 0 0 0 0 0
0 0 0 0 0 0 0 0 0
61 0 0 0 0 0 0 0 0
7 0 0 0 0 0 0 0 0
30 0 0 0 0 0 0 0 0
20 0 0 0 0 0 0 0 0
13 14 0 0 0 0 0 0 0
0 0 0 0 0 0 0 0 0
0 0 0 0 0 0 0 0 0
36 0 0 0 0 0 0 0 0
410 0 0 0 0 0 0 0 0
343 0 0 0 0 0 0 0 0
329 0 0 0 0 0 0 0 0
0 0 0 0 0 0 0 0 0
446 0 0 0 0 0 0 0 0
1355 3 0 0 0 0 0 0 0
509 0 0 0 0 0 0 0 0
566 0 0 0 0 0 0 0 0
0 0 0 0 0 0 0 0 0
0 0 0 0 0 0 0 0 0
4392 18 0 0 0 0 0 0 0
5691 27 0 0 0 0 0 0 0
1958 0 0 0 0 0 0 0 0
1288 6 0 0 0 0 0 0 0
901 0 0 0 0 0 0 0 0
0 0 0 0 0 0 0 0 0
2346 12 0 0 0 0 0 0 0
0 0 0 0 0 0 0 0 0
1858 0 0 0 0 0 0 0 0
1163 0 0 0 0 0 0 0 0
1749 1 0 0 0 0 0 0 0
0 0 0 0 0 0 0 0 0
2604 0 0 0 0 0 0 0 0
3429 0 0 0 0 0 0 0 0
7936 0 0 0 0 0 0 0 0
3158 0 0 0 0 0 0 0 0
2512 1 0 0 0 0 0 0 0
0 0 0 0 0 0 0 0 0
3152 195 0 0 0 0 0 0 0
682 17 0 0 0 0 0 0 0
735 65 0 0 0 0 0 0 0
928 91 0 0 0 0 0 0 0
3144 665 0 0 0 0 0 0 0
0 0 0 0 0 0 0 0 0
1527 45 0 0 0 0 0 0 0
1641 48 0 0 0 0 0 0 0
4374 201 0 0 0 0 0 0 0
1434 20 0 0 0 0 0 0 0
0 0 0 0 0 0 0 0 0
0 0 0 0 0 0 0 0 0
3183 66 0 0 0 0 0 0 0
2352 134 0 0 0 0 0 0 0
724 4 0 0 0 0 0 0 0
597 10 0 0 0 0 0 0 0
531 6 0 0 0 0 0 0 0
0 0 0 0 0 0 0 0 0
899 15 0 0 0 0 0 0 0
103 0 0 0 0 0 0 0 0
113 0 0 0 0 0 0 0 0
329 77 0 0 0 0 0 0 0
0 0 0 0 0 0 0 0 0
0 0 0 0 0 0 0 0 0
0 0 0 0 0 0 0 0 0
0 0 0 0 0 0 0 0 0
0 0 0 0 0 0 0 0 0
13 66 0 0 0 0 0 0 0
4 40 0 0 0 0 0 0 0
0 0 0 0 0 0 0 0 0
20 18 0 0 0 0 0 0 0
357 29 0 0 0 0 0 0 0
674 13 0 0 0 0 0 0 0
134 0 0 0 0 0 0 0 0
7 0 0 0 0 0 0 0 0
0 0 0 0 0 0 0 0 0
163 0 0 0 0 0 0 0 0
20 1 0 0 0 0 0 0 0
24 0 0 0 0 0 0 0 0
17 0 0 0 0 0 0 0 0
22 0 0 0 0 0 0 0 0
0 0 0 0 0 0 0 0 0
428 200 0 0 0 0 0 0 0
152 39 0 0 0 0 0 0 0
149 8 0 0 0 0 0 0 0
223 14 0 0 0 0 0 0 0
1147 262 0 0 0 0 0 0 0
0 0 0 0 0 0 0 0 0
0 0 0 0 0 0 0 0 0
1509 178 0 0 0 0 0 0 0
563 8 0 0 0 0 0 0 0
700 2 0 0 0 0 0 0 0
926 1 0 0 0 0 0 0 0
0 0 0 0 0 0 0 0 0
2912 16 0 0 0 0 0 0 0
1998 4 0 0 0 0 0 0 0
1959 0 0 0 0 0 0 0 0
4642 3 0 0 0 0 0 0 0
0 0 0 0 0 0 0 0 0
0 0 0 0 0 0 0 0 0
4241 1 0 0 0 0 0 0 0
1773 0 0 0 0 0 0 0 0
2161 16 0 0 0 0 0 0 0
2316 14 0 0 0 0 0 0 0
4731 0 0 0 0 0 0 0 0
0 0 0 0 0 0 0 0 0
2099 0 0 0 0 0 0 0 0
1877 0 0 0 0 0 0 0 0
1977 3 0 0 0 0 0 0 0
4286 0 0 0 0 0 0 0 0
1709 0 0 0 0 0 0 0 0
0 0 0 0 0 0 0 0 0
3605 0 0 0 0 0 0 0 0
0 0 0 0 0 0 0 0 0
3309 0 0 0 0 0 0 0 0
1055 0 0 0 0 0 0 0 0
1180 0 0 0 0 0 0 0 0
0 0 0 0 0 0 0 0 0
1287 0 0 0 0 0 0 0 0
3025 0 0 0 0 0 0 0 0
0 0 0 0 0 0 0 0 0
3361 2 0 0 0 0 0 0 0
0 0 0 0 0 0 0 0 0
0 0 0 0 0 0 0 0 0
3653 0 0 0 0 0 0 0 0
3240 0 0 0 0 0 0 0 0
828 0 0 0 0 0 0 0 0
540 0 0 0 0 0 0 0 0
558 66 0 0 0 0 0 0 0
0 0 0 0 0 0 0 0 0
395 73 0 0 0 0 0 0 0
602 3 0 0 0 0 0 0 0
3163 2 0 0 0 0 0 0 0
2153 13 0 0 0 0 0 0 0
2160 0 0 0 0 0 0 0 0
0 0 0 0 0 0 0 0 0
4008 0 0 0 0 0 0 0 0
1132 0 0 0 0 0 0 0 0
1263 1 0 0 0 0 0 0 0
1708 1 0 0 0 0 0 0 0
1274 21 0 0 0 0 0 0 0
0 0 0 0 0 0 0 0 0
1067 0 0 0 0 0 0 0 0
843 0 0 0 0 0 0 0 0
1749 2 0 0 0 0 0 0 0
870 2 0 0 0 0 0 0 0
1324 2 0 0 0 0 0 0 0
0 0 0 0 0 0 0 0 0
287 0 0 0 0 0 0 0 0
0 0 0 0 0 0 0 0 0
1095 0 0 0 0 0 0 0 0
1564 26 0 0 0 0 0 0 0
0 0 0 0 0 0 0 0 0
0 0 0 0 0 0 0 0 0
1053 0 0 0 0 0 0 0 0
0 0 0 0 0 0 0 0 0
1147 0 0 0 0 0 0 0 0
1526 0 0 0 0 0 0 0 0
0 0 0 0 0 0 0 0 0
360 3 0 0 0 0 0 0 0
766 0 0 0 0 0 0 0 0
0 0 0 0 0 0 0 0 0
36 0 0 0 0 0 0 0 0
648 9 0 0 0 0 0 0 0
0 0 0 0 0 0 0 0 0
69 0 0 0 0 0 0 0 0
80 0 0 0 0 0 0 0 0
0 0 0 0 0 0 0 0 0
455 0 0 0 0 0 0 0 0
47 0 0 0 0 0 0 0 0
0 0 0 0 0 0 0 0 0
25 0 0 0 0 0 0 0 0
75 0 0 0 0 0 0 0 0
126 0 0 0 0 0 0 0 0
62 0 0 0 0 0 0 0 0
129 0 0 0 0 0 0 0 0
0 0 0 0 0 0 0 0 0
13 5 0 0 0 0 0 0 0
113 1 0 0 0 0 0 0 0
97 0 0 0 0 0 0 0 0
1283 0 0 0 0 0 0 0 0
274 0 0 0 0 0 0 0 0
0 0 0 0 0 0 0 0 0
442 0 0 0 0 0 0 0 0
1499 0 0 0 0 0 0 0 0
262 0 0 0 0 0 0 0 0
0 0 0 0 0 0 0 0 0
660 0 0 0 0 0 0 0 0
0 0 0 0 0 0 0 0 0
280 0 0 0 0 0 0 0 0
7 0 0 0 0 0 0 0 0
51 0 0 0 0 0 0 0 0
12 0 0 0 0 0 0 0 0
0 0 0 0 0 0 0 0 0
0 0 0 0 0 0 0 0 0
288 0 0 0 0 0 0 0 0
423 0 0 0 0 0 0 0 0
79 0 0 0 0 0 0 0 0
119 0 0 0 0 0 0 0 0
85 0 0 0 0 0 0 0 0
0 0 0 0 0 0 0 0 0
536 14 0 0 0 0 0 0 0
0 0 0 0 0 0 0 0 0
552 31 0 0 0 0 0 0 0
96 0 0 0 0 0 0 0 0
222 0 0 0 0 0 0 0 0
0 0 0 0 0 0 0 0 0
1321 0 0 0 0 0 0 0 0
603 0 0 0 0 0 0 0 0
1125 0 0 0 0 0 0 0 0
2031 0 0 0 0 0 0 0 0
11657 2 0 0 0 0 0 0 0
0 0 0 0 0 0 0 0 0
8923 0 0 0 0 0 0 0 0
0 0 0 0 0 0 0 0 0
15021 3 0 0 0 0 0 0 0
14409 0 0 0 0 0 0 0 0
0 0 0 0 0 0 0 0 0
0 0 0 0 0 0 0 0 0
12496 23 0 0 0 0 0 0 0
5896 0 0 0 0 0 0 0 0
5111 1 0 0 0 0 0 0 0
4126 0 0 0 0 0 0 0 0
7106 0 0 0 0 0 0 0 0
0 0 0 0 0 0 0 0 0
2964 2 0 0 0 0 0 0 0
2520 0 0 0 0 0 0 0 0
2365 13 0 0 0 0 0 0 0
2002 3 0 0 0 0 0 0 0
1649 0 0 0 0 0 0 0 0
0 0 0 0 0 0 0 0 0
4430 54 0 0 0 0 0 0 0
1929 4 0 0 0 0 0 0 0
1906 14 0 0 0 0 0 0 0
2503 0 0 0 0 0 0 0 0
7817 10 0 0 0 0 0 0 0
0 0 0 0 0 0 0 0 0
4013 0 0 0 0 0 0 0 0
3729 3 0 0 0 0 0 0 0
2870 0 0 0 0 0 0 0 0
4696 7 0 0 0 0 0 0 0
0 0 0 0 0 0 0 0 0
0 0 0 0 0 0 0 0 0
3649 21 0 0 0 0 0 0 0
0 0 0 0 0 0 0 0 0
2612 27 0 0 0 0 0 0 0
743 3 0 0 0 0 0 0 0
1794 13 0 0 0 0 0 0 0
0 0 0 0 0 0 0 0 0
425 0 0 0 0 0 0 0 0
335 68 0 0 0 0 0 0 0
619 59 0 0 0 0 0 0 0
3094 1 0 0 0 0 0 0 0
0 0 0 0 0 0 0 0 0
0 0 0 0 0 0 0 0 0
1364 0 0 0 0 0 0 0 0
7939 19 0 0 0 0 0 0 0
4991 0 0 0 0 0 0 0 0
6811 0 0 0 0 0 0 0 0
15218 1 0 0 0 0 0 0 0
0 0 0 0 0 0 0 0 0
0 0 0 0 0 0 0 0 0
14041 4 0 0 0 0 0 0 0
12129 25 0 0 0 0 0 0 0
6759 51 0 0 0 0 0 0 0
5761 67 0 0 0 0 0 0 0
0 0 0 0 0 0 0 0 0
5502 67 0 0 0 0 0 0 0
9151 97 0 0 0 0 0 0 0
0 0 0 0 0 0 0 0 0
7470 94 0 0 0 0 0 0 0
2362 9 0 0 0 0 0 0 0
0 0 0 0 0 0 0 0 0
4033 137 0 0 0 0 0 0 0
603 13 0 0 0 0 0 0 0
527 2 0 0 0 0 0 0 0
427 2 0 0 0 0 0 0 0
522 1 0 0 0 0 0 0 0
0 0 0 0 0 0 0 0 0
447 6 0 0 0 0 0 0 0
249 93 0 0 0 0 0 0 0
169 154 0 0 0 0 0 0 0
2609 84 0 0 0 0 0 0 0
1631 1 0 0 0 0 0 0 0
0 0 0 0 0 0 0 0 0
2149 10 0 0 0 0 0 0 0
6825 59 0 0 0 0 0 0 0
4252 1 0 0 0 0 0 0 0
4738 2 0 0 0 0 0 0 0
4287 2 0 0 0 0 0 0 0
0 0 0 0 0 0 0 0 0
3517 11 0 0 0 0 0 0 0
4795 42 0 0 0 0 0 0 0
0 0 0 0 0 0 0 0 0
5128 15 0 0 0 0 0 0 0
3823 0 0 0 0 0 0 0 0
0 0 0 0 0 0 0 0 0
4304 0 0 0 0 0 0 0 0
7459 53 0 0 0 0 0 0 0
0 0 0 0 0 0 0 0 0
4982 232 0 0 0 0 0 0 0
1239 71 0 0 0 0 0 0 0
0 0 0 0 0 0 0 0 0
37883 30748 0 0 0 0 0 0 0
8955 3520 0 0 0 0 0 0 0
0 1 0 0 0 0 0 0 0
0 0 0 0 0 0 0 0 0
6852 3633 0 0 0 0 0 0 0
2932 1306 0 0 0 0 0 0 0
3071 1328 0 0 0 0 0 0 0
3394 1328 0 0 0 0 0 0 0
3934 1824 0 0 0 0 0 0 0
0 0 0 0 0 0 0 0 0
3659 6817 0 0 0 0 0 0 0
567 2821 0 0 0 0 0 0 0
484 2453 0 0 0 0 0 0 0
1814 6154 0 0 0 0 0 0 0
0 0 0 0 0 0 0 0 0
0 0 0 0 0 0 0 0 0
2748 3293 0 0 0 0 0 0 0
1864 843 0 0 0 0 0 0 0
1958 789 0 0 0 0 0 0 0
1673 980 0 0 0 0 0 0 0
3495 2681 0 0 0 0 0 0 0
0 0 0 0 0 0 0 0 0
0 0 0 0 0 0 0 0 0
2820 3068 0 0 0 0 0 0 0
1423 1291 0 0 0 0 0 0 0
1330 1490 0 0 0 0 0 0 0
2967 5377 0 0 0 0 0 0 0
0 0 0 0 0 0 0 0 0
990 2042 0 0 0 0 0 0 0
0 0 0 0 0 0 0 0 0
1550 6072 0 0 0 0 0 0 0
352 2367 0 0 0 0 0 0 0
371 6110 0 0 0 0 0 0 0
0 0 0 0 0 0 0 0 0
223 2523 0 0 0 0 0 0 0
431 2896 0 0 0 0 0 0 0
539 2859 0 0 0 0 0 0 0
2019 7424 0 0 0 0 0 0 0
627 2746 0 0 0 0 0 0 0
0 0 0 0 0 0 0 0 0
475 2735 0 0 0 0 0 0 0
0 0 0 0 0 0 0 0 0
1821 5183 0 0 0 0 0 0 0
468 654 0 0 0 0 0 0 0
1468 2027 0 0 0 0 0 0 0
0 0 0 0 0 0 0 0 0
384 3609 0 0 0 0 0 0 0
387 5564 0 0 0 0 0 0 0
158 6679 0 0 0 0 0 0 0
176 7437 0 0 0 0 0 0 0
421 15228 0 0 0 0 0 0 0
0 0 0 0 0 0 0 0 0
29 6684 0 0 0 0 0 0 0
118 5739 0 0 0 0 0 0 0
185 4779 0 0 0 0 0 0 0
166 3711 0 0 0 0 0 0 0
20 2357 0 0 0 0 0 0 0
0 0 0 0 0 0 0 0 0
213 2342 0 0 0 0 0 0 0
267 1915 0 0 0 0 0 0 0
572 3051 0 0 0 0 0 0 0
3998 9453 0 0 0 0 0 0 0
2211 5056 0 0 0 0 0 0 0
0 0 0 0 0 0 0 0 0
2840 5399 0 0 0 0 0 0 0
3065 5460 0 0 0 0 0 0 0
3212 5847 0 0 0 0 0 0 0
2745 6144 0 0 0 0 0 0 0
3817 11908 0 0 0 0 0 0 0
0 0 0 0 0 0 0 0 0
273 3732 0 0 0 0 0 0 0
144 2427 0 0 0 0 0 0 0
96 2907 0 0 0 0 0 0 0
733 5937 0 0 0 0 0 0 0
381 1414 0 0 0 0 0 0 0
0 0 0 0 0 0 0 0 0
359 1347 0 0 0 0 0 0 0
392 2419 0 0 0 0 0 0 0
90 3522 0 0 0 0 0 0 0
0 0 0 0 0 0 0 0 0
0 0 0 0 0 0 0 0 0
0 0 0 0 0 0 0 0 0
32 4056 0 0 0 0 0 0 0
0 0 0 0 0 0 0 0 0
67 3570 0 0 0 0 0 0 0
0 0 0 0 0 0 0 0 0
60 2771 0 0 0 0 0 0 0
0 0 0 0 0 0 0 0 0
0 0 0 0 0 0 0 0 0
258 10764 0 0 0 0 0 0 0
0 0 0 0 0 0 0 0 0
79 11565 0 0 0 0 0 0 0
0 0 0 0 0 0 0 0 0
0 0 0 0 0 0 0 0 0
30 5273 0 0 0 0 0 0 0
43 7165 0 0 0 0 0 0 0
0 0 0 0 0 0 0 0 0
53 4831 0 0 0 0 0 0 0
0 0 0 0 0 0 0 0 0
0 0 0 0 0 0 0 0 0
171 2692 0 0 0 0 0 0 0
0 0 0 0 0 0 0 0 0
0 0 0 0 0 0 0 0 0
534 3777 0 0 0 0 0 0 0
0 0 0 0 0 0 0 0 0
0 0 0 0 0 0 0 0 0
0 0 0 0 0 0 0 0 0
0 0 0 0 0 0 0 0 0
279 1555 0 0 0 0 0 0 0
0 0 0 0 0 0 0 0 0
0 3560 0 0 0 0 0 0 0
0 0 0 0 0 0 0 0 0
0 0 0 0 0 0 0 0 0
0 0 0 0 0 0 0 0 0
93 3615 0 0 0 0 0 0 0
0 0 0 0 0 0 0 0 0
271 1130 0 0 0 0 0 0 0
0 0 0 0 0 0 0 0 0
0 0 0 0 0 0 0 0 0
117 555 0 0 0 0 0 0 0
0 0 0 0 0 0 0 0 0
4 939 0 0 0 0 0 0 0
0 0 0 0 0 0 0 0 0
0 0 0 0 0 0 0 0 0
7 2585 0 0 0 0 0 0 0
0 0 0 0 0 0 0 0 0
217 4535 0 0 0 0 0 0 0
0 0 0 0 0 0 0 0 0
0 0 0 0 0 0 0 0 0
0 0 0 0 0 0 0 0 0
277 4833 0 0 0 0 0 0 0
0 0 0 0 0 0 0 0 0
765 10581 0 0 0 0 0 0 0
0 0 0 0 0 0 0 0 0
0 0 0 0 0 0 0 0 0
0 0 0 0 0 0 0 0 0
677 8404 0 0 0 0 0 0 0
0 0 0 0 0 0 0 0 0
1049 11321 0 0 0 0 0 0 0
0 0 0 0 0 0 0 0 0
0 0 0 0 0 0 0 0 0
0 0 0 0 0 0 0 0 0
0 0 0 0 0 0 0 0 0
692 9217 0 0 0 0 0 0 0
0 0 0 0 0 0 0 0 0
659 6746 0 0 0 0 0 0 0
0 0 0 0 0 0 0 0 0
0 0 0 0 0 0 0 0 0
0 0 0 0 0 0 0 0 0
401 4785 0 0 0 0 0 0 0
0 0 0 0 0 0 0 0 0
717 5762 0 0 0 0 0 0 0
0 0 0 0 0 0 0 0 0
0 0 0 0 0 0 0 0 0
0 0 0 0 0 0 0 0 0
578 8569 0 0 0 0 0 0 0
0 0 0 0 0 0 0 0 0
620 7263 0 0 0 0 0 0 0
0 0 0 0 0 0 0 0 0
0 0 0 0 0 0 0 0 0
1708 5562 0 0 0 0 0 0 0
0 0 0 0 0 0 0 0 0
4540 6440 0 0 0 0 0 0 0
0 0 0 0 0 0 0 0 0
0 0 0 0 0 0 0 0 0
0 0 0 0 0 0 0 0 0
3868 1918 0 0 0 0 0 0 0
0 0 0 0 0 0 0 0 0
3293 4392 0 0 0 0 0 0 0
0 0 0 0 0 0 0 0 0
0 0 0 0 0 0 0 0 0
0 0 0 0 0 0 0 0 0
1367 4700 0 0 0 0 0 0 0
0 0 0 0 0 0 0 0 0
4638 1599 0 0 0 0 0 0 0
0 0 0 0 0 0 0 0 0
0 0 0 0 0 0 0 0 0
0 0 0 0 0 0 0 0 0
0 0 0 0 0 0 0 0 0
0 0 0 0 0 0 0 0 0
0 0 0 0 0 0 0 0 0
0 0 0 0 0 0 0 0 0
0 0 0 0 0 0 0 0 0
0 0 0 0 0 0 0 0 0
0 0 0 0 0 0 0 0 0
0 0 0 0 0 0 0 0 0
0 0 0 0 0 0 0 0 0
0 0 0 0 0 0 0 0 0
0 0 0 0 0 0 0 0 0
0 0 0 0 0 0 0 0 0
4689 2951 0 0 0 0 0 0 0
0 0 0 0 0 0 0 0 0
9819 1838 0 0 0 0 0 0 0
0 0 0 0 0 0 0 0 0
2500 1872 0 0 0 0 0 0 0
0 0 0 0 0 0 0 0 0
0 0 0 0 0 0 0 0 0
2459 1590 0 0 0 0 0 0 0
0 0 0 0 0 0 0 0 0
1373 3825 0 0 0 0 0 0 0
2197 14869 0 0 0 0 0 0 0
0 0 0 0 0 0 0 0 0
0 0 0 0 0 0 0 0 0
0 0 0 0 0 0 0 0 0
5190 16884 0 0 0 0 0 0 0
0 0 0 0 0 0 0 0 0
2944 7995 0 0 0 0 0 0 0
0 0 0 0 0 0 0 0 0
0 0 0 0 0 0 0 0 0
4174 3324 0 0 0 0 0 0 0
4639 3569 0 0 0 0 0 0 0
0 0 0 0 0 0 0 0 0
0 1 0 0 0 0 0 0 0
0 0 0 0 0 0 0 0 0
0 0 0 0 0 0 0 0 0
7579 3686 0 0 0 0 0 0 0
0 0 0 0 0 0 0 0 0
0 0 0 0 0 0 0 0 0
0 0 0 0 0 0 0 0 0
0 0 0 0 0 0 0 0 0
2683 5837 0 0 0 0 0 0 0
0 0 0 0 0 0 0 0 0
1783 3297 0 0 0 0 0 0 0
0 0 0 0 0 0 0 0 0
0 0 0 0 0 0 0 0 0
0 0 0 0 0 0 0 0 0
366 1895 0 0 0 0 0 0 0
0 0 0 0 0 0 0 0 0
835 7551 0 0 0 0 0 0 0
0 0 0 0 0 0 0 0 0
0 0 0 0 0 0 0 0 0
0 0 0 0 0 0 0 0 0
1496 4454 0 0 0 0 0 0 0
0 0 0 0 0 0 0 0 0
1123 1659 0 0 0 0 0 0 0
0 0 0 0 0 0 0 0 0
414 1391 0 0 0 0 0 0 0
0 0 0 0 0 0 0 0 0
0 0 0 0 0 0 0 0 0
0 0 0 0 0 0 0 0 0
0 0 0 0 0 0 0 0 0
83 5945 0 0 0 0 0 0 0
0 0 0 0 0 0 0 0 0
0 0 0 0 0 0 0 0 0
0 0 0 0 0 0 0 0 0
22 12666 0 0 0 0 0 0 0
0 0 0 0 0 0 0 0 0
7 4610 0 0 0 0 0 0 0
0 0 0 0 0 0 0 0 0
0 0 0 0 0 0 0 0 0
0 0 0 0 0 0 0 0 0
0 0 0 0 0 0 0 0 0
330 9464 0 0 0 0 0 0 0
0 0 0 0 0 0 0 0 0
0 0 0 0 0 0 0 0 0
0 0 0 0 0 0 0 0 0
1165 8639 0 0 0 0 0 0 0
0 0 0 0 0 0 0 0 0
0 0 0 0 0 0 0 0 0
3625 8101 0 0 0 0 0 0 0
0 0 0 0 0 0 0 0 0
0 0 0 0 0 0 0 0 0
1927 5197 0 0 0 0 0 0 0
0 0 0 0 0 0 0 0 0
0 0 0 0 0 0 0 0 0
3244 4761 0 0 0 0 0 0 0
0 0 0 0 0 0 0 0 0
0 0 0 0 0 0 0 0 0
0 0 0 0 0 0 0 0 0
2833 12261 0 0 0 0 0 0 0
0 0 0 0 0 0 0 0 0
664 13431 0 0 0 0 0 0 0
0 0 0 0 0 0 0 0 0
0 0 0 0 0 0 0 0 0
34 9508 0 0 0 0 0 0 0
8 10436 0 0 0 0 0 0 0
16 3647 0 0 0 0 0 0 0
0 0 0 0 0 0 0 0 0
789 12443 0 0 0 0 0 0 0
0 0 0 0 0 0 0 0 0
402 2657 0 0 0 0 0 0 0
0 0 0 0 0 0 0 0 0
1588 6859 0 0 0 0 0 0 0
3157 5637 0 0 0 0 0 0 0
0 0 0 0 0 0 0 0 0
0 0 0 0 0 0 0 0 0
5512 6061 0 0 0 0 0 0 0
740 1657 0 0 0 0 0 0 0
0 0 0 0 0 0 0 0 0
1492 7080 0 0 0 0 0 0 0
1266 11562 0 0 0 0 0 0 0
0 0 0 0 0 0 0 0 0
0 0 0 0 0 0 0 0 0
1554 15390 0 0 0 0 0 0 0
0 0 0 0 0 0 0 0 0
530 8630 0 0 0 0 0 0 0
290 4754 0 0 0 0 0 0 0
0 0 0 0 0 0 0 0 0
59 1522 0 0 0 0 0 0 0
0 0 0 0 0 0 0 0 0
489 2105 0 0 0 0 0 0 0
814 132 0 0 0 0 0 0 0
0 0 0 0 0 0 0 0 0
0 0 0 0 0 0 0 0 0
593 1587 0 0 0 0 0 0 0
0 0 0 0 0 0 0 0 0
289 2120 0 0 0 0 0 0 0
28 4292 0 0 0 0 0 0 0
63 2033 0 0 0 0 0 0 0
0 0 0 0 0 0 0 0 0
0 0 0 0 0 0 0 0 0
686 3259 0 0 0 0 0 0 0
0 0 0 0 0 0 0 0 0
1928 2211 0 0 0 0 0 0 0
0 0 0 0 0 0 0 0 0
0 0 0 0 0 0 0 0 0
600 2345 0 0 0 0 0 0 0
15 344 0 0 0 0 0 0 0
456 656 0 0 0 0 0 0 0
0 0 0 0 0 0 0 0 0
3544 3663 0 0 0 0 0 0 0
0 0 0 0 0 0 0 0 0
5865 2646 0 0 0 0 0 0 0
0 0 0 0 0 0 0 0 0
6408 202 0 0 0 0 0 0 0
0 0 0 0 0 0 0 0 0
8156 3118 0 0 0 0 0 0 0
0 0 0 0 0 0 0 0 0
2367 831 0 0 0 0 0 0 0
0 0 0 0 0 0 0 0 0
584 704 0 0 0 0 0 0 0
44 682 0 0 0 0 0 0 0
0 0 0 0 0 0 0 0 0
0 0 0 0 0 0 0 0 0
379 2874 0 0 0 0 0 0 0
281 42 0 0 0 0 0 0 0
0 0 0 0 0 0 0 0 0
935 1062 0 0 0 0 0 0 0
1961 1631 0 0 0 0 0 0 0
0 0 0 0 0 0 0 0 0
0 0 0 0 0 0 0 0 0
0 0 0 0 0 0 0 0 0
2673 3196 0 0 0 0 0 0 0
695 1686 0 0 0 0 0 0 0
1266 7565 0 0 0 0 0 0 0
0 0 0 0 0 0 0 0 0
0 0 0 0 0 0 0 0 0
3519 12415 0 0 0 0 0 0 0
0 0 0 0 0 0 0 0 0
0 0 0 0 0 0 0 0 0
7762 7655 0 0 0 0 0 0 0
0 0 0 0 0 0 0 0 0
2103 1683 0 0 0 0 0 0 0
4392 3121 0 0 0 0 0 0 0
1531 324 0 0 0 0 0 0 0
1292 211 0 0 0 0 0 0 0
1818 4595 0 0 0 0 0 0 0
0 0 0 0 0 0 0 0 0
1367 2856 0 0 0 0 0 0 0
0 0 0 0 0 0 0 0 0
4437 8093 0 0 0 0 0 0 0
3002 3063 0 0 0 0 0 0 0
1790 5755 0 0 0 0 0 0 0
0 0 0 0 0 0 0 0 0
700 1207 0 0 0 0 0 0 0
0 0 0 0 0 0 0 0 0
3980 1585 0 0 0 0 0 0 0
4190 858 0 0 0 0 0 0 0
0 0 0 0 0 0 0 0 0
0 0 0 0 0 0 0 0 0
2782 2820 0 0 0 0 0 0 0
473 1039 0 0 0 0 0 0 0
225 866 0 0 0 0 0 0 0
1026 2599 0 0 0 0 0 0 0
321 841 0 0 0 0 0 0 0
0 0 0 0 0 0 0 0 0
0 0 0 0 0 0 0 0 0
1063 3347 0 0 0 0 0 0 0
856 2645 0 0 0 0 0 0 0
0 0 0 0 0 0 0 0 0
361 3019 0 0 0 0 0 0 0
0 0 0 0 0 0 0 0 0
5 1800 0 0 0 0 0 0 0
63 6041 0 0 0 0 0 0 0
106 2914 0 0 0 0 0 0 0
0 0 0 0 0 0 0 0 0
1507 6282 0 0 0 0 0 0 0
0 0 0 0 0 0 0 0 0
987 1428 0 0 0 0 0 0 0
1229 656 0 0 0 0 0 0 0
3864 1467 0 0 0 0 0 0 0
1779 459 0 0 0 0 0 0 0
2039 272 0 0 0 0 0 0 0
0 0 0 0 0 0 0 0 0
4631 1001 0 0 0 0 0 0 0
2238 888 0 0 0 0 0 0 0
34674 36733 0 0 0 0 0 0 0
1031 8254 0 0 0 0 0 0 0
2614 13771 0 0 0 0 0 0 0
0 0 0 0 0 0 0 0 0
0 0 0 0 0 0 0 0 0
0 0 0 0 0 0 0 0 0
0 0 0 0 0 0 0 0 0
0 0 0 0 0 0 0 0 0
2354 10095 0 0 0 0 0 0 0
462 2959 0 0 0 0 0 0 0
0 0 0 0 0 0 0 0 0
1752 5138 0 0 0 0 0 0 0
1018 1159 0 0 0 0 0 0 0
2625 2717 0 0 0 0 0 0 0
1173 1234 0 0 0 0 0 0 0
1601 1669 0 0 0 0 0 0 0
0 0 0 0 0 0 0 0 0
4605 6152 0 0 0 0 0 0 0
0 0 0 0 0 0 0 0 0
5825 7122 0 0 0 0 0 0 0
1982 3031 0 0 0 0 0 0 0
1141 2619 0 0 0 0 0 0 0
0 0 0 0 0 0 0 0 0
923 2311 0 0 0 0 0 0 0
4289 5401 0 0 0 0 0 0 0
0 0 0 0 0 0 0 0 0
3327 6983 0 0 0 0 0 0 0
926 4201 0 0 0 0 0 0 0
0 0 0 0 0 0 0 0 0
1177 4592 0 0 0 0 0 0 0
0 0 0 0 0 0 0 0 0
2673 10713 0 0 0 0 0 0 0
3320 12029 0 0 0 0 0 0 0
2286 5955 0 0 0 0 0 0 0
0 0 0 0 0 0 0 0 0
2538 5789 0 0 0 0 0 0 0
5362 11541 0 0 0 0 0 0 0
1828 4434 0 0 0 0 0 0 0
1237 3499 0 0 0 0 0 0 0
962 2700 0 0 0 0 0 0 0
0 0 0 0 0 0 0 0 0
2804 3450 0 0 0 0 0 0 0
1504 230 0 0 0 0 0 0 0
1706 153 0 0 0 0 0 0 0
0 0 0 0 0 0 0 0 0
4268 1870 0 0 0 0 0 0 0
0 0 0 0 0 0 0 0 0
1646 974 0 0 0 0 0 0 0
1715 997 0 0 0 0 0 0 0
3226 2708 0 0 0 0 0 0 0
970 698 0 0 0 0 0 0 0
758 573 0 0 0 0 0 0 0
0 0 0 0 0 0 0 0 0
891 329 0 0 0 0 0 0 0
2187 905 0 0 0 0 0 0 0
511 57 0 0 0 0 0 0 0
570 48 0 0 0 0 0 0 0
499 139 0 0 0 0 0 0 0
0 0 0 0 0 0 0 0 0
996 937 0 0 0 0 0 0 0
115 96 0 0 0 0 0 0 0
150 164 0 0 0 0 0 0 0
955 864 0 0 0 0 0 0 0
0 0 0 0 0 0 0 0 0
0 0 0 0 0 0 0 0 0
910 452 0 0 0 0 0 0 0
287 22 0 0 0 0 0 0 0
357 40 0 0 0 0 0 0 0
1878 165 0 0 0 0 0 0 0
743 32 0 0 0 0 0 0 0
0 0 0 0 0 0 0 0 0
819 22 0 0 0 0 0 0 0
508 4 0 0 0 0 0 0 0
1451 53 0 0 0 0 0 0 0
405 0 0 0 0 0 0 0 0
323 0 0 0 0 0 0 0 0
0 0 0 0 0 0 0 0 0
587 0 0 0 0 0 0 0 0
547 3 0 0 0 0 0 0 0
561 0 0 0 0 0 0 0 0
1491 92 0 0 0 0 0 0 0
305 4 0 0 0 0 0 0 0
0 0 0 0 0 0 0 0 0
548 0 0 0 0 0 0 0 0
600 1 0 0 0 0 0 0 0
1606 11 0 0 0 0 0 0 0
217 7 0 0 0 0 0 0 0
1543 72 0 0 0 0 0 0 0
0 0 0 0 0 0 0 0 0
0 0 0 0 0 0 0 0 0
621 5 0 0 0 0 0 0 0
1503 134 0 0 0 0 0 0 0
593 8 0 0 0 0 0 0 0
2056 175 0 0 0 0 0 0 0
0 0 0 0 0 0 0 0 0
1021 0 0 0 0 0 0 0 0
1129 7 0 0 0 0 0 0 0
1194 6 0 0 0 0 0 0 0
1014 0 0 0 0 0 0 0 0
1453 28 0 0 0 0 0 0 0
0 0 0 0 0 0 0 0 0
106 2 0 0 0 0 0 0 0
161 5 0 0 0 0 0 0 0
398 0 0 0 0 0 0 0 0
615 0 0 0 0 0 0 0 0
2398 3 0 0 0 0 0 0 0
0 0 0 0 0 0 0 0 0
943 0 0 0 0 0 0 0 0
963 3 0 0 0 0 0 0 0
660 0 0 0 0 0 0 0 0
488 0 0 0 0 0 0 0 0
847 2 0 0 0 0 0 0 0
0 0 0 0 0 0 0 0 0
21 0 0 0 0 0 0 0 0
1 1 0 0 0 0 0 0 0
2 1 0 0 0 0 0 0 0
14 0 0 0 0 0 0 0 0
429 1 0 0 0 0 0 0 0
0 0 0 0 0 0 0 0 0
76 0 0 0 0 0 0 0 0
46 0 0 0 0 0 0 0 0
98 0 0 0 0 0 0 0 0
41 2 0 0 0 0 0 0 0
450 0 0 0 0 0 0 0 0
0 0 0 0 0 0 0 0 0
11 0 0 0 0 0 0 0 0
33 0 0 0 0 0 0 0 0
9 1 0 0 0 0 0 0 0
5 1 0 0 0 0 0 0 0
4 0 0 0 0 0 0 0 0
0 0 0 0 0 0 0 0 0
26 0 0 0 0 0 0 0 0
0 0 0 0 0 0 0 0 0
188 0 0 0 0 0 0 0 0
129 0 0 0 0 0 0 0 0
0 0 0 0 0 0 0 0 0
0 0 0 0 0 0 0 0 0
10 0 0 0 0 0 0 0 0
41 0 0 0 0 0 0 0 0
0 4 0 0 0 0 0 0 0
10 153 0 0 0 0 0 0 0
51 0 0 0 0 0 0 0 0
0 0 0 0 0 0 0 0 0
34 0 0 0 0 0 0 0 0
0 0 0 0 0 0 0 0 0
70 157 0 0 0 0 0 0 0
83 544 0 0 0 0 0 0 0
3 132 0 0 0 0 0 0 0
0 0 0 0 0 0 0 0 0
2 215 0 0 0 0 0 0 0
0 161 0 0 0 0 0 0 0
0 138 0 0 0 0 0 0 0
1 75 0 0 0 0 0 0 0
3 480 0 0 0 0 0 0 0
0 0 0 0 0 0 0 0 0
0 55 0 0 0 0 0 0 0
1 33 0 0 0 0 0 0 0
0 32 0 0 0 0 0 0 0
65 2084 0 0 0 0 0 0 0
10 1410 0 0 0 0 0 0 0
0 0 0 0 0 0 0 0 0
17 2861 0 0 0 0 0 0 0
4 4903 0 0 0 0 0 0 0
0 6647 0 0 0 0 0 0 0
4 7201 0 0 0 0 0 0 0
50 14812 0 0 0 0 0 0 0
0 0 0 0 0 0 0 0 0
21 7513 0 0 0 0 0 0 0
1 7738 0 0 0 0 0 0 0
20 7697 0 0 0 0 0 0 0
4 7318 0 0 0 0 0 0 0
0 0 0 0 0 0 0 0 0
0 0 0 0 0 0 0 0 0
44 12954 0 0 0 0 0 0 0
130 11868 0 0 0 0 0 0 0
20 5211 0 0 0 0 0 0 0
92 4849 0 0 0 0 0 0 0
435 7675 0 0 0 0 0 0 0
0 0 0 0 0 0 0 0 0
125 2085 0 0 0 0 0 0 0
249 1067 0 0 0 0 0 0 0
249 476 0 0 0 0 0 0 0
380 594 0 0 0 0 0 0 0
0 0 0 0 0 0 0 0 0
0 0 0 0 0 0 0 0 0
2093 5374 0 0 0 0 0 0 0
414 1156 0 0 0 0 0 0 0
485 1261 0 0 0 0 0 0 0
2458 4577 0 0 0 0 0 0 0
746 1842 0 0 0 0 0 0 0
0 0 0 0 0 0 0 0 0
714 2063 0 0 0 0 0 0 0
442 1954 0 0 0 0 0 0 0
286 1734 0 0 0 0 0 0 0
91 1874 0 0 0 0 0 0 0
431 5198 0 0 0 0 0 0 0
0 0 0 0 0 0 0 0 0
0 0 0 0 0 0 0 0 0
479 3184 0 0 0 0 0 0 0
0 0 0 0 0 0 0 0 0
480 2107 0 0 0 0 0 0 0
230 1799 0 0 0 0 0 0 0
0 0 0 0 0 0 0 0 0
5 507 0 0 0 0 0 0 0
15 613 0 0 0 0 0 0 0
0 0 0 0 0 0 0 0 0
1191 3775 0 0 0 0 0 0 0
0 0 0 0 0 0 0 0 0
