5394 34471 0 0 0 0 0 0 0
287 3237 0 0 0 0 0 0 0
0 0 0 0 0 0 0 0 0
12 1198 0 0 0 0 0 0 0
30 3073 0 0 0 0 0 0 0
166 9532 0 0 0 0 0 0 0
20 6393 0 0 0 0 0 0 0
59 3231 0 0 0 0 0 0 0
0 0 0 0 0 0 0 0 0
28 2182 0 0 0 0 0 0 0
9 2910 0 0 0 0 0 0 0
61 6367 0 0 0 0 0 0 0
0 0 0 0 0 0 0 0 0
66 5471 0 0 0 0 0 0 0
0 0 0 0 0 0 0 0 0
18 1604 0 0 0 0 0 0 0
30 713 0 0 0 0 0 0 0
40 664 0 0 0 0 0 0 0
179 2203 0 0 0 0 0 0 0
105 1181 0 0 0 0 0 0 0
0 0 0 0 0 0 0 0 0
95 1242 0 0 0 0 0 0 0
173 1251 0 0 0 0 0 0 0
321 2659 0 0 0 0 0 0 0
65 265 0 0 0 0 0 0 0
86 227 0 0 0 0 0 0 0
0 0 0 0 0 0 0 0 0
71 447 0 0 0 0 0 0 0
66 386 0 0 0 0 0 0 0
151 717 0 0 0 0 0 0 0
72 162 0 0 0 0 0 0 0
53 125 0 0 0 0 0 0 0
0 0 0 0 0 0 0 0 0
22 237 0 0 0 0 0 0 0
41 546 0 0 0 0 0 0 0
217 2545 0 0 0 0 0 0 0
45 1138 0 0 0 0 0 0 0
0 0 0 0 0 0 0 0 0
0 0 0 0 0 0 0 0 0
25 2082 0 0 0 0 0 0 0
4 422 0 0 0 0 0 0 0
133 1296 0 0 0 0 0 0 0
18 322 0 0 0 0 0 0 0
63 432 0 0 0 0 0 0 0
0 0 0 0 0 0 0 0 0
82 420 0 0 0 0 0 0 0
114 414 0 0 0 0 0 0 0
51 576 0 0 0 0 0 0 0
397 2829 0 0 0 0 0 0 0
90 1338 0 0 0 0 0 0 0
0 0 0 0 0 0 0 0 0
332 3075 0 0 0 0 0 0 0
157 1101 0 0 0 0 0 0 0
311 2193 0 0 0 0 0 0 0
161 302 0 0 0 0 0 0 0
166 450 0 0 0 0 0 0 0
0 0 0 0 0 0 0 0 0
242 540 0 0 0 0 0 0 0
694 1276 0 0 0 0 0 0 0
155 400 0 0 0 0 0 0 0
147 493 0 0 0 0 0 0 0
100 620 0 0 0 0 0 0 0
0 0 0 0 0 0 0 0 0
128 627 0 0 0 0 0 0 0
202 559 0 0 0 0 0 0 0
874 863 0 0 0 0 0 0 0
298 204 0 0 0 0 0 0 0
0 0 0 0 0 0 0 0 0
0 0 0 0 0 0 0 0 0
1012 1329 0 0 0 0 0 0 0
331 310 0 0 0 0 0 0 0
1073 574 0 0 0 0 0 0 0
344 259 0 0 0 0 0 0 0
368 395 0 0 0 0 0 0 0
0 0 0 0 0 0 0 0 0
376 742 0 0 0 0 0 0 0
278 989 0 0 0 0 0 0 0
665 4019 0 0 0 0 0 0 0
123 2090 0 0 0 0 0 0 0
83 3091 0 0 0 0 0 0 0
0 0 0 0 0 0 0 0 0
0 0 0 0 0 0 0 0 0
75 4377 0 0 0 0 0 0 0
73 2896 0 0 0 0 0 0 0
2 774 0 0 0 0 0 0 0
24 1374 0 0 0 0 0 0 0
0 0 0 0 0 0 0 0 0
0 0 0 0 0 0 0 0 0
105 4560 0 0 0 0 0 0 0
203 4421 0 0 0 0 0 0 0
86 2296 0 0 0 0 0 0 0
59 1894 0 0 0 0 0 0 0
0 0 0 0 0 0 0 0 0
59 1895 0 0 0 0 0 0 0
890 9827 0 0 0 0 0 0 0
0 0 0 0 0 0 0 0 0
4704 24592 0 0 0 0 0 0 0
162 8256 0 0 0 0 0 0 0
314 8185 0 0 0 0 0 0 0
306 7244 0 0 0 0 0 0 0
1164 10783 0 0 0 0 0 0 0
512 5049 0 0 0 0 0 0 0
0 0 0 0 0 0 0 0 0
497 4605 0 0 0 0 0 0 0
0 0 0 0 0 0 0 0 0
689 7601 0 0 0 0 0 0 0
223 2452 0 0 0 0 0 0 0
1016 3933 0 0 0 0 0 0 0
0 0 0 0 0 0 0 0 0
615 1463 0 0 0 0 0 0 0
658 1545 0 0 0 0 0 0 0
0 0 0 0 0 0 0 0 0
0 0 0 0 0 0 0 0 0
0 0 0 0 0 0 0 0 0
0 0 0 0 0 0 0 0 0
0 0 0 0 0 0 0 0 0
0 0 0 0 0 0 0 0 0
0 0 0 0 0 0 0 0 0
4725 12287 0 0 0 0 0 0 0
674 1804 0 0 0 0 0 0 0
0 0 0 0 0 0 0 0 0
587 1540 0 0 0 0 0 0 0
658 1315 0 0 0 0 0 0 0
733 1672 0 0 0 0 0 0 0
807 2212 0 0 0 0 0 0 0
1489 4707 0 0 0 0 0 0 0
0 0 0 0 0 0 0 0 0
815 2543 0 0 0 0 0 0 0
597 2449 0 0 0 0 0 0 0
389 2155 0 0 0 0 0 0 0
1071 3785 0 0 0 0 0 0 0
0 0 0 0 0 0 0 0 0
0 0 0 0 0 0 0 0 0
1102 2351 0 0 0 0 0 0 0
290 396 0 0 0 0 0 0 0
294 705 0 0 0 0 0 0 0
316 788 0 0 0 0 0 0 0
726 2633 0 0 0 0 0 0 0
0 0 0 0 0 0 0 0 0
153 1268 0 0 0 0 0 0 0
289 1340 0 0 0 0 0 0 0
461 1509 0 0 0 0 0 0 0
407 1533 0 0 0 0 0 0 0
666 2788 0 0 0 0 0 0 0
0 0 0 0 0 0 0 0 0
103 1065 0 0 0 0 0 0 0
101 1503 0 0 0 0 0 0 0
0 0 0 0 0 0 0 0 0
0 0 0 0 0 0 0 0 0
0 0 0 0 0 0 0 0 0
0 0 0 0 0 0 0 0 0
0 0 0 0 0 0 0 0 0
0 0 0 0 0 0 0 0 0
0 0 0 0 0 0 0 0 0
0 0 0 0 0 0 0 0 0
0 0 0 0 0 0 0 0 0
0 0 0 0 0 0 0 0 0
0 0 0 0 0 0 0 0 0
0 0 0 0 0 0 0 0 0
0 0 0 0 0 0 0 0 0
1510 19068 0 0 0 0 0 0 0
5 5662 0 0 0 0 0 0 0
0 0 0 0 0 0 0 0 0
1 2368 0 0 0 0 0 0 0
0 0 0 0 0 0 0 0 0
6 2771 0 0 0 0 0 0 0
0 1078 0 0 0 0 0 0 0
1 6079 0 0 0 0 0 0 0
0 0 0 0 0 0 0 0 0
0 5710 0 0 0 0 0 0 0
12 4976 0 0 0 0 0 0 0
1 3257 0 0 0 0 0 0 0
9 6298 0 0 0 0 0 0 0
2 2918 0 0 0 0 0 0 0
0 0 0 0 0 0 0 0 0
0 3358 0 0 0 0 0 0 0
0 2990 0 0 0 0 0 0 0
0 2503 0 0 0 0 0 0 0
4 2883 0 0 0 0 0 0 0
0 11301 0 0 0 0 0 0 0
0 0 0 0 0 0 0 0 0
0 6084 0 0 0 0 0 0 0
0 5168 0 0 0 0 0 0 0
0 4713 0 0 0 0 0 0 0
0 0 0 0 0 0 0 0 0
29 11444 0 0 0 0 0 0 0
0 0 0 0 0 0 0 0 0
0 5105 0 0 0 0 0 0 0
0 5322 0 0 0 0 0 0 0
4 5653 0 0 0 0 0 0 0
3 5407 0 0 0 0 0 0 0
51 11614 0 0 0 0 0 0 0
0 0 0 0 0 0 0 0 0
10 8000 0 0 0 0 0 0 0
0 0 0 0 0 0 0 0 0
4 11850 0 0 0 0 0 0 0
39 9872 0 0 0 0 0 0 0
21 6306 0 0 0 0 0 0 0
0 0 0 0 0 0 0 0 0
70 6920 0 0 0 0 0 0 0
111 7415 0 0 0 0 0 0 0
127 6500 0 0 0 0 0 0 0
274 5000 0 0 0 0 0 0 0
822 3628 0 0 0 0 0 0 0
0 0 0 0 0 0 0 0 0
0 0 0 0 0 0 0 0 0
403 7584 0 0 0 0 0 0 0
77 5006 0 0 0 0 0 0 0
219 8708 0 0 0 0 0 0 0
23 5854 0 0 0 0 0 0 0
0 0 0 0 0 0 0 0 0
0 0 0 0 0 0 0 0 0
179 10120 0 0 0 0 0 0 0
5 6536 0 0 0 0 0 0 0
23 6771 0 0 0 0 0 0 0
86 11870 0 0 0 0 0 0 0
0 0 0 0 0 0 0 0 0
42 8512 0 0 0 0 0 0 0
64 9164 0 0 0 0 0 0 0
30 8015 0 0 0 0 0 0 0
47 7714 0 0 0 0 0 0 0
90 14892 0 0 0 0 0 0 0
0 0 0 0 0 0 0 0 0
31 9631 0 0 0 0 0 0 0
20 9642 0 0 0 0 0 0 0
18 7519 0 0 0 0 0 0 0
20 6808 0 0 0 0 0 0 0
93 11788 0 0 0 0 0 0 0
0 0 0 0 0 0 0 0 0
5 5259 0 0 0 0 0 0 0
5 5342 0 0 0 0 0 0 0
15 5890 0 0 0 0 0 0 0
0 0 0 0 0 0 0 0 0
190 16284 0 0 0 0 0 0 0
0 0 0 0 0 0 0 0 0
42 4220 0 0 0 0 0 0 0
51 3087 0 0 0 0 0 0 0
48 1229 0 0 0 0 0 0 0
120 915 0 0 0 0 0 0 0
366 2435 0 0 0 0 0 0 0
0 0 0 0 0 0 0 0 0
89 477 0 0 0 0 0 0 0
0 0 0 0 0 0 0 0 0
278 2035 0 0 0 0 0 0 0
9 1286 0 0 0 0 0 0 0
20 4906 0 0 0 0 0 0 0
0 0 0 0 0 0 0 0 0
7 2280 0 0 0 0 0 0 0
0 1613 0 0 0 0 0 0 0
5 1520 0 0 0 0 0 0 0
1 1523 0 0 0 0 0 0 0
30 3332 0 0 0 0 0 0 0
0 0 0 0 0 0 0 0 0
0 541 0 0 0 0 0 0 0
5 536 0 0 0 0 0 0 0
3 490 0 0 0 0 0 0 0
8 613 0 0 0 0 0 0 0
43 2421 0 0 0 0 0 0 0
0 0 0 0 0 0 0 0 0
9 896 0 0 0 0 0 0 0
36 842 0 0 0 0 0 0 0
1 664 0 0 0 0 0 0 0
7 512 0 0 0 0 0 0 0
14 1432 0 0 0 0 0 0 0
0 0 0 0 0 0 0 0 0
4 714 0 0 0 0 0 0 0
1 656 0 0 0 0 0 0 0
2 952 0 0 0 0 0 0 0
3 1118 0 0 0 0 0 0 0
12 2147 0 0 0 0 0 0 0
0 0 0 0 0 0 0 0 0
1 368 0 0 0 0 0 0 0
3 940 0 0 0 0 0 0 0
0 0 0 0 0 0 0 0 0
32 7337 0 0 0 0 0 0 0
1 7330 0 0 0 0 0 0 0
0 0 0 0 0 0 0 0 0
7 3337 0 0 0 0 0 0 0
19 3187 0 0 0 0 0 0 0
0 0 0 0 0 0 0 0 0
176 5870 0 0 0 0 0 0 0
149 6361 0 0 0 0 0 0 0
0 0 0 0 0 0 0 0 0
9 2373 0 0 0 0 0 0 0
3 2051 0 0 0 0 0 0 0
9 2345 0 0 0 0 0 0 0
0 2319 0 0 0 0 0 0 0
6 4669 0 0 0 0 0 0 0
0 0 0 0 0 0 0 0 0
0 0 0 0 0 0 0 0 0
2 4687 0 0 0 0 0 0 0
0 2256 0 0 0 0 0 0 0
10 2097 0 0 0 0 0 0 0
17 2301 0 0 0 0 0 0 0
0 0 0 0 0 0 0 0 0
110 3888 0 0 0 0 0 0 0
29 1618 0 0 0 0 0 0 0
34 1300 0 0 0 0 0 0 0
34 1462 0 0 0 0 0 0 0
12 3386 0 0 0 0 0 0 0
0 0 0 0 0 0 0 0 0
2 1289 0 0 0 0 0 0 0
0 974 0 0 0 0 0 0 0
6 630 0 0 0 0 0 0 0
0 346 0 0 0 0 0 0 0
61 1697 0 0 0 0 0 0 0
0 0 0 0 0 0 0 0 0
2 912 0 0 0 0 0 0 0
0 1278 0 0 0 0 0 0 0
4 1387 0 0 0 0 0 0 0
0 0 0 0 0 0 0 0 0
60 4857 0 0 0 0 0 0 0
0 0 0 0 0 0 0 0 0
0 803 0 0 0 0 0 0 0
18 432 0 0 0 0 0 0 0
0 567 0 0 0 0 0 0 0
11 1370 0 0 0 0 0 0 0
42 4559 0 0 0 0 0 0 0
0 0 0 0 0 0 0 0 0
0 0 0 0 0 0 0 0 0
113 3866 0 0 0 0 0 0 0
88 1869 0 0 0 0 0 0 0
252 1557 0 0 0 0 0 0 0
917 3174 0 0 0 0 0 0 0
0 0 0 0 0 0 0 0 0
473 1532 0 0 0 0 0 0 0
490 903 0 0 0 0 0 0 0
416 837 0 0 0 0 0 0 0
447 985 0 0 0 0 0 0 0
980 3075 0 0 0 0 0 0 0
0 0 0 0 0 0 0 0 0
645 1309 0 0 0 0 0 0 0
641 1211 0 0 0 0 0 0 0
539 1088 0 0 0 0 0 0 0
488 1158 0 0 0 0 0 0 0
231 819 0 0 0 0 0 0 0
0 0 0 0 0 0 0 0 0
618 2800 0 0 0 0 0 0 0
218 973 0 0 0 0 0 0 0
248 357 0 0 0 0 0 0 0
321 507 0 0 0 0 0 0 0
643 1382 0 0 0 0 0 0 0
0 0 0 0 0 0 0 0 0
279 424 0 0 0 0 0 0 0
216 383 0 0 0 0 0 0 0
0 0 0 0 0 0 0 0 0
569 661 0 0 0 0 0 0 0
580 713 0 0 0 0 0 0 0
0 0 0 0 0 0 0 0 0
306 351 0 0 0 0 0 0 0
325 328 0 0 0 0 0 0 0
291 297 0 0 0 0 0 0 0
317 228 0 0 0 0 0 0 0
566 174 0 0 0 0 0 0 0
0 0 0 0 0 0 0 0 0
229 269 0 0 0 0 0 0 0
0 0 0 0 0 0 0 0 0
709 388 0 0 0 0 0 0 0
230 60 0 0 0 0 0 0 0
589 359 0 0 0 0 0 0 0
0 0 0 0 0 0 0 0 0
185 14 0 0 0 0 0 0 0
87 51 0 0 0 0 0 0 0
70 124 0 0 0 0 0 0 0
66 96 0 0 0 0 0 0 0
107 158 0 0 0 0 0 0 0
0 0 0 0 0 0 0 0 0
363 1402 0 0 0 0 0 0 0
114 630 0 0 0 0 0 0 0
97 530 0 0 0 0 0 0 0
167 551 0 0 0 0 0 0 0
144 413 0 0 0 0 0 0 0
0 0 0 0 0 0 0 0 0
487 1275 0 0 0 0 0 0 0
91 494 0 0 0 0 0 0 0
58 421 0 0 0 0 0 0 0
0 0 0 0 0 0 0 0 0
511 2854 0 0 0 0 0 0 0
0 0 0 0 0 0 0 0 0
7 555 0 0 0 0 0 0 0
24 673 0 0 0 0 0 0 0
24 681 0 0 0 0 0 0 0
17 317 0 0 0 0 0 0 0
101 1642 0 0 0 0 0 0 0
0 0 0 0 0 0 0 0 0
34 403 0 0 0 0 0 0 0
3 265 0 0 0 0 0 0 0
0 0 0 0 0 0 0 0 0
179 1433 0 0 0 0 0 0 0
397 3089 0 0 0 0 0 0 0
0 0 0 0 0 0 0 0 0
161 1297 0 0 0 0 0 0 0
243 802 0 0 0 0 0 0 0
281 491 0 0 0 0 0 0 0
328 462 0 0 0 0 0 0 0
400 221 0 0 0 0 0 0 0
0 0 0 0 0 0 0 0 0
841 703 0 0 0 0 0 0 0
302 501 0 0 0 0 0 0 0
387 679 0 0 0 0 0 0 0
379 730 0 0 0 0 0 0 0
411 1293 0 0 0 0 0 0 0
0 0 0 0 0 0 0 0 0
1035 4513 0 0 0 0 0 0 0
599 1942 0 0 0 0 0 0 0
596 1699 0 0 0 0 0 0 0
580 1638 0 0 0 0 0 0 0
1194 5600 0 0 0 0 0 0 0
0 0 0 0 0 0 0 0 0
0 0 0 0 0 0 0 0 0
881 8398 0 0 0 0 0 0 0
362 5055 0 0 0 0 0 0 0
260 4372 0 0 0 0 0 0 0
79 3831 0 0 0 0 0 0 0
0 0 0 0 0 0 0 0 0
197 3297 0 0 0 0 0 0 0
385 3447 0 0 0 0 0 0 0
117 547 0 0 0 0 0 0 0
351 553 0 0 0 0 0 0 0
792 6420 0 0 0 0 0 0 0
0 0 0 0 0 0 0 0 0
61 7223 0 0 0 0 0 0 0
226 5230 0 0 0 0 0 0 0
156 4775 0 0 0 0 0 0 0
80 4508 0 0 0 0 0 0 0
55 5103 0 0 0 0 0 0 0
0 0 0 0 0 0 0 0 0
144 10047 0 0 0 0 0 0 0
51 3019 0 0 0 0 0 0 0
11 1973 0 0 0 0 0 0 0
6 2356 0 0 0 0 0 0 0
21 2289 0 0 0 0 0 0 0
0 0 0 0 0 0 0 0 0
84 2140 0 0 0 0 0 0 0
152 5204 0 0 0 0 0 0 0
288 3830 0 0 0 0 0 0 0
0 0 0 0 0 0 0 0 0
5814 30218 0 0 0 0 0 0 0
0 0 0 0 0 0 0 0 0
5 7493 0 0 0 0 0 0 0
66 12904 0 0 0 0 0 0 0
59 7092 0 0 0 0 0 0 0
45 6790 0 0 0 0 0 0 0
49 5921 0 0 0 0 0 0 0
0 0 0 0 0 0 0 0 0
433 9297 0 0 0 0 0 0 0
205 5367 0 0 0 0 0 0 0
178 5084 0 0 0 0 0 0 0
184 4945 0 0 0 0 0 0 0
180 5098 0 0 0 0 0 0 0
0 1 0 0 0 0 0 0 0
666 7908 0 0 0 0 0 0 0
317 3536 0 0 0 0 0 0 0
282 3356 0 0 0 0 0 0 0
274 2945 0 0 0 0 0 0 0
295 2594 0 0 0 0 0 0 0
0 0 0 0 0 0 0 0 0
886 5364 0 0 0 0 0 0 0
507 2918 0 0 0 0 0 0 0
511 3041 0 0 0 0 0 0 0
0 0 0 0 0 0 0 0 0
5823 31422 0 0 0 0 0 0 0
8 12662 0 0 0 0 0 0 0
0 0 0 0 0 0 0 0 0
0 0 0 0 0 0 0 0 0
22 20745 0 0 0 0 0 0 0
66 17103 0 0 0 0 0 0 0
0 0 0 0 0 0 0 0 0
70 13471 0 0 0 0 0 0 0
0 0 0 0 0 0 0 0 0
5 6508 0 0 0 0 0 0 0
2 5524 0 0 0 0 0 0 0
38 6579 0 0 0 0 0 0 0
3 1538 0 0 0 0 0 0 0
6 2197 0 0 0 0 0 0 0
0 0 0 0 0 0 0 0 0
23 3140 0 0 0 0 0 0 0
0 0 0 0 0 0 0 0 0
121 8101 0 0 0 0 0 0 0
245 11958 0 0 0 0 0 0 0
216 9349 0 0 0 0 0 0 0
0 0 0 0 0 0 0 0 0
539 19660 0 0 0 0 0 0 0
4765 38990 0 0 0 0 0 0 0
65 5407 0 0 0 0 0 0 0
9 1664 0 0 0 0 0 0 0
1 1457 0 0 0 0 0 0 0
9 1239 0 0 0 0 0 0 0
0 0 0 0 0 0 0 0 0
0 0 0 0 0 0 0 0 0
87 2020 0 0 0 0 0 0 0
20 949 0 0 0 0 0 0 0
27 4778 0 0 0 0 0 0 0
0 4785 0 0 0 0 0 0 0
372 17426 0 0 0 0 0 0 0
0 0 0 0 0 0 0 0 0
2851 26360 0 0 0 0 0 0 0
14 3645 0 0 0 0 0 0 0
37 3395 0 0 0 0 0 0 0
266 6248 0 0 0 0 0 0 0
118 2435 0 0 0 0 0 0 0
80 1820 0 0 0 0 0 0 0
0 0 0 0 0 0 0 0 0
99 722 0 0 0 0 0 0 0
0 0 0 0 0 0 0 0 0
0 0 0 0 0 0 0 0 0
0 0 0 0 0 0 0 0 0
0 0 0 0 0 0 0 0 0
0 0 0 0 0 0 0 0 0
0 0 0 0 0 0 0 0 0
0 0 0 0 0 0 0 0 0
2233 24608 0 0 0 0 0 0 0
437 7235 0 0 0 0 0 0 0
454 6903 0 0 0 0 0 0 0
0 0 0 0 0 0 0 0 0
248 7771 0 0 0 0 0 0 0
253 8786 0 0 0 0 0 0 0
955 14488 0 0 0 0 0 0 0
8199 37980 0 0 0 0 0 0 0
378 4550 0 0 0 0 0 0 0
758 11348 0 0 0 0 0 0 0
260 6537 0 0 0 0 0 0 0
71 6114 0 0 0 0 0 0 0
0 0 0 0 0 0 0 0 0
0 0 0 0 0 0 0 0 0
754 13569 0 0 0 0 0 0 0
657 4445 0 0 0 0 0 0 0
682 4404 0 0 0 0 0 0 0
652 4231 0 0 0 0 0 0 0
617 4378 0 0 0 0 0 0 0
0 0 0 0 0 0 0 0 0
586 4956 0 0 0 0 0 0 0
838 10504 0 0 0 0 0 0 0
0 0 0 0 0 0 0 0 0
536 8596 0 0 0 0 0 0 0
201 3769 0 0 0 0 0 0 0
0 0 0 0 0 0 0 0 0
112 4890 0 0 0 0 0 0 0
2 1829 0 0 0 0 0 0 0
22 1595 0 0 0 0 0 0 0
13 1341 0 0 0 0 0 0 0
33 1350 0 0 0 0 0 0 0
0 0 0 0 0 0 0 0 0
84 3408 0 0 0 0 0 0 0
0 0 0 0 0 0 0 0 0
74 2430 0 0 0 0 0 0 0
5 591 0 0 0 0 0 0 0
3 481 0 0 0 0 0 0 0
0 0 0 0 0 0 0 0 0
17 459 0 0 0 0 0 0 0
101 1135 0 0 0 0 0 0 0
0 517 0 0 0 0 0 0 0
1 844 0 0 0 0 0 0 0
13 2556 0 0 0 0 0 0 0
0 0 0 0 0 0 0 0 0
0 5145 0 0 0 0 0 0 0
59 13645 0 0 0 0 0 0 0
4 7381 0 0 0 0 0 0 0
8 8653 0 0 0 0 0 0 0
38 13617 0 0 0 0 0 0 0
0 0 0 0 0 0 0 0 0
286 19536 0 0 0 0 0 0 0
223 7301 0 0 0 0 0 0 0
233 9562 0 0 0 0 0 0 0
176 9598 0 0 0 0 0 0 0
76 6177 0 0 0 0 0 0 0
0 0 0 0 0 0 0 0 0
305 12395 0 0 0 0 0 0 0
96 6437 0 0 0 0 0 0 0
0 0 0 0 0 0 0 0 0
81 9544 0 0 0 0 0 0 0
15 5954 0 0 0 0 0 0 0
0 0 0 0 0 0 0 0 0
51 4243 0 0 0 0 0 0 0
34 6351 0 0 0 0 0 0 0
9 2511 0 0 0 0 0 0 0
0 2902 0 0 0 0 0 0 0
15 3820 0 0 0 0 0 0 0
0 0 0 0 0 0 0 0 0
54 4131 0 0 0 0 0 0 0
119 2369 0 0 0 0 0 0 0
267 10885 0 0 0 0 0 0 0
0 0 0 0 0 0 0 0 0
0 0 0 0 0 0 0 0 0
0 0 0 0 0 0 0 0 0
1422 11584 0 0 0 0 0 0 0
533 4734 0 0 0 0 0 0 0
351 5370 0 0 0 0 0 0 0
317 7902 0 0 0 0 0 0 0
610 5089 0 0 0 0 0 0 0
0 0 0 0 0 0 0 0 0
1584 7406 0 0 0 0 0 0 0
625 4331 0 0 0 0 0 0 0
424 3916 0 0 0 0 0 0 0
282 3639 0 0 0 0 0 0 0
99 5718 0 0 0 0 0 0 0
0 0 0 0 0 0 0 0 0
139 5632 0 0 0 0 0 0 0
516 5451 0 0 0 0 0 0 0
300 2364 0 0 0 0 0 0 0
247 2571 0 0 0 0 0 0 0
0 0 0 0 0 0 0 0 0
0 0 0 0 0 0 0 0 0
486 5206 0 0 0 0 0 0 0
187 4289 0 0 0 0 0 0 0
481 5366 0 0 0 0 0 0 0
160 1143 0 0 0 0 0 0 0
75 1300 0 0 0 0 0 0 0
0 0 0 0 0 0 0 0 0
102 4306 0 0 0 0 0 0 0
53 1417 0 0 0 0 0 0 0
0 3208 0 0 0 0 0 0 0
0 0 0 0 0 0 0 0 0
92 3812 0 0 0 0 0 0 0
0 0 0 0 0 0 0 0 0
7 1075 0 0 0 0 0 0 0
11 1109 0 0 0 0 0 0 0
370 4150 0 0 0 0 0 0 0
0 0 0 0 0 0 0 0 0
351 2276 0 0 0 0 0 0 0
0 0 0 0 0 0 0 0 0
235 3221 0 0 0 0 0 0 0
412 2801 0 0 0 0 0 0 0
60 451 0 0 0 0 0 0 0
3 424 0 0 0 0 0 0 0
0 1024 0 0 0 0 0 0 0
0 0 0 0 0 0 0 0 0
2 1808 0 0 0 0 0 0 0
33 2404 0 0 0 0 0 0 0
1 338 0 0 0 0 0 0 0
29 2563 0 0 0 0 0 0 0
21 1771 0 0 0 0 0 0 0
0 0 0 0 0 0 0 0 0
2 1024 0 0 0 0 0 0 0
59 3177 0 0 0 0 0 0 0
29 2273 0 0 0 0 0 0 0
29 2152 0 0 0 0 0 0 0
47 1572 0 0 0 0 0 0 0
0 0 0 0 0 0 0 0 0
105 4397 0 0 0 0 0 0 0
31 1930 0 0 0 0 0 0 0
62 1310 0 0 0 0 0 0 0
50 1024 0 0 0 0 0 0 0
18 1124 0 0 0 0 0 0 0
0 0 0 0 0 0 0 0 0
63 2042 0 0 0 0 0 0 0
394 2409 0 0 0 0 0 0 0
271 2275 0 0 0 0 0 0 0
464 2951 0 0 0 0 0 0 0
0 0 0 0 0 0 0 0 0
0 0 0 0 0 0 0 0 0
798 2603 0 0 0 0 0 0 0
147 1692 0 0 0 0 0 0 0
460 4523 0 0 0 0 0 0 0
197 1722 0 0 0 0 0 0 0
283 1107 0 0 0 0 0 0 0
0 0 0 0 0 0 0 0 0
180 3335 0 0 0 0 0 0 0
134 1150 0 0 0 0 0 0 0
362 2324 0 0 0 0 0 0 0
127 1087 0 0 0 0 0 0 0
109 1426 0 0 0 0 0 0 0
0 0 0 0 0 0 0 0 0
94 2058 0 0 0 0 0 0 0
11 1605 0 0 0 0 0 0 0
101 2521 0 0 0 0 0 0 0
1 3342 0 0 0 0 0 0 0
5 1233 0 0 0 0 0 0 0
0 0 0 0 0 0 0 0 0
28 771 0 0 0 0 0 0 0
295 2135 0 0 0 0 0 0 0
142 1840 0 0 0 0 0 0 0
102 1897 0 0 0 0 0 0 0
185 1421 0 0 0 0 0 0 0
0 0 0 0 0 0 0 0 0
348 912 0 0 0 0 0 0 0
1022 5556 0 0 0 0 0 0 0
766 808 0 0 0 0 0 0 0
856 1611 0 0 0 0 0 0 0
928 2117 0 0 0 0 0 0 0
0 0 0 0 0 0 0 0 0
0 0 0 0 0 0 0 0 0
4781 23153 0 0 0 0 0 0 0
238 3667 0 0 0 0 0 0 0
0 0 0 0 0 0 0 0 0
96 1680 0 0 0 0 0 0 0
18 2125 0 0 0 0 0 0 0
105 5300 0 0 0 0 0 0 0
19 2501 0 0 0 0 0 0 0
141 2629 0 0 0 0 0 0 0
0 0 0 0 0 0 0 0 0
58 2542 0 0 0 0 0 0 0
14 2284 0 0 0 0 0 0 0
6 2128 0 0 0 0 0 0 0
447 4441 0 0 0 0 0 0 0
400 1440 0 0 0 0 0 0 0
0 0 0 0 0 0 0 0 0
440 1252 0 0 0 0 0 0 0
336 1085 0 0 0 0 0 0 0
221 2430 0 0 0 0 0 0 0
0 446 0 0 0 0 0 0 0
0 235 0 0 0 0 0 0 0
0 0 0 0 0 0 0 0 0
0 0 0 0 0 0 0 0 0
19 603 0 0 0 0 0 0 0
31 94 0 0 0 0 0 0 0
6 2 0 0 0 0 0 0 0
23 53 0 0 0 0 0 0 0
0 0 0 0 0 0 0 0 0
28 178 0 0 0 0 0 0 0
54 665 0 0 0 0 0 0 0
109 3914 0 0 0 0 0 0 0
0 0 0 0 0 0 0 0 0
398 9639 0 0 0 0 0 0 0
0 0 0 0 0 0 0 0 0
267 4716 0 0 0 0 0 0 0
202 4436 0 0 0 0 0 0 0
177 4592 0 0 0 0 0 0 0
381 8154 0 0 0 0 0 0 0
28 4243 0 0 0 0 0 0 0
0 0 0 0 0 0 0 0 0
45 4437 0 0 0 0 0 0 0
0 0 0 0 0 0 0 0 0
7686 34139 0 0 0 0 0 0 0
275 12639 0 0 0 0 0 0 0
0 0 0 0 0 0 0 0 0
668 14066 0 0 0 0 0 0 0
0 0 0 0 0 0 0 0 0
387 8557 0 0 0 0 0 0 0
484 8140 0 0 0 0 0 0 0
1288 11343 0 0 0 0 0 0 0
734 4557 0 0 0 0 0 0 0
846 4177 0 0 0 0 0 0 0
0 0 0 0 0 0 0 0 0
841 3592 0 0 0 0 0 0 0
784 3423 0 0 0 0 0 0 0
1427 6254 0 0 0 0 0 0 0
795 2420 0 0 0 0 0 0 0
734 1564 0 0 0 0 0 0 0
0 0 0 0 0 0 0 0 0
713 1595 0 0 0 0 0 0 0
682 1514 0 0 0 0 0 0 0
1483 3449 0 0 0 0 0 0 0
384 931 0 0 0 0 0 0 0
208 509 0 0 0 0 0 0 0
0 0 0 0 0 0 0 0 0
0 0 0 0 0 0 0 0 0
623 2240 0 0 0 0 0 0 0
168 417 0 0 0 0 0 0 0
490 1413 0 0 0 0 0 0 0
297 247 0 0 0 0 0 0 0
0 0 0 0 0 0 0 0 0
256 187 0 0 0 0 0 0 0
343 203 0 0 0 0 0 0 0
431 1291 0 0 0 0 0 0 0
0 0 0 0 0 0 0 0 0
141 2205 0 0 0 0 0 0 0
0 0 0 0 0 0 0 0 0
76 1530 0 0 0 0 0 0 0
138 1979 0 0 0 0 0 0 0
586 5154 0 0 0 0 0 0 0
316 2865 0 0 0 0 0 0 0
315 3157 0 0 0 0 0 0 0
0 0 0 0 0 0 0 0 0
336 3388 0 0 0 0 0 0 0
335 2944 0 0 0 0 0 0 0
905 5059 0 0 0 0 0 0 0
126 2247 0 0 0 0 0 0 0
128 2165 0 0 0 0 0 0 0
0 0 0 0 0 0 0 0 0
162 2506 0 0 0 0 0 0 0
283 3065 0 0 0 0 0 0 0
740 9402 0 0 0 0 0 0 0
216 3977 0 0 0 0 0 0 0
224 3989 0 0 0 0 0 0 0
0 0 0 0 0 0 0 0 0
231 4017 0 0 0 0 0 0 0
266 3634 0 0 0 0 0 0 0
1124 6155 0 0 0 0 0 0 0
701 2309 0 0 0 0 0 0 0
793 1637 0 0 0 0 0 0 0
0 0 0 0 0 0 0 0 0
711 1125 0 0 0 0 0 0 0
623 889 0 0 0 0 0 0 0
1070 2447 0 0 0 0 0 0 0
381 692 0 0 0 0 0 0 0
275 829 0 0 0 0 0 0 0
0 0 0 0 0 0 0 0 0
110 732 0 0 0 0 0 0 0
195 976 0 0 0 0 0 0 0
115 600 0 0 0 0 0 0 0
714 1822 0 0 0 0 0 0 0
503 564 0 0 0 0 0 0 0
0 0 0 0 0 0 0 0 0
494 614 0 0 0 0 0 0 0
0 0 0 0 0 0 0 0 0
708 4238 0 0 0 0 0 0 0
69 1017 0 0 0 0 0 0 0
67 857 0 0 0 0 0 0 0
0 0 0 0 0 0 0 0 0
41 776 0 0 0 0 0 0 0
31 568 0 0 0 0 0 0 0
36 456 0 0 0 0 0 0 0
44 372 0 0 0 0 0 0 0
224 1071 0 0 0 0 0 0 0
0 0 0 0 0 0 0 0 0
0 0 0 0 0 0 0 0 0
486 1225 0 0 0 0 0 0 0
177 131 0 0 0 0 0 0 0
806 585 0 0 0 0 0 0 0
333 685 0 0 0 0 0 0 0
0 0 0 0 0 0 0 0 0
396 2118 0 0 0 0 0 0 0
498 3447 0 0 0 0 0 0 0
402 3822 0 0 0 0 0 0 0
870 7105 0 0 0 0 0 0 0
744 9969 0 0 0 0 0 0 0
0 0 0 0 0 0 0 0 0
68 6239 0 0 0 0 0 0 0
46 7325 0 0 0 0 0 0 0
34 8511 0 0 0 0 0 0 0
298 16781 0 0 0 0 0 0 0
84 9894 0 0 0 0 0 0 0
0 0 0 0 0 0 0 0 0
88 10768 0 0 0 0 0 0 0
26 10818 0 0 0 0 0 0 0
0 0 0 0 0 0 0 0 0
285 18770 0 0 0 0 0 0 0
279 20025 0 0 0 0 0 0 0
0 0 0 0 0 0 0 0 0
96 10305 0 0 0 0 0 0 0
72 9293 0 0 0 0 0 0 0
424 13441 0 0 0 0 0 0 0
0 0 0 0 0 0 0 0 0
1549 15871 0 0 0 0 0 0 0
0 0 0 0 0 0 0 0 0
727 9511 0 0 0 0 0 0 0
444 7095 0 0 0 0 0 0 0
227 5053 0 0 0 0 0 0 0
315 7286 0 0 0 0 0 0 0
193 2430 0 0 0 0 0 0 0
0 0 0 0 0 0 0 0 0
375 4197 0 0 0 0 0 0 0
345 6526 0 0 0 0 0 0 0
465 8500 0 0 0 0 0 0 0
468 8895 0 0 0 0 0 0 0
943 14204 0 0 0 0 0 0 0
0 0 0 0 0 0 0 0 0
128 6646 0 0 0 0 0 0 0
124 6227 0 0 0 0 0 0 0
162 5792 0 0 0 0 0 0 0
180 10484 0 0 0 0 0 0 0
216 3961 0 0 0 0 0 0 0
0 0 0 0 0 0 0 0 0
324 3935 0 0 0 0 0 0 0
265 4427 0 0 0 0 0 0 0
160 4868 0 0 0 0 0 0 0
184 5271 0 0 0 0 0 0 0
438 10646 0 0 0 0 0 0 0
0 0 0 0 0 0 0 0 0
50 5863 0 0 0 0 0 0 0
0 0 0 0 0 0 0 0 0
3 9818 0 0 0 0 0 0 0
206 3515 0 0 0 0 0 0 0
542 6267 0 0 0 0 0 0 0
0 0 0 0 0 0 0 0 0
252 2172 0 0 0 0 0 0 0
198 2079 0 0 0 0 0 0 0
125 2512 0 0 0 0 0 0 0
191 2579 0 0 0 0 0 0 0
452 5915 0 0 0 0 0 0 0
0 0 0 0 0 0 0 0 0
160 2755 0 0 0 0 0 0 0
209 2627 0 0 0 0 0 0 0
246 2526 0 0 0 0 0 0 0
545 6384 0 0 0 0 0 0 0
62 3776 0 0 0 0 0 0 0
0 0 0 0 0 0 0 0 0
53 3719 0 0 0 0 0 0 0
44 3435 0 0 0 0 0 0 0
230 7354 0 0 0 0 0 0 0
32 4483 0 0 0 0 0 0 0
24 4341 0 0 0 0 0 0 0
0 0 0 0 0 0 0 0 0
131 4994 0 0 0 0 0 0 0
290 5848 0 0 0 0 0 0 0
317 6380 0 0 0 0 0 0 0
1455 11724 0 0 0 0 0 0 0
950 3833 0 0 0 0 0 0 0
0 0 0 0 0 0 0 0 0
740 2671 0 0 0 0 0 0 0
0 0 0 0 0 0 0 0 0
1054 4200 0 0 0 0 0 0 0
674 826 0 0 0 0 0 0 0
1497 1261 0 0 0 0 0 0 0
0 0 0 0 0 0 0 0 0
557 356 0 0 0 0 0 0 0
115 748 0 0 0 0 0 0 0
19 1947 0 0 0 0 0 0 0
589 7220 0 0 0 0 0 0 0
0 0 0 0 0 0 0 0 0
0 0 0 0 0 0 0 0 0
602 8573 0 0 0 0 0 0 0
343 2853 0 0 0 0 0 0 0
383 2629 0 0 0 0 0 0 0
698 4168 0 0 0 0 0 0 0
248 1818 0 0 0 0 0 0 0
0 0 0 0 0 0 0 0 0
177 1527 0 0 0 0 0 0 0
145 1491 0 0 0 0 0 0 0
162 1165 0 0 0 0 0 0 0
318 3152 0 0 0 0 0 0 0
116 1063 0 0 0 0 0 0 0
0 0 0 0 0 0 0 0 0
0 0 0 0 0 0 0 0 0
544 3378 0 0 0 0 0 0 0
374 1716 0 0 0 0 0 0 0
749 5853 0 0 0 0 0 0 0
452 3447 0 0 0 0 0 0 0
0 0 0 0 0 0 0 0 0
637 3295 0 0 0 0 0 0 0
0 0 0 0 0 0 0 0 0
770 7223 0 0 0 0 0 0 0
284 4070 0 0 0 0 0 0 0
347 9479 0 0 0 0 0 0 0
0 0 0 0 0 0 0 0 0
30 5157 0 0 0 0 0 0 0
241 4490 0 0 0 0 0 0 0
484 4238 0 0 0 0 0 0 0
561 4252 0 0 0 0 0 0 0
983 7210 0 0 0 0 0 0 0
0 0 0 0 0 0 0 0 0
520 3187 0 0 0 0 0 0 0
362 2539 0 0 0 0 0 0 0
193 2894 0 0 0 0 0 0 0
259 3053 0 0 0 0 0 0 0
579 4374 0 0 0 0 0 0 0
0 0 0 0 0 0 0 0 0
321 1169 0 0 0 0 0 0 0
300 894 0 0 0 0 0 0 0
220 1151 0 0 0 0 0 0 0
147 1253 0 0 0 0 0 0 0
58 3321 0 0 0 0 0 0 0
0 0 0 0 0 0 0 0 0
8 1033 0 0 0 0 0 0 0
3 871 0 0 0 0 0 0 0
41 867 0 0 0 0 0 0 0
467 2516 0 0 0 0 0 0 0
161 688 0 0 0 0 0 0 0
0 0 0 0 0 0 0 0 0
162 390 0 0 0 0 0 0 0
0 0 0 0 0 0 0 0 0
746 1596 0 0 0 0 0 0 0
289 688 0 0 0 0 0 0 0
932 1383 0 0 0 0 0 0 0
0 0 0 0 0 0 0 0 0
443 726 0 0 0 0 0 0 0
492 876 0 0 0 0 0 0 0
500 677 0 0 0 0 0 0 0
462 393 0 0 0 0 0 0 0
976 1744 0 0 0 0 0 0 0
0 0 0 0 0 0 0 0 0
0 0 0 0 0 0 0 0 0
1113 4228 0 0 0 0 0 0 0
106 1185 0 0 0 0 0 0 0
98 704 0 0 0 0 0 0 0
748 1543 0 0 0 0 0 0 0
0 0 0 0 0 0 0 0 0
224 1652 0 0 0 0 0 0 0
113 1645 0 0 0 0 0 0 0
33 956 0 0 0 0 0 0 0
78 436 0 0 0 0 0 0 0
50 303 0 0 0 0 0 0 0
0 0 0 0 0 0 0 0 0
280 1846 0 0 0 0 0 0 0
51 872 0 0 0 0 0 0 0
32 1102 0 0 0 0 0 0 0
0 0 0 0 0 0 0 0 0
170 3714 0 0 0 0 0 0 0
0 0 0 0 0 0 0 0 0
299 4011 0 0 0 0 0 0 0
59 2078 0 0 0 0 0 0 0
0 0 0 0 0 0 0 0 0
641 5888 0 0 0 0 0 0 0
548 4342 0 0 0 0 0 0 0
0 0 0 0 0 0 0 0 0
136 2610 0 0 0 0 0 0 0
139 4020 0 0 0 0 0 0 0
0 0 0 0 0 0 0 0 0
399 10100 0 0 0 0 0 0 0
282 12271 0 0 0 0 0 0 0
0 0 0 0 0 0 0 0 0
111 7553 0 0 0 0 0 0 0
72 8252 0 0 0 0 0 0 0
136 9493 0 0 0 0 0 0 0
138 10280 0 0 0 0 0 0 0
106 10476 0 0 0 0 0 0 0
0 0 0 0 0 0 0 0 0
47 10794 0 0 0 0 0 0 0
143 17092 0 0 0 0 0 0 0
19 9851 0 0 0 0 0 0 0
8 10118 0 0 0 0 0 0 0
33 9845 0 0 0 0 0 0 0
0 0 0 0 0 0 0 0 0
94 17405 0 0 0 0 0 0 0
67 10270 0 0 0 0 0 0 0
0 9283 0 0 0 0 0 0 0
30 9150 0 0 0 0 0 0 0
119 14101 0 0 0 0 0 0 0
0 0 0 0 0 0 0 0 0
43 6761 0 0 0 0 0 0 0
56 5523 0 0 0 0 0 0 0
73 4696 0 0 0 0 0 0 0
61 3810 0 0 0 0 0 0 0
242 6556 0 0 0 0 0 0 0
0 0 0 0 0 0 0 0 0
68 3094 0 0 0 0 0 0 0
58 3827 0 0 0 0 0 0 0
0 0 0 0 0 0 0 0 0
411 8006 0 0 0 0 0 0 0
879 8347 0 0 0 0 0 0 0
0 0 0 0 0 0 0 0 0
394 4824 0 0 0 0 0 0 0
728 5204 0 0 0 0 0 0 0
529 4827 0 0 0 0 0 0 0
454 4965 0 0 0 0 0 0 0
411 8443 0 0 0 0 0 0 0
0 0 0 0 0 0 0 0 0
0 0 0 0 0 0 0 0 0
325 6654 0 0 0 0 0 0 0
28 2368 0 0 0 0 0 0 0
74 1528 0 0 0 0 0 0 0
583 3129 0 0 0 0 0 0 0
0 0 0 0 0 0 0 0 0
185 3882 0 0 0 0 0 0 0
62 6846 0 0 0 0 0 0 0
83 8901 0 0 0 0 0 0 0
103 8920 0 0 0 0 0 0 0
395 14600 0 0 0 0 0 0 0
0 0 0 0 0 0 0 0 0
141 10075 0 0 0 0 0 0 0
277 10552 0 0 0 0 0 0 0
167 9883 0 0 0 0 0 0 0
253 9418 0 0 0 0 0 0 0
220 7671 0 0 0 0 0 0 0
0 0 0 0 0 0 0 0 0
792 12112 0 0 0 0 0 0 0
111 6967 0 0 0 0 0 0 0
48 6753 0 0 0 0 0 0 0
27 7212 0 0 0 0 0 0 0
102 13746 0 0 0 0 0 0 0
0 0 0 0 0 0 0 0 0
270 7497 0 0 0 0 0 0 0
367 6457 0 0 0 0 0 0 0
365 6825 0 0 0 0 0 0 0
288 6951 0 0 0 0 0 0 0
865 10112 0 0 0 0 0 0 0
0 0 0 0 0 0 0 0 0
189 7679 0 0 0 0 0 0 0
305 8831 0 0 0 0 0 0 0
217 7711 0 0 0 0 0 0 0
175 5619 0 0 0 0 0 0 0
148 5517 0 0 0 0 0 0 0
0 0 0 0 0 0 0 0 0
309 10574 0 0 0 0 0 0 0
14 4297 0 0 0 0 0 0 0
0 0 0 0 0 0 0 0 0
101 7302 0 0 0 0 0 0 0
257 3666 0 0 0 0 0 0 0
0 0 0 0 0 0 0 0 0
744 5282 0 0 0 0 0 0 0
104 3687 0 0 0 0 0 0 0
178 4641 0 0 0 0 0 0 0
134 3748 0 0 0 0 0 0 0
146 2868 0 0 0 0 0 0 0
0 0 0 0 0 0 0 0 0
387 6662 0 0 0 0 0 0 0
106 3995 0 0 0 0 0 0 0
123 4330 0 0 0 0 0 0 0
195 3645 0 0 0 0 0 0 0
789 5768 0 0 0 0 0 0 0
0 0 0 0 0 0 0 0 0
374 3645 0 0 0 0 0 0 0
274 3882 0 0 0 0 0 0 0
299 3438 0 0 0 0 0 0 0
387 2982 0 0 0 0 0 0 0
1299 4321 0 0 0 0 0 0 0
0 0 0 0 0 0 0 0 0
442 1220 0 0 0 0 0 0 0
464 1519 0 0 0 0 0 0 0
475 1847 0 0 0 0 0 0 0
360 1701 0 0 0 0 0 0 0
693 3133 0 0 0 0 0 0 0
0 0 0 0 0 0 0 0 0
82 784 0 0 0 0 0 0 0
106 1010 0 0 0 0 0 0 0
0 0 0 0 0 0 0 0 0
381 1127 0 0 0 0 0 0 0
149 285 0 0 0 0 0 0 0
0 0 0 0 0 0 0 0 0
1147 2318 0 0 0 0 0 0 0
586 1813 0 0 0 0 0 0 0
341 1748 0 0 0 0 0 0 0
250 2164 0 0 0 0 0 0 0
624 3717 0 0 0 0 0 0 0
0 0 0 0 0 0 0 0 0
0 0 0 0 0 0 0 0 0
589 3002 0 0 0 0 0 0 0
283 736 0 0 0 0 0 0 0
283 975 0 0 0 0 0 0 0
505 2226 0 0 0 0 0 0 0
0 0 0 0 0 0 0 0 0
327 612 0 0 0 0 0 0 0
361 354 0 0 0 0 0 0 0
410 194 0 0 0 0 0 0 0
355 413 0 0 0 0 0 0 0
617 1592 0 0 0 0 0 0 0
0 0 0 0 0 0 0 0 0
0 0 0 0 0 0 0 0 0
600 4239 0 0 0 0 0 0 0
13 2049 0 0 0 0 0 0 0
203 2174 0 0 0 0 0 0 0
220 1872 0 0 0 0 0 0 0
0 0 0 0 0 0 0 0 0
256 2084 0 0 0 0 0 0 0
488 5708 0 0 0 0 0 0 0
24 1706 0 0 0 0 0 0 0
85 2083 0 0 0 0 0 0 0
240 3614 0 0 0 0 0 0 0
0 0 0 0 0 0 0 0 0
710 8249 0 0 0 0 0 0 0
222 4170 0 0 0 0 0 0 0
230 3571 0 0 0 0 0 0 0
152 3151 0 0 0 0 0 0 0
528 7310 0 0 0 0 0 0 0
0 0 0 0 0 0 0 0 0
81 2354 0 0 0 0 0 0 0
27 3322 0 0 0 0 0 0 0
6 4458 0 0 0 0 0 0 0
10 4475 0 0 0 0 0 0 0
99 7102 0 0 0 0 0 0 0
0 0 0 0 0 0 0 0 0
2 3451 0 0 0 0 0 0 0
22 2762 0 0 0 0 0 0 0
0 0 0 0 0 0 0 0 0
214 10671 0 0 0 0 0 0 0
0 0 0 0 0 0 0 0 0
0 0 0 0 0 0 0 0 0
54 8710 0 0 0 0 0 0 0
0 0 0 0 0 0 0 0 0
1 3565 0 0 0 0 0 0 0
298 5477 0 0 0 0 0 0 0
0 0 0 0 0 0 0 0 0
316 3524 0 0 0 0 0 0 0
1002 5351 0 0 0 0 0 0 0
0 0 0 0 0 0 0 0 0
393 5047 0 0 0 0 0 0 0
11 2436 0 0 0 0 0 0 0
0 0 0 0 0 0 0 0 0
110 3318 0 0 0 0 0 0 0
696 3588 0 0 0 0 0 0 0
0 0 0 0 0 0 0 0 0
472 4061 0 0 0 0 0 0 0
0 0 0 0 0 0 0 0 0
0 0 0 0 0 0 0 0 0
168 5937 0 0 0 0 0 0 0
141 4316 0 0 0 0 0 0 0
49 2255 0 0 0 0 0 0 0
129 1474 0 0 0 0 0 0 0
348 1941 0 0 0 0 0 0 0
0 0 0 0 0 0 0 0 0
455 3086 0 0 0 0 0 0 0
727 3340 0 0 0 0 0 0 0
0 0 0 0 0 0 0 0 0
456 5037 0 0 0 0 0 0 0
16 1253 0 0 0 0 0 0 0
0 0 0 0 0 0 0 0 0
26 2303 0 0 0 0 0 0 0
142 2305 0 0 0 0 0 0 0
448 2630 0 0 0 0 0 0 0
148 2780 0 0 0 0 0 0 0
132 1704 0 0 0 0 0 0 0
0 0 0 0 0 0 0 0 0
62 1879 0 0 0 0 0 0 0
225 3819 0 0 0 0 0 0 0
0 0 0 0 0 0 0 0 0
58 3613 0 0 0 0 0 0 0
49 2131 0 0 0 0 0 0 0
0 0 0 0 0 0 0 0 0
52 1428 0 0 0 0 0 0 0
103 1956 0 0 0 0 0 0 0
276 4023 0 0 0 0 0 0 0
19 1768 0 0 0 0 0 0 0
52 2153 0 0 0 0 0 0 0
0 0 0 0 0 0 0 0 0
21 1090 0 0 0 0 0 0 0
20 1581 0 0 0 0 0 0 0
192 4240 0 0 0 0 0 0 0
150 2660 0 0 0 0 0 0 0
2980 14860 0 0 0 0 0 0 0
13 305 0 0 0 0 0 0 0
0 0 0 0 0 0 0 0 0
82 1728 0 0 0 0 0 0 0
0 0 0 0 0 0 0 0 0
15 326 0 0 0 0 0 0 0
8 1098 0 0 0 0 0 0 0
3631 29031 0 0 0 0 0 0 0
0 0 0 0 0 0 0 0 0
319 12396 0 0 0 0 0 0 0
0 0 0 0 0 0 0 0 0
415 15601 0 0 0 0 0 0 0
159 9846 0 0 0 0 0 0 0
146 9788 0 0 0 0 0 0 0
0 0 0 0 0 0 0 0 0
139 9629 0 0 0 0 0 0 0
327 15287 0 0 0 0 0 0 0
115 7996 0 0 0 0 0 0 0
19 7394 0 0 0 0 0 0 0
0 0 0 0 0 0 0 0 0
0 0 0 0 0 0 0 0 0
0 0 0 0 0 0 0 0 0
0 0 0 0 0 0 0 0 0
0 0 0 0 0 0 0 0 0
0 0 0 0 0 0 0 0 0
0 0 0 0 0 0 0 0 0
0 0 0 0 0 0 0 0 0
0 0 0 0 0 0 0 0 0
992 26377 0 0 0 0 0 0 0
105 2919 0 0 0 0 0 0 0
3 0 0 0 0 0 0 0 0
178 5591 0 0 0 0 0 0 0
0 0 0 0 0 0 0 0 0
64 2952 0 0 0 0 0 0 0
336 3122 0 0 0 0 0 0 0
920 5745 0 0 0 0 0 0 0
502 2380 0 0 0 0 0 0 0
408 2107 0 0 0 0 0 0 0
0 0 0 0 0 0 0 0 0
348 1988 0 0 0 0 0 0 0
270 1943 0 0 0 0 0 0 0
726 4304 0 0 0 0 0 0 0
479 1829 0 0 0 0 0 0 0
569 2016 0 0 0 0 0 0 0
0 0 0 0 0 0 0 0 0
528 2038 0 0 0 0 0 0 0
881 4919 0 0 0 0 0 0 0
350 2336 0 0 0 0 0 0 0
412 2952 0 0 0 0 0 0 0
395 3418 0 0 0 0 0 0 0
0 0 0 0 0 0 0 0 0
0 0 0 0 0 0 0 0 0
1545 8104 0 0 0 0 0 0 0
537 2870 0 0 0 0 0 0 0
459 2110 0 0 0 0 0 0 0
439 1751 0 0 0 0 0 0 0
0 0 0 0 0 0 0 0 0
726 4807 0 0 0 0 0 0 0
254 2753 0 0 0 0 0 0 0
149 1992 0 0 0 0 0 0 0
172 1807 0 0 0 0 0 0 0
161 1877 0 0 0 0 0 0 0
0 0 0 0 0 0 0 0 0
239 2809 0 0 0 0 0 0 0
399 5761 0 0 0 0 0 0 0
143 3433 0 0 0 0 0 0 0
301 4012 0 0 0 0 0 0 0
543 5039 0 0 0 0 0 0 0
0 0 0 0 0 0 0 0 0
1752 9032 0 0 0 0 0 0 0
0 0 0 0 0 0 0 0 0
1460 7339 0 0 0 0 0 0 0
345 3139 0 0 0 0 0 0 0
335 2828 0 0 0 0 0 0 0
0 0 0 0 0 0 0 0 0
875 7305 0 0 0 0 0 0 0
262 4586 0 0 0 0 0 0 0
286 5881 0 0 0 0 0 0 0
0 0 0 0 0 0 0 0 0
799 11771 0 0 0 0 0 0 0
0 0 0 0 0 0 0 0 0
367 5334 0 0 0 0 0 0 0
1212 11190 0 0 0 0 0 0 0
504 5935 0 0 0 0 0 0 0
465 4023 0 0 0 0 0 0 0
303 4530 0 0 0 0 0 0 0
0 0 0 0 0 0 0 0 0
301 4988 0 0 0 0 0 0 0
214 5651 0 0 0 0 0 0 0
279 8325 0 0 0 0 0 0 0
27 5159 0 0 0 0 0 0 0
68 5254 0 0 0 0 0 0 0
0 0 0 0 0 0 0 0 0
126 5104 0 0 0 0 0 0 0
374 4040 0 0 0 0 0 0 0
25 3791 0 0 0 0 0 0 0
11 3584 0 0 0 0 0 0 0
26 2034 0 0 0 0 0 0 0
0 0 0 0 0 0 0 0 0
0 0 0 0 0 0 0 0 0
621 10026 0 0 0 0 0 0 0
88 2247 0 0 0 0 0 0 0
76 1313 0 0 0 0 0 0 0
79 3244 0 0 0 0 0 0 0
0 0 0 0 0 0 0 0 0
261 4706 0 0 0 0 0 0 0
94 1250 0 0 0 0 0 0 0
114 2912 0 0 0 0 0 0 0
0 0 0 0 0 0 0 0 0
440 6155 0 0 0 0 0 0 0
0 0 0 0 0 0 0 0 0
711 2940 0 0 0 0 0 0 0
138 3199 0 0 0 0 0 0 0
85 1903 0 0 0 0 0 0 0
64 1138 0 0 0 0 0 0 0
93 1834 0 0 0 0 0 0 0
0 0 0 0 0 0 0 0 0
116 3629 0 0 0 0 0 0 0
356 5162 0 0 0 0 0 0 0
0 0 0 0 0 0 0 0 0
376 2659 0 0 0 0 0 0 0
125 1062 0 0 0 0 0 0 0
0 0 0 0 0 0 0 0 0
112 1126 0 0 0 0 0 0 0
328 4296 0 0 0 0 0 0 0
64 2922 0 0 0 0 0 0 0
82 2560 0 0 0 0 0 0 0
138 2788 0 0 0 0 0 0 0
0 0 0 0 0 0 0 0 0
237 2669 0 0 0 0 0 0 0
636 4015 0 0 0 0 0 0 0
0 0 0 0 0 0 0 0 0
411 3053 0 0 0 0 0 0 0
82 1188 0 0 0 0 0 0 0
0 0 0 0 0 0 0 0 0
59 927 0 0 0 0 0 0 0
205 2147 0 0 0 0 0 0 0
37 196 0 0 0 0 0 0 0
69 312 0 0 0 0 0 0 0
60 412 0 0 0 0 0 0 0
0 0 0 0 0 0 0 0 0
376 1919 0 0 0 0 0 0 0
39 695 0 0 0 0 0 0 0
54 368 0 0 0 0 0 0 0
0 0 0 0 0 0 0 0 0
404 1324 0 0 0 0 0 0 0
0 0 0 0 0 0 0 0 0
399 1943 0 0 0 0 0 0 0
213 916 0 0 0 0 0 0 0
302 935 0 0 0 0 0 0 0
600 915 0 0 0 0 0 0 0
700 664 0 0 0 0 0 0 0
0 0 0 0 0 0 0 0 0
743 624 0 0 0 0 0 0 0
504 634 0 0 0 0 0 0 0
1139 2237 0 0 0 0 0 0 0
219 741 0 0 0 0 0 0 0
193 881 0 0 0 0 0 0 0
0 0 0 0 0 0 0 0 0
155 785 0 0 0 0 0 0 0
732 2799 0 0 0 0 0 0 0
114 1305 0 0 0 0 0 0 0
31 1906 0 0 0 0 0 0 0
308 4519 0 0 0 0 0 0 0
0 0 0 0 0 0 0 0 0
46 3357 0 0 0 0 0 0 0
87 3824 0 0 0 0 0 0 0
408 7860 0 0 0 0 0 0 0
0 0 0 0 0 0 0 0 0
4452 28919 0 0 0 0 0 0 0
24 8247 0 0 0 0 0 0 0
122 14075 0 0 0 0 0 0 0
114 8130 0 0 0 0 0 0 0
43 7869 0 0 0 0 0 0 0
0 0 0 0 0 0 0 0 0
139 8467 0 0 0 0 0 0 0
130 14962 0 0 0 0 0 0 0
216 9503 0 0 0 0 0 0 0
160 9466 0 0 0 0 0 0 0
148 9162 0 0 0 0 0 0 0
0 0 0 0 0 0 0 0 0
102 8776 0 0 0 0 0 0 0
202 8419 0 0 0 0 0 0 0
517 13178 0 0 0 0 0 0 0
122 6355 0 0 0 0 0 0 0
133 5961 0 0 0 0 0 0 0
0 0 0 0 0 0 0 0 0
151 6522 0 0 0 0 0 0 0
0 0 0 0 0 0 0 0 0
426 13073 0 0 0 0 0 0 0
12 3611 0 0 0 0 0 0 0
1 2957 0 0 0 0 0 0 0
0 0 0 0 0 0 0 0 0
2 2620 0 0 0 0 0 0 0
18 1911 0 0 0 0 0 0 0
92 3239 0 0 0 0 0 0 0
20 1057 0 0 0 0 0 0 0
26 1161 0 0 0 0 0 0 0
0 0 0 0 0 0 0 0 0
44 1440 0 0 0 0 0 0 0
47 2534 0 0 0 0 0 0 0
292 6376 0 0 0 0 0 0 0
221 2692 0 0 0 0 0 0 0
0 0 0 0 0 0 0 0 0
0 0 0 0 0 0 0 0 0
721 6369 0 0 0 0 0 0 0
402 3251 0 0 0 0 0 0 0
893 7377 0 0 0 0 0 0 0
603 2797 0 0 0 0 0 0 0
2789 17944 0 0 0 0 0 0 0
8 2067 0 0 0 0 0 0 0
0 0 0 0 0 0 0 0 0
0 0 0 0 0 0 0 0 0
23 4864 0 0 0 0 0 0 0
0 0 0 0 0 0 0 0 0
6727 46146 0 0 0 0 0 0 0
0 0 0 0 0 0 0 0 0
0 0 0 0 0 0 0 0 0
1219 5421 0 0 0 0 0 0 0
431 3045 0 0 0 0 0 0 0
1053 6371 0 0 0 0 0 0 0
408 3339 0 0 0 0 0 0 0
355 3662 0 0 0 0 0 0 0
0 0 0 0 0 0 0 0 0
301 3605 0 0 0 0 0 0 0
295 2463 0 0 0 0 0 0 0
564 3764 0 0 0 0 0 0 0
143 1572 0 0 0 0 0 0 0
0 0 0 0 0 0 0 0 0
0 0 0 0 0 0 0 0 0
451 3960 0 0 0 0 0 0 0
151 2194 0 0 0 0 0 0 0
535 4472 0 0 0 0 0 0 0
0 0 0 0 0 0 0 0 0
733 4789 0 0 0 0 0 0 0
0 0 0 0 0 0 0 0 0
336 2540 0 0 0 0 0 0 0
476 2451 0 0 0 0 0 0 0
1148 4577 0 0 0 0 0 0 0
531 1579 0 0 0 0 0 0 0
484 1098 0 0 0 0 0 0 0
0 0 0 0 0 0 0 0 0
454 799 0 0 0 0 0 0 0
371 476 0 0 0 0 0 0 0
808 1494 0 0 0 0 0 0 0
316 302 0 0 0 0 0 0 0
417 247 0 0 0 0 0 0 0
0 0 0 0 0 0 0 0 0
689 470 0 0 0 0 0 0 0
862 347 0 0 0 0 0 0 0
841 541 0 0 0 0 0 0 0
1419 2570 0 0 0 0 0 0 0
479 850 0 0 0 0 0 0 0
0 0 0 0 0 0 0 0 0
0 0 0 0 0 0 0 0 0
1014 2383 0 0 0 0 0 0 0
312 775 0 0 0 0 0 0 0
862 2297 0 0 0 0 0 0 0
376 1138 0 0 0 0 0 0 0
0 0 0 0 0 0 0 0 0
626 1239 0 0 0 0 0 0 0
815 1323 0 0 0 0 0 0 0
1771 2997 0 0 0 0 0 0 0
0 0 0 0 0 0 0 0 0
2416 2938 0 0 0 0 0 0 0
0 0 0 0 0 0 0 0 0
1473 834 0 0 0 0 0 0 0
1596 729 0 0 0 0 0 0 0
2577 993 0 0 0 0 0 0 0
1243 454 0 0 0 0 0 0 0
1291 460 0 0 0 0 0 0 0
0 0 0 0 0 0 0 0 0
1379 389 0 0 0 0 0 0 0
0 0 0 0 0 0 0 0 0
3557 1203 0 0 0 0 0 0 0
1265 483 0 0 0 0 0 0 0
1087 627 0 0 0 0 0 0 0
0 0 0 0 0 0 0 0 0
979 757 0 0 0 0 0 0 0
967 729 0 0 0 0 0 0 0
848 412 0 0 0 0 0 0 0
1611 1171 0 0 0 0 0 0 0
484 32 0 0 0 0 0 0 0
0 0 0 0 0 0 0 0 0
356 0 0 0 0 0 0 0 0
0 0 0 0 0 0 0 0 0
938 14 0 0 0 0 0 0 0
354 47 0 0 0 0 0 0 0
649 1135 0 0 0 0 0 0 0
0 0 0 0 0 0 0 0 0
432 405 0 0 0 0 0 0 0
560 580 0 0 0 0 0 0 0
1370 2857 0 0 0 0 0 0 0
205 1524 0 0 0 0 0 0 0
209 2608 0 0 0 0 0 0 0
0 0 0 0 0 0 0 0 0
148 2265 0 0 0 0 0 0 0
0 0 0 0 0 0 0 0 0
812 4971 0 0 0 0 0 0 0
526 4811 0 0 0 0 0 0 0
52 1935 0 0 0 0 0 0 0
0 0 0 0 0 0 0 0 0
6 1574 0 0 0 0 0 0 0
0 0 0 0 0 0 0 0 0
374 3562 0 0 0 0 0 0 0
360 1246 0 0 0 0 0 0 0
86 88 0 0 0 0 0 0 0
0 0 0 0 0 0 0 0 0
129 345 0 0 0 0 0 0 0
178 299 0 0 0 0 0 0 0
1005 1577 0 0 0 0 0 0 0
0 0 0 0 0 0 0 0 0
1070 2026 0 0 0 0 0 0 0
0 0 0 0 0 0 0 0 0
281 474 0 0 0 0 0 0 0
230 702 0 0 0 0 0 0 0
356 1833 0 0 0 0 0 0 0
49 431 0 0 0 0 0 0 0
16 435 0 0 0 0 0 0 0
0 0 0 0 0 0 0 0 0
0 276 0 0 0 0 0 0 0
8 274 0 0 0 0 0 0 0
136 798 0 0 0 0 0 0 0
37 91 0 0 0 0 0 0 0
74 52 0 0 0 0 0 0 0
0 0 0 0 0 0 0 0 0
124 81 0 0 0 0 0 0 0
93 22 0 0 0 0 0 0 0
33 22 0 0 0 0 0 0 0
28 201 0 0 0 0 0 0 0
83 31 0 0 0 0 0 0 0
0 0 0 0 0 0 0 0 0
0 0 0 0 0 0 0 0 0
493 463 0 0 0 0 0 0 0
100 138 0 0 0 0 0 0 0
415 1133 0 0 0 0 0 0 0
146 255 0 0 0 0 0 0 0
0 0 0 0 0 0 0 0 0
197 198 0 0 0 0 0 0 0
299 243 0 0 0 0 0 0 0
249 192 0 0 0 0 0 0 0
278 182 0 0 0 0 0 0 0
434 760 0 0 0 0 0 0 0
0 0 0 0 0 0 0 0 0
85 59 0 0 0 0 0 0 0
457 77 0 0 0 0 0 0 0
1483 289 0 0 0 0 0 0 0
1890 209 0 0 0 0 0 0 0
1117 0 0 0 0 0 0 0 0
0 0 0 0 0 0 0 0 0
877 1 0 0 0 0 0 0 0
633 2 0 0 0 0 0 0 0
307 4 0 0 0 0 0 0 0
631 25 0 0 0 0 0 0 0
527 0 0 0 0 0 0 0 0
0 0 0 0 0 0 0 0 0
521 14 0 0 0 0 0 0 0
418 53 0 0 0 0 0 0 0
232 82 0 0 0 0 0 0 0
88 152 0 0 0 0 0 0 0
956 522 0 0 0 0 0 0 0
0 0 0 0 0 0 0 0 0
507 0 0 0 0 0 0 0 0
340 36 0 0 0 0 0 0 0
464 34 0 0 0 0 0 0 0
1991 667 0 0 0 0 0 0 0
941 164 0 0 0 0 0 0 0
0 0 0 0 0 0 0 0 0
1005 223 0 0 0 0 0 0 0
963 102 0 0 0 0 0 0 0
1009 120 0 0 0 0 0 0 0
2210 1000 0 0 0 0 0 0 0
887 725 0 0 0 0 0 0 0
0 0 0 0 0 0 0 0 0
798 761 0 0 0 0 0 0 0
921 854 0 0 0 0 0 0 0
900 318 0 0 0 0 0 0 0
2759 2399 0 0 0 0 0 0 0
1383 529 0 0 0 0 0 0 0
0 0 0 0 0 0 0 0 0
1410 622 0 0 0 0 0 0 0
1556 529 0 0 0 0 0 0 0
1386 294 0 0 0 0 0 0 0
2173 1320 0 0 0 0 0 0 0
798 876 0 0 0 0 0 0 0
0 0 0 0 0 0 0 0 0
582 1324 0 0 0 0 0 0 0
463 1457 0 0 0 0 0 0 0
419 1037 0 0 0 0 0 0 0
270 614 0 0 0 0 0 0 0
799 1636 0 0 0 0 0 0 0
0 0 0 0 0 0 0 0 0
443 64 0 0 0 0 0 0 0
0 0 0 0 0 0 0 0 0
780 551 0 0 0 0 0 0 0
306 217 0 0 0 0 0 0 0
608 544 0 0 0 0 0 0 0
0 0 0 0 0 0 0 0 0
248 516 0 0 0 0 0 0 0
411 60 0 0 0 0 0 0 0
421 37 0 0 0 0 0 0 0
863 538 0 0 0 0 0 0 0
0 0 0 0 0 0 0 0 0
0 0 0 0 0 0 0 0 0
663 391 0 0 0 0 0 0 0
148 303 0 0 0 0 0 0 0
108 196 0 0 0 0 0 0 0
377 319 0 0 0 0 0 0 0
87 384 0 0 0 0 0 0 0
0 0 0 0 0 0 0 0 0
87 362 0 0 0 0 0 0 0
54 99 0 0 0 0 0 0 0
71 169 0 0 0 0 0 0 0
200 890 0 0 0 0 0 0 0
64 99 0 0 0 0 0 0 0
0 0 0 0 0 0 0 0 0
58 362 0 0 0 0 0 0 0
129 509 0 0 0 0 0 0 0
144 238 0 0 0 0 0 0 0
222 120 0 0 0 0 0 0 0
382 525 0 0 0 0 0 0 0
0 0 0 0 0 0 0 0 0
0 0 0 0 0 0 0 0 0
365 15 0 0 0 0 0 0 0
321 571 0 0 0 0 0 0 0
0 0 0 0 0 0 0 0 0
379 134 0 0 0 0 0 0 0
0 0 0 0 0 0 0 0 0
72 176 0 0 0 0 0 0 0
86 562 0 0 0 0 0 0 0
60 281 0 0 0 0 0 0 0
230 34 0 0 0 0 0 0 0
0 0 0 0 0 0 0 0 0
0 0 0 0 0 0 0 0 0
232 237 0 0 0 0 0 0 0
44 42 0 0 0 0 0 0 0
26 107 0 0 0 0 0 0 0
57 72 0 0 0 0 0 0 0
108 335 0 0 0 0 0 0 0
0 0 0 0 0 0 0 0 0
19 0 0 0 0 0 0 0 0
15 18 0 0 0 0 0 0 0
18 76 0 0 0 0 0 0 0
44 6 0 0 0 0 0 0 0
4 34 0 0 0 0 0 0 0
0 0 0 0 0 0 0 0 0
19 9 0 0 0 0 0 0 0
1 85 0 0 0 0 0 0 0
0 0 0 0 0 0 0 0 0
2 31 0 0 0 0 0 0 0
0 68 0 0 0 0 0 0 0
0 0 0 0 0 0 0 0 0
0 0 0 0 0 0 0 0 0
0 0 0 0 0 0 0 0 0
0 0 0 0 0 0 0 0 0
17 28 0 0 0 0 0 0 0
19 49 0 0 0 0 0 0 0
0 0 0 0 0 0 0 0 0
41 5 0 0 0 0 0 0 0
129 28 0 0 0 0 0 0 0
41 0 0 0 0 0 0 0 0
0 0 0 0 0 0 0 0 0
81 57 0 0 0 0 0 0 0
0 0 0 0 0 0 0 0 0
29 0 0 0 0 0 0 0 0
35 11 0 0 0 0 0 0 0
58 81 0 0 0 0 0 0 0
14 26 0 0 0 0 0 0 0
0 0 0 0 0 0 0 0 0
0 0 0 0 0 0 0 0 0
0 0 0 0 0 0 0 0 0
13 133 0 0 0 0 0 0 0
62 209 0 0 0 0 0 0 0
127 346 0 0 0 0 0 0 0
171 1225 0 0 0 0 0 0 0
0 0 0 0 0 0 0 0 0
7 309 0 0 0 0 0 0 0
6 359 0 0 0 0 0 0 0
1 461 0 0 0 0 0 0 0
145 1766 0 0 0 0 0 0 0
28 499 0 0 0 0 0 0 0
0 0 0 0 0 0 0 0 0
8 404 0 0 0 0 0 0 0
20 418 0 0 0 0 0 0 0
84 1575 0 0 0 0 0 0 0
0 374 0 0 0 0 0 0 0
0 272 0 0 0 0 0 0 0
0 0 0 0 0 0 0 0 0
2 274 0 0 0 0 0 0 0
0 235 0 0 0 0 0 0 0
4 992 0 0 0 0 0 0 0
0 25 0 0 0 0 0 0 0
4 48 0 0 0 0 0 0 0
0 0 0 0 0 0 0 0 0
0 0 0 0 0 0 0 0 0
1 640 0 0 0 0 0 0 0
0 2 0 0 0 0 0 0 0
0 12 0 0 0 0 0 0 0
2 3 0 0 0 0 0 0 0
0 0 0 0 0 0 0 0 0
0 24 0 0 0 0 0 0 0
0 7 0 0 0 0 0 0 0
0 100 0 0 0 0 0 0 0
0 3 0 0 0 0 0 0 0
0 1 0 0 0 0 0 0 0
0 0 0 0 0 0 0 0 0
11 71 0 0 0 0 0 0 0
0 0 0 0 0 0 0 0 0
8 0 0 0 0 0 0 0 0
13 5 0 0 0 0 0 0 0
0 0 0 0 0 0 0 0 0
0 0 0 0 0 0 0 0 0
0 0 0 0 0 0 0 0 0
17 1 0 0 0 0 0 0 0
31 6 0 0 0 0 0 0 0
0 0 0 0 0 0 0 0 0
27 6 0 0 0 0 0 0 0
0 0 0 0 0 0 0 0 0
29 0 0 0 0 0 0 0 0
86 104 0 0 0 0 0 0 0
0 183 0 0 0 0 0 0 0
22 652 0 0 0 0 0 0 0
29 979 0 0 0 0 0 0 0
0 0 0 0 0 0 0 0 0
111 4804 0 0 0 0 0 0 0
0 2694 0 0 0 0 0 0 0
0 3071 0 0 0 0 0 0 0
8 3581 0 0 0 0 0 0 0
0 3963 0 0 0 0 0 0 0
0 0 0 0 0 0 0 0 0
8 4444 0 0 0 0 0 0 0
101 14994 0 0 0 0 0 0 0
34 6664 0 0 0 0 0 0 0
59 6731 0 0 0 0 0 0 0
60 7146 0 0 0 0 0 0 0
0 0 0 0 0 0 0 0 0
172 12790 0 0 0 0 0 0 0
62 6416 0 0 0 0 0 0 0
29 5602 0 0 0 0 0 0 0
0 0 0 0 0 0 0 0 0
176 8974 0 0 0 0 0 0 0
0 0 0 0 0 0 0 0 0
271 9703 0 0 0 0 0 0 0
0 0 0 0 0 0 0 0 0
2901 33314 0 0 0 0 0 0 0
137 1572 0 0 0 0 0 0 0
504 3460 0 0 0 0 0 0 0
190 1421 0 0 0 0 0 0 0
0 0 0 0 0 0 0 0 0
0 0 0 0 0 0 0 0 0
518 2676 0 0 0 0 0 0 0
544 2542 0 0 0 0 0 0 0
111 978 0 0 0 0 0 0 0
88 883 0 0 0 0 0 0 0
0 0 0 0 0 0 0 0 0
48 884 0 0 0 0 0 0 0
23 773 0 0 0 0 0 0 0
559 2554 0 0 0 0 0 0 0
263 371 0 0 0 0 0 0 0
411 245 0 0 0 0 0 0 0
0 0 0 0 0 0 0 0 0
461 111 0 0 0 0 0 0 0
1433 370 0 0 0 0 0 0 0
694 24 0 0 0 0 0 0 0
690 37 0 0 0 0 0 0 0
685 87 0 0 0 0 0 0 0
0 0 0 0 0 0 0 0 0
1592 1044 0 0 0 0 0 0 0
726 404 0 0 0 0 0 0 0
649 991 0 0 0 0 0 0 0
4992 20214 0 0 0 0 0 0 0
568 3698 0 0 0 0 0 0 0
0 0 0 0 0 0 0 0 0
135 1873 0 0 0 0 0 0 0
35 1660 0 0 0 0 0 0 0
98 3350 0 0 0 0 0 0 0
1 1290 0 0 0 0 0 0 0
0 0 0 0 0 0 0 0 0
0 0 0 0 0 0 0 0 0
199 3250 0 0 0 0 0 0 0
444 3395 0 0 0 0 0 0 0
263 1316 0 0 0 0 0 0 0
227 1446 0 0 0 0 0 0 0
221 1935 0 0 0 0 0 0 0
0 0 0 0 0 0 0 0 0
171 2046 0 0 0 0 0 0 0
536 5377 0 0 0 0 0 0 0
0 0 0 0 0 0 0 0 0
573 5530 0 0 0 0 0 0 0
234 2253 0 0 0 0 0 0 0
0 0 0 0 0 0 0 0 0
597 4860 0 0 0 0 0 0 0
292 2858 0 0 0 0 0 0 0
236 2467 0 0 0 0 0 0 0
303 2264 0 0 0 0 0 0 0
268 1610 0 0 0 0 0 0 0
0 0 0 0 0 0 0 0 0
0 0 0 0 0 0 0 0 0
1489 3363 0 0 0 0 0 0 0
288 871 0 0 0 0 0 0 0
315 691 0 0 0 0 0 0 0
682 1800 0 0 0 0 0 0 0
0 0 0 0 0 0 0 0 0
155 277 0 0 0 0 0 0 0
236 289 0 0 0 0 0 0 0
178 124 0 0 0 0 0 0 0
186 618 0 0 0 0 0 0 0
562 3633 0 0 0 0 0 0 0
0 0 0 0 0 0 0 0 0
52 1353 0 0 0 0 0 0 0
47 1242 0 0 0 0 0 0 0
0 0 0 0 0 0 0 0 0
507 2674 0 0 0 0 0 0 0
630 2598 0 0 0 0 0 0 0
0 0 0 0 0 0 0 0 0
367 1574 0 0 0 0 0 0 0
365 1601 0 0 0 0 0 0 0
495 1931 0 0 0 0 0 0 0
1732 5503 0 0 0 0 0 0 0
1004 3380 0 0 0 0 0 0 0
0 0 0 0 0 0 0 0 0
0 0 0 0 0 0 0 0 0
2088 6865 0 0 0 0 0 0 0
552 3738 0 0 0 0 0 0 0
214 3409 0 0 0 0 0 0 0
481 5488 0 0 0 0 0 0 0
0 0 0 0 0 0 0 0 0
64 2150 0 0 0 0 0 0 0
171 1874 0 0 0 0 0 0 0
163 1446 0 0 0 0 0 0 0
301 1232 0 0 0 0 0 0 0
289 1360 0 0 0 0 0 0 0
0 0 0 0 0 0 0 0 0
803 3103 0 0 0 0 0 0 0
151 2762 0 0 0 0 0 0 0
125 2904 0 0 0 0 0 0 0
218 2952 0 0 0 0 0 0 0
822 7222 0 0 0 0 0 0 0
0 0 0 0 0 0 0 0 0
235 3895 0 0 0 0 0 0 0
253 3892 0 0 0 0 0 0 0
0 0 0 0 0 0 0 0 0
1064 6781 0 0 0 0 0 0 0
1073 4673 0 0 0 0 0 0 0
0 0 0 0 0 0 0 0 0
753 1956 0 0 0 0 0 0 0
661 1665 0 0 0 0 0 0 0
2393 3619 0 0 0 0 0 0 0
0 0 0 0 0 0 0 0 0
6898 24556 0 0 0 0 0 0 0
1220 5843 0 0 0 0 0 0 0
0 1 0 0 0 0 0 0 0
490 3683 0 0 0 0 0 0 0
294 4898 0 0 0 0 0 0 0
182 6201 0 0 0 0 0 0 0
76 5287 0 0 0 0 0 0 0
357 6372 0 0 0 0 0 0 0
0 0 0 0 0 0 0 0 0
151 5625 0 0 0 0 0 0 0
166 5770 0 0 0 0 0 0 0
49 3028 0 0 0 0 0 0 0
124 4229 0 0 0 0 0 0 0
112 6068 0 0 0 0 0 0 0
0 0 0 0 0 0 0 0 0
0 0 0 0 0 0 0 0 0
0 0 0 0 0 0 0 0 0
0 0 0 0 0 0 0 0 0
0 0 0 0 0 0 0 0 0
0 0 0 0 0 0 0 0 0
0 0 0 0 0 0 0 0 0
1096 11543 0 0 0 0 0 0 0
97 5316 0 0 0 0 0 0 0
69 3868 0 0 0 0 0 0 0
384 10913 0 0 0 0 0 0 0
213 4207 0 0 0 0 0 0 0
0 0 0 0 0 0 0 0 0
332 5597 0 0 0 0 0 0 0
0 0 0 0 0 0 0 0 0
612 10367 0 0 0 0 0 0 0
328 3239 0 0 0 0 0 0 0
873 10871 0 0 0 0 0 0 0
0 0 0 0 0 0 0 0 0
0 0 0 0 0 0 0 0 0
766 6893 0 0 0 0 0 0 0
389 6603 0 0 0 0 0 0 0
364 5573 0 0 0 0 0 0 0
662 7665 0 0 0 0 0 0 0
0 0 0 0 0 0 0 0 0
365 6033 0 0 0 0 0 0 0
459 3777 0 0 0 0 0 0 0
469 5495 0 0 0 0 0 0 0
444 5868 0 0 0 0 0 0 0
339 6373 0 0 0 0 0 0 0
0 0 0 0 0 0 0 0 0
311 7301 0 0 0 0 0 0 0
231 4780 0 0 0 0 0 0 0
178 4801 0 0 0 0 0 0 0
102 4850 0 0 0 0 0 0 0
0 0 0 0 0 0 0 0 0
0 0 0 0 0 0 0 0 0
368 13016 0 0 0 0 0 0 0
581 11499 0 0 0 0 0 0 0
6675 29049 0 0 0 0 0 0 0
37 2044 0 0 0 0 0 0 0
110 3157 0 0 0 0 0 0 0
17 1104 0 0 0 0 0 0 0
0 0 0 0 0 0 0 0 0
12 1052 0 0 0 0 0 0 0
0 702 0 0 0 0 0 0 0
8 551 0 0 0 0 0 0 0
0 1789 0 0 0 0 0 0 0
0 723 0 0 0 0 0 0 0
0 0 0 0 0 0 0 0 0
0 0 0 0 0 0 0 0 0
18 7673 0 0 0 0 0 0 0
0 7458 0 0 0 0 0 0 0
7 8945 0 0 0 0 0 0 0
74 14422 0 0 0 0 0 0 0
0 0 0 0 0 0 0 0 0
9 7098 0 0 0 0 0 0 0
22 5057 0 0 0 0 0 0 0
18 6857 0 0 0 0 0 0 0
130 8994 0 0 0 0 0 0 0
281 14984 0 0 0 0 0 0 0
0 0 0 0 0 0 0 0 0
141 7773 0 0 0 0 0 0 0
121 6376 0 0 0 0 0 0 0
367 8447 0 0 0 0 0 0 0
14 4138 0 0 0 0 0 0 0
13 3673 0 0 0 0 0 0 0
0 0 0 0 0 0 0 0 0
3 3698 0 0 0 0 0 0 0
2 3233 0 0 0 0 0 0 0
19 3135 0 0 0 0 0 0 0
3 3147 0 0 0 0 0 0 0
47 5952 0 0 0 0 0 0 0
0 0 0 0 0 0 0 0 0
194 3629 0 0 0 0 0 0 0
248 4396 0 0 0 0 0 0 0
145 3862 0 0 0 0 0 0 0
616 6244 0 0 0 0 0 0 0
0 0 0 0 0 0 0 0 0
0 0 0 0 0 0 0 0 0
1000 7331 0 0 0 0 0 0 0
210 4224 0 0 0 0 0 0 0
206 4631 0 0 0 0 0 0 0
600 8652 0 0 0 0 0 0 0
173 5441 0 0 0 0 0 0 0
0 0 0 0 0 0 0 0 0
368 11506 0 0 0 0 0 0 0
7766 43973 0 0 0 0 0 0 0
0 6324 0 0 0 0 0 0 0
6 7523 0 0 0 0 0 0 0
0 8190 0 0 0 0 0 0 0
0 0 0 0 0 0 0 0 0
22 8489 0 0 0 0 0 0 0
400 14743 0 0 0 0 0 0 0
233 10106 0 0 0 0 0 0 0
286 10278 0 0 0 0 0 0 0
681 10367 0 0 0 0 0 0 0
0 0 0 0 0 0 0 0 0
714 10596 0 0 0 0 0 0 0
540 10483 0 0 0 0 0 0 0
523 10278 0 0 0 0 0 0 0
530 10466 0 0 0 0 0 0 0
1372 17426 0 0 0 0 0 0 0
0 0 0 0 0 0 0 0 0
643 11170 0 0 0 0 0 0 0
524 11099 0 0 0 0 0 0 0
487 11025 0 0 0 0 0 0 0
1405 18615 0 0 0 0 0 0 0
591 11278 0 0 0 0 0 0 0
0 0 0 0 0 0 0 0 0
520 11075 0 0 0 0 0 0 0
442 10818 0 0 0 0 0 0 0
468 10233 0 0 0 0 0 0 0
358 9039 0 0 0 0 0 0 0
956 15256 0 0 0 0 0 0 0
0 0 0 0 0 0 0 0 0
236 7877 0 0 0 0 0 0 0
255 7797 0 0 0 0 0 0 0
130 7860 0 0 0 0 0 0 0
339 11460 0 0 0 0 0 0 0
22 4031 0 0 0 0 0 0 0
0 0 0 0 0 0 0 0 0
38 3114 0 0 0 0 0 0 0
43 2183 0 0 0 0 0 0 0
267 3549 0 0 0 0 0 0 0
75 1333 0 0 0 0 0 0 0
59 4003 0 0 0 0 0 0 0
0 0 0 0 0 0 0 0 0
25 9072 0 0 0 0 0 0 0
0 0 0 0 0 0 0 0 0
299 25948 0 0 0 0 0 0 0
44 11396 0 0 0 0 0 0 0
189 10355 0 0 0 0 0 0 0
0 0 0 0 0 0 0 0 0
153 12309 0 0 0 0 0 0 0
53 14878 0 0 0 0 0 0 0
154 14272 0 0 0 0 0 0 0
278 17535 0 0 0 0 0 0 0
97 8506 0 0 0 0 0 0 0
0 0 0 0 0 0 0 0 0
26 6801 0 0 0 0 0 0 0
0 0 0 0 0 0 0 0 0
284 7978 0 0 0 0 0 0 0
315 3039 0 0 0 0 0 0 0
680 6456 0 0 0 0 0 0 0
0 0 0 0 0 0 0 0 0
461 3236 0 0 0 0 0 0 0
389 2886 0 0 0 0 0 0 0
372 3001 0 0 0 0 0 0 0
339 4081 0 0 0 0 0 0 0
341 4200 0 0 0 0 0 0 0
0 0 0 0 0 0 0 0 0
577 8429 0 0 0 0 0 0 0
359 3374 0 0 0 0 0 0 0
236 2921 0 0 0 0 0 0 0
512 5786 0 0 0 0 0 0 0
225 3112 0 0 0 0 0 0 0
0 0 0 0 0 0 0 0 0
255 3505 0 0 0 0 0 0 0
307 3732 0 0 0 0 0 0 0
0 0 0 0 0 0 0 0 0
1529 11282 0 0 0 0 0 0 0
256 3508 0 0 0 0 0 0 0
0 0 0 0 0 0 0 0 0
477 3814 0 0 0 0 0 0 0
396 3151 0 0 0 0 0 0 0
1056 7507 0 0 0 0 0 0 0
491 4690 0 0 0 0 0 0 0
389 4808 0 0 0 0 0 0 0
0 0 0 0 0 0 0 0 0
349 3773 0 0 0 0 0 0 0
0 0 0 0 0 0 0 0 0
727 5608 0 0 0 0 0 0 0
309 1828 0 0 0 0 0 0 0
639 2504 0 0 0 0 0 0 0
0 0 0 0 0 0 0 0 0
375 1860 0 0 0 0 0 0 0
516 2035 0 0 0 0 0 0 0
745 1745 0 0 0 0 0 0 0
1785 5864 0 0 0 0 0 0 0
1066 5183 0 0 0 0 0 0 0
0 0 0 0 0 0 0 0 0
0 0 0 0 0 0 0 0 0
2148 9778 0 0 0 0 0 0 0
947 4065 0 0 0 0 0 0 0
678 3328 0 0 0 0 0 0 0
1422 5956 0 0 0 0 0 0 0
0 0 0 0 0 0 0 0 0
662 2746 0 0 0 0 0 0 0
0 0 0 0 0 0 0 0 0
1603 6055 0 0 0 0 0 0 0
1417 5271 0 0 0 0 0 0 0
550 1965 0 0 0 0 0 0 0
0 0 0 0 0 0 0 0 0
0 0 0 0 0 0 0 0 0
1167 2637 0 0 0 0 0 0 0
305 1306 0 0 0 0 0 0 0
363 2058 0 0 0 0 0 0 0
863 4560 0 0 0 0 0 0 0
0 0 0 0 0 0 0 0 0
162 2268 0 0 0 0 0 0 0
110 2384 0 0 0 0 0 0 0
97 2220 0 0 0 0 0 0 0
70 705 0 0 0 0 0 0 0
550 770 0 0 0 0 0 0 0
0 0 0 0 0 0 0 0 0
324 621 0 0 0 0 0 0 0
308 884 0 0 0 0 0 0 0
185 747 0 0 0 0 0 0 0
0 0 0 0 0 0 0 0 0
398 2593 0 0 0 0 0 0 0
0 0 0 0 0 0 0 0 0
421 3592 0 0 0 0 0 0 0
83 1853 0 0 0 0 0 0 0
14 1516 0 0 0 0 0 0 0
89 2441 0 0 0 0 0 0 0
37 542 0 0 0 0 0 0 0
0 0 0 0 0 0 0 0 0
0 0 0 0 0 0 0 0 0
308 1304 0 0 0 0 0 0 0
206 1378 0 0 0 0 0 0 0
119 752 0 0 0 0 0 0 0
41 931 0 0 0 0 0 0 0
0 0 0 0 0 0 0 0 0
63 617 0 0 0 0 0 0 0
127 228 0 0 0 0 0 0 0
148 301 0 0 0 0 0 0 0
184 428 0 0 0 0 0 0 0
402 1442 0 0 0 0 0 0 0
0 0 0 0 0 0 0 0 0
83 473 0 0 0 0 0 0 0
138 611 0 0 0 0 0 0 0
92 978 0 0 0 0 0 0 0
105 1560 0 0 0 0 0 0 0
274 3921 0 0 0 0 0 0 0
0 0 0 0 0 0 0 0 0
121 3383 0 0 0 0 0 0 0
56 2690 0 0 0 0 0 0 0
0 0 0 0 0 0 0 0 0
506 6040 0 0 0 0 0 0 0
57 1113 0 0 0 0 0 0 0
0 0 0 0 0 0 0 0 0
26 1582 0 0 0 0 0 0 0
25 2050 0 0 0 0 0 0 0
32 3034 0 0 0 0 0 0 0
74 5231 0 0 0 0 0 0 0
19 1324 0 0 0 0 0 0 0
0 0 0 0 0 0 0 0 0
38 576 0 0 0 0 0 0 0
37 250 0 0 0 0 0 0 0
0 0 0 0 0 0 0 0 0
100 1777 0 0 0 0 0 0 0
9 328 0 0 0 0 0 0 0
0 0 0 0 0 0 0 0 0
6 401 0 0 0 0 0 0 0
0 0 0 0 0 0 0 0 0
120 2203 0 0 0 0 0 0 0
17 1965 0 0 0 0 0 0 0
147 6059 0 0 0 0 0 0 0
0 0 0 0 0 0 0 0 0
25 3773 0 0 0 0 0 0 0
18 4568 0 0 0 0 0 0 0
26 5585 0 0 0 0 0 0 0
25 6179 0 0 0 0 0 0 0
67 13577 0 0 0 0 0 0 0
0 0 0 0 0 0 0 0 0
0 0 0 0 0 0 0 0 0
61 16249 0 0 0 0 0 0 0
1 11709 0 0 0 0 0 0 0
8 13046 0 0 0 0 0 0 0
6 21472 0 0 0 0 0 0 0
0 0 0 0 0 0 0 0 0
0 13475 0 0 0 0 0 0 0
26 13722 0 0 0 0 0 0 0
0 13439 0 0 0 0 0 0 0
0 0 0 0 0 0 0 0 0
7 21600 0 0 0 0 0 0 0
0 0 0 0 0 0 0 0 0
56 22892 0 0 0 0 0 0 0
28 14242 0 0 0 0 0 0 0
13 13601 0 0 0 0 0 0 0
5 12141 0 0 0 0 0 0 0
33 16178 0 0 0 0 0 0 0
0 0 0 0 0 0 0 0 0
0 0 0 0 0 0 0 0 0
45 8116 0 0 0 0 0 0 0
3 4447 0 0 0 0 0 0 0
11 7249 0 0 0 0 0 0 0
8 17614 0 0 0 0 0 0 0
0 0 0 0 0 0 0 0 0
3 12632 0 0 0 0 0 0 0
10 11804 0 0 0 0 0 0 0
5 11226 0 0 0 0 0 0 0
15 11824 0 0 0 0 0 0 0
107 22542 0 0 0 0 0 0 0
0 0 0 0 0 0 0 0 0
1 16643 0 0 0 0 0 0 0
0 0 0 0 0 0 0 0 0
108 23422 0 0 0 0 0 0 0
10 9591 0 0 0 0 0 0 0
92 18310 0 0 0 0 0 0 0
0 0 0 0 0 0 0 0 0
1 10694 0 0 0 0 0 0 0
0 9247 0 0 0 0 0 0 0
0 8598 0 0 0 0 0 0 0
0 8882 0 0 0 0 0 0 0
60 18248 0 0 0 0 0 0 0
0 0 0 0 0 0 0 0 0
182 8092 0 0 0 0 0 0 0
332 6832 0 0 0 0 0 0 0
493 8761 0 0 0 0 0 0 0
768 9009 0 0 0 0 0 0 0
1612 11787 0 0 0 0 0 0 0
0 0 0 0 0 0 0 0 0
610 6057 0 0 0 0 0 0 0
526 6946 0 0 0 0 0 0 0
291 6287 0 0 0 0 0 0 0
299 5590 0 0 0 0 0 0 0
366 10270 0 0 0 0 0 0 0
0 0 0 0 0 0 0 0 0
281 7542 0 0 0 0 0 0 0
260 6904 0 0 0 0 0 0 0
281 6075 0 0 0 0 0 0 0
300 5659 0 0 0 0 0 0 0
610 11644 0 0 0 0 0 0 0
0 0 0 0 0 0 0 0 0
187 6323 0 0 0 0 0 0 0
167 5504 0 0 0 0 0 0 0
104 5466 0 0 0 0 0 0 0
468 12296 0 0 0 0 0 0 0
232 4692 0 0 0 0 0 0 0
0 0 0 0 0 0 0 0 0
0 0 0 0 0 0 0 0 0
514 9371 0 0 0 0 0 0 0
119 4529 0 0 0 0 0 0 0
1143 8309 0 0 0 0 0 0 0
686 4040 0 0 0 0 0 0 0
0 0 0 0 0 0 0 0 0
433 3191 0 0 0 0 0 0 0
171 3319 0 0 0 0 0 0 0
158 3627 0 0 0 0 0 0 0
202 3256 0 0 0 0 0 0 0
688 5654 0 0 0 0 0 0 0
0 0 0 0 0 0 0 0 0
262 2015 0 0 0 0 0 0 0
206 2067 0 0 0 0 0 0 0
58 1406 0 0 0 0 0 0 0
273 3022 0 0 0 0 0 0 0
73 545 0 0 0 0 0 0 0
0 0 0 0 0 0 0 0 0
120 594 0 0 0 0 0 0 0
128 692 0 0 0 0 0 0 0
0 0 0 0 0 0 0 0 0
194 1520 0 0 0 0 0 0 0
106 2895 0 0 0 0 0 0 0
0 0 0 0 0 0 0 0 0
24 1840 0 0 0 0 0 0 0
0 2007 0 0 0 0 0 0 0
0 2415 0 0 0 0 0 0 0
0 2611 0 0 0 0 0 0 0
71 5345 0 0 0 0 0 0 0
0 0 0 0 0 0 0 0 0
15 2304 0 0 0 0 0 0 0
4 1984 0 0 0 0 0 0 0
0 0 0 0 0 0 0 0 0
164 3584 0 0 0 0 0 0 0
26 1438 0 0 0 0 0 0 0
0 0 0 0 0 0 0 0 0
263 3135 0 0 0 0 0 0 0
52 1416 0 0 0 0 0 0 0
11 573 0 0 0 0 0 0 0
26 833 0 0 0 0 0 0 0
25 1076 0 0 0 0 0 0 0
0 0 0 0 0 0 0 0 0
58 1289 0 0 0 0 0 0 0
99 4472 0 0 0 0 0 0 0
3 1184 0 0 0 0 0 0 0
6 653 0 0 0 0 0 0 0
79 3215 0 0 0 0 0 0 0
0 0 0 0 0 0 0 0 0
23 2170 0 0 0 0 0 0 0
3 1900 0 0 0 0 0 0 0
3 1733 0 0 0 0 0 0 0
0 1668 0 0 0 0 0 0 0
0 2686 0 0 0 0 0 0 0
0 0 0 0 0 0 0 0 0
0 0 0 0 0 0 0 0 0
18 2650 0 0 0 0 0 0 0
1 990 0 0 0 0 0 0 0
5 854 0 0 0 0 0 0 0
0 1325 0 0 0 0 0 0 0
0 0 0 0 0 0 0 0 0
4942 32280 0 0 0 0 0 0 0
148 1165 0 0 0 0 0 0 0
129 1226 0 0 0 0 0 0 0
0 0 0 0 0 0 0 0 0
324 2411 0 0 0 0 0 0 0
0 0 0 0 0 0 0 0 0
189 2055 0 0 0 0 0 0 0
104 1203 0 0 0 0 0 0 0
112 703 0 0 0 0 0 0 0
0 0 0 0 0 0 0 0 0
390 999 0 0 0 0 0 0 0
116 237 0 0 0 0 0 0 0
77 133 0 0 0 0 0 0 0
73 117 0 0 0 0 0 0 0
87 69 0 0 0 0 0 0 0
0 0 0 0 0 0 0 0 0
375 666 0 0 0 0 0 0 0
24 63 0 0 0 0 0 0 0
29 150 0 0 0 0 0 0 0
20 177 0 0 0 0 0 0 0
22 415 0 0 0 0 0 0 0
0 0 0 0 0 0 0 0 0
1 1118 0 0 0 0 0 0 0
283 5990 0 0 0 0 0 0 0
25 3025 0 0 0 0 0 0 0
28 2875 0 0 0 0 0 0 0
0 0 0 0 0 0 0 0 0
0 0 0 0 0 0 0 0 0
176 4858 0 0 0 0 0 0 0
211 2007 0 0 0 0 0 0 0
15 265 0 0 0 0 0 0 0
31 319 0 0 0 0 0 0 0
39 420 0 0 0 0 0 0 0
0 0 0 0 0 0 0 0 0
399 1252 0 0 0 0 0 0 0
126 54 0 0 0 0 0 0 0
0 0 0 0 0 0 0 0 0
362 229 0 0 0 0 0 0 0
72 22 0 0 0 0 0 0 0
0 0 0 0 0 0 0 0 0
202 82 0 0 0 0 0 0 0
30 7 0 0 0 0 0 0 0
26 11 0 0 0 0 0 0 0
9 0 0 0 0 0 0 0 0
1 10 0 0 0 0 0 0 0
0 0 0 0 0 0 0 0 0
11 40 0 0 0 0 0 0 0
2 11 0 0 0 0 0 0 0
0 0 0 0 0 0 0 0 0
111 115 0 0 0 0 0 0 0
87 0 0 0 0 0 0 0 0
0 0 0 0 0 0 0 0 0
307 46 0 0 0 0 0 0 0
0 0 0 0 0 0 0 0 0
825 44 0 0 0 0 0 0 0
610 0 0 0 0 0 0 0 0
737 0 0 0 0 0 0 0 0
0 0 0 0 0 0 0 0 0
1136 2 0 0 0 0 0 0 0
490 0 0 0 0 0 0 0 0
400 0 0 0 0 0 0 0 0
281 0 0 0 0 0 0 0 0
219 2 0 0 0 0 0 0 0
0 0 0 0 0 0 0 0 0
158 0 0 0 0 0 0 0 0
447 0 0 0 0 0 0 0 0
144 0 0 0 0 0 0 0 0
237 31 0 0 0 0 0 0 0
223 26 0 0 0 0 0 0 0
0 0 0 0 0 0 0 0 0
1024 396 0 0 0 0 0 0 0
368 45 0 0 0 0 0 0 0
269 14 0 0 0 0 0 0 0
0 0 0 0 0 0 0 0 0
763 21 0 0 0 0 0 0 0
0 0 0 0 0 0 0 0 0
548 0 0 0 0 0 0 0 0
67 0 0 0 0 0 0 0 0
21 5 0 0 0 0 0 0 0
24 0 0 0 0 0 0 0 0
18 0 0 0 0 0 0 0 0
0 0 0 0 0 0 0 0 0
190 7 0 0 0 0 0 0 0
20 0 0 0 0 0 0 0 0
0 0 0 0 0 0 0 0 0
186 12 0 0 0 0 0 0 0
25 0 0 0 0 0 0 0 0
0 0 0 0 0 0 0 0 0
55 7 0 0 0 0 0 0 0
369 6 0 0 0 0 0 0 0
36 1 0 0 0 0 0 0 0
50 9 0 0 0 0 0 0 0
55 12 0 0 0 0 0 0 0
0 0 0 0 0 0 0 0 0
99 13 0 0 0 0 0 0 0
285 126 0 0 0 0 0 0 0
29 0 0 0 0 0 0 0 0
0 0 0 0 0 0 0 0 0
106 4 0 0 0 0 0 0 0
0 0 0 0 0 0 0 0 0
59 67 0 0 0 0 0 0 0
2 4 0 0 0 0 0 0 0
14 3 0 0 0 0 0 0 0
9 0 0 0 0 0 0 0 0
51 0 0 0 0 0 0 0 0
0 0 0 0 0 0 0 0 0
0 0 0 0 0 0 0 0 0
102 0 0 0 0 0 0 0 0
133 9 0 0 0 0 0 0 0
60 0 0 0 0 0 0 0 0
111 5 0 0 0 0 0 0 0
0 0 0 0 0 0 0 0 0
116 2 0 0 0 0 0 0 0
682 5 0 0 0 0 0 0 0
427 0 0 0 0 0 0 0 0
528 0 0 0 0 0 0 0 0
0 0 0 0 0 0 0 0 0
0 0 0 0 0 0 0 0 0
1260 3 0 0 0 0 0 0 0
2273 7 0 0 0 0 0 0 0
749 0 0 0 0 0 0 0 0
0 0 0 0 0 0 0 0 0
1417 1 0 0 0 0 0 0 0
0 0 0 0 0 0 0 0 0
1121 8 0 0 0 0 0 0 0
432 3 0 0 0 0 0 0 0
345 2 0 0 0 0 0 0 0
305 8 0 0 0 0 0 0 0
287 3 0 0 0 0 0 0 0
0 0 0 0 0 0 0 0 0
335 2 0 0 0 0 0 0 0
397 0 0 0 0 0 0 0 0
391 5 0 0 0 0 0 0 0
702 0 0 0 0 0 0 0 0
112 1 0 0 0 0 0 0 0
0 0 0 0 0 0 0 0 0
507 0 0 0 0 0 0 0 0
0 0 0 0 0 0 0 0 0
631 10 0 0 0 0 0 0 0
202 9 0 0 0 0 0 0 0
128 25 0 0 0 0 0 0 0
0 0 0 0 0 0 0 0 0
0 0 0 0 0 0 0 0 0
661 35 0 0 0 0 0 0 0
76 0 0 0 0 0 0 0 0
163 0 0 0 0 0 0 0 0
159 2 0 0 0 0 0 0 0
0 0 0 0 0 0 0 0 0
290 27 0 0 0 0 0 0 0
761 112 0 0 0 0 0 0 0
0 0 0 0 0 0 0 0 0
956 13 0 0 0 0 0 0 0
502 1 0 0 0 0 0 0 0
0 0 0 0 0 0 0 0 0
486 2 0 0 0 0 0 0 0
1385 32 0 0 0 0 0 0 0
322 0 0 0 0 0 0 0 0
268 0 0 0 0 0 0 0 0
315 0 0 0 0 0 0 0 0
0 0 0 0 0 0 0 0 0
280 5 0 0 0 0 0 0 0
701 0 0 0 0 0 0 0 0
0 0 0 0 0 0 0 0 0
692 12 0 0 0 0 0 0 0
235 0 0 0 0 0 0 0 0
0 0 0 0 0 0 0 0 0
244 3 0 0 0 0 0 0 0
696 10 0 0 0 0 0 0 0
236 7 0 0 0 0 0 0 0
208 0 0 0 0 0 0 0 0
227 7 0 0 0 0 0 0 0
0 0 0 0 0 0 0 0 0
467 2 0 0 0 0 0 0 0
70 0 0 0 0 0 0 0 0
69 0 0 0 0 0 0 0 0
5 0 0 0 0 0 0 0 0
48 0 0 0 0 0 0 0 0
0 0 0 0 0 0 0 0 0
25 0 0 0 0 0 0 0 0
0 0 0 0 0 0 0 0 0
0 0 0 0 0 0 0 0 0
0 0 0 0 0 0 0 0 0
2 0 0 0 0 0 0 0 0
0 0 0 0 0 0 0 0 0
10 0 0 0 0 0 0 0 0
42 0 0 0 0 0 0 0 0
0 0 0 0 0 0 0 0 0
68 0 0 0 0 0 0 0 0
14 0 0 0 0 0 0 0 0
0 0 0 0 0 0 0 0 0
37 5 0 0 0 0 0 0 0
151 0 0 0 0 0 0 0 0
79 0 0 0 0 0 0 0 0
69 0 0 0 0 0 0 0 0
81 0 0 0 0 0 0 0 0
0 0 0 0 0 0 0 0 0
93 0 0 0 0 0 0 0 0
484 1 0 0 0 0 0 0 0
0 0 0 0 0 0 0 0 0
640 14 0 0 0 0 0 0 0
277 1 0 0 0 0 0 0 0
0 0 0 0 0 0 0 0 0
329 11 0 0 0 0 0 0 0
253 0 0 0 0 0 0 0 0
678 42 0 0 0 0 0 0 0
156 6 0 0 0 0 0 0 0
222 0 0 0 0 0 0 0 0
0 0 0 0 0 0 0 0 0
344 1 0 0 0 0 0 0 0
314 4 0 0 0 0 0 0 0
732 2 0 0 0 0 0 0 0
329 0 0 0 0 0 0 0 0
238 0 0 0 0 0 0 0 0
0 0 0 0 0 0 0 0 0
241 0 0 0 0 0 0 0 0
425 25 0 0 0 0 0 0 0
218 2 0 0 0 0 0 0 0
177 0 0 0 0 0 0 0 0
0 0 0 0 0 0 0 0 0
0 0 0 0 0 0 0 0 0
401 3 0 0 0 0 0 0 0
48 0 0 0 0 0 0 0 0
616 13 0 0 0 0 0 0 0
801 143 0 0 0 0 0 0 0
540 15 0 0 0 0 0 0 0
0 0 0 0 0 0 0 0 0
939 205 0 0 0 0 0 0 0
469 10 0 0 0 0 0 0 0
0 0 0 0 0 0 0 0 0
841 47 0 0 0 0 0 0 0
307 14 0 0 0 0 0 0 0
0 0 0 0 0 0 0 0 0
226 3 0 0 0 0 0 0 0
498 33 0 0 0 0 0 0 0
177 0 0 0 0 0 0 0 0
174 1 0 0 0 0 0 0 0
207 0 0 0 0 0 0 0 0
0 0 0 0 0 0 0 0 0
304 6 0 0 0 0 0 0 0
195 10 0 0 0 0 0 0 0
327 3 0 0 0 0 0 0 0
804 4 0 0 0 0 0 0 0
91 0 0 0 0 0 0 0 0
0 0 0 0 0 0 0 0 0
14 1 0 0 0 0 0 0 0
79 0 0 0 0 0 0 0 0
8 0 0 0 0 0 0 0 0
41 0 0 0 0 0 0 0 0
56 0 0 0 0 0 0 0 0
0 0 0 0 0 0 0 0 0
61 0 0 0 0 0 0 0 0
129 1 0 0 0 0 0 0 0
0 0 0 0 0 0 0 0 0
276 0 0 0 0 0 0 0 0
28 0 0 0 0 0 0 0 0
0 0 0 0 0 0 0 0 0
54 5 0 0 0 0 0 0 0
146 0 0 0 0 0 0 0 0
404 0 0 0 0 0 0 0 0
49 4 0 0 0 0 0 0 0
4 0 0 0 0 0 0 0 0
0 0 0 0 0 0 0 0 0
35 0 0 0 0 0 0 0 0
13 0 0 0 0 0 0 0 0
447 0 0 0 0 0 0 0 0
348 0 0 0 0 0 0 0 0
513 0 0 0 0 0 0 0 0
0 0 0 0 0 0 0 0 0
1358 0 0 0 0 0 0 0 0
764 0 0 0 0 0 0 0 0
1067 1 0 0 0 0 0 0 0
503 0 0 0 0 0 0 0 0
536 0 0 0 0 0 0 0 0
0 0 0 0 0 0 0 0 0
533 0 0 0 0 0 0 0 0
1132 0 0 0 0 0 0 0 0
692 0 0 0 0 0 0 0 0
955 0 0 0 0 0 0 0 0
0 0 0 0 0 0 0 0 0
0 0 0 0 0 0 0 0 0
2630 0 0 0 0 0 0 0 0
2827 16 0 0 0 0 0 0 0
1169 1 0 0 0 0 0 0 0
978 6 0 0 0 0 0 0 0
888 3 0 0 0 0 0 0 0
0 0 0 0 0 0 0 0 0
2171 60 0 0 0 0 0 0 0
0 0 0 0 0 0 0 0 0
1623 104 0 0 0 0 0 0 0
488 4 0 0 0 0 0 0 0
0 0 0 0 0 0 0 0 0
0 0 0 0 0 0 0 0 0
849 71 0 0 0 0 0 0 0
207 4 0 0 0 0 0 0 0
533 1 0 0 0 0 0 0 0
287 0 0 0 0 0 0 0 0
313 1 0 0 0 0 0 0 0
0 0 0 0 0 0 0 0 0
306 0 0 0 0 0 0 0 0
362 11 0 0 0 0 0 0 0
491 5 0 0 0 0 0 0 0
162 2 0 0 0 0 0 0 0
82 0 0 0 0 0 0 0 0
0 0 0 0 0 0 0 0 0
55 5 0 0 0 0 0 0 0
69 0 0 0 0 0 0 0 0
168 13 0 0 0 0 0 0 0
68 0 0 0 0 0 0 0 0
51 0 0 0 0 0 0 0 0
0 0 0 0 0 0 0 0 0
51 0 0 0 0 0 0 0 0
0 0 0 0 0 0 0 0 0
198 16 0 0 0 0 0 0 0
40 0 0 0 0 0 0 0 0
72 0 0 0 0 0 0 0 0
0 0 0 0 0 0 0 0 0
97 0 0 0 0 0 0 0 0
88 0 0 0 0 0 0 0 0
119 0 0 0 0 0 0 0 0
24 0 0 0 0 0 0 0 0
0 0 0 0 0 0 0 0 0
0 0 0 0 0 0 0 0 0
88 0 0 0 0 0 0 0 0
47 0 0 0 0 0 0 0 0
225 24 0 0 0 0 0 0 0
140 0 0 0 0 0 0 0 0
0 3 0 0 0 0 0 0 0
0 0 0 0 0 0 0 0 0
768 97 0 0 0 0 0 0 0
500 1 0 0 0 0 0 0 0
507 1 0 0 0 0 0 0 0
179 0 0 0 0 0 0 0 0
148 3 0 0 0 0 0 0 0
0 0 0 0 0 0 0 0 0
87 0 0 0 0 0 0 0 0
134 4 0 0 0 0 0 0 0
83 0 0 0 0 0 0 0 0
0 0 0 0 0 0 0 0 0
0 0 0 0 0 0 0 0 0
0 0 0 0 0 0 0 0 0
0 0 0 0 0 0 0 0 0
0 0 0 0 0 0 0 0 0
0 0 0 0 0 0 0 0 0
0 0 0 0 0 0 0 0 0
2309 38 0 0 0 0 0 0 0
0 0 0 0 0 0 0 0 0
104 0 0 0 0 0 0 0 0
0 0 0 0 0 0 0 0 0
818 179 0 0 0 0 0 0 0
17 0 0 0 0 0 0 0 0
23 0 0 0 0 0 0 0 0
0 0 0 0 0 0 0 0 0
38 0 0 0 0 0 0 0 0
9 0 0 0 0 0 0 0 0
104 0 0 0 0 0 0 0 0
4 2 0 0 0 0 0 0 0
0 0 0 0 0 0 0 0 0
0 0 0 0 0 0 0 0 0
15 545 0 0 0 0 0 0 0
0 1006 0 0 0 0 0 0 0
8 3895 0 0 0 0 0 0 0
1 2228 0 0 0 0 0 0 0
4 1740 0 0 0 0 0 0 0
0 0 0 0 0 0 0 0 0
0 1462 0 0 0 0 0 0 0
4 1302 0 0 0 0 0 0 0
0 1388 0 0 0 0 0 0 0
23 5607 0 0 0 0 0 0 0
18 4996 0 0 0 0 0 0 0
0 0 0 0 0 0 0 0 0
18 5157 0 0 0 0 0 0 0
2 4675 0 0 0 0 0 0 0
65 9985 0 0 0 0 0 0 0
11 3914 0 0 0 0 0 0 0
0 3609 0 0 0 0 0 0 0
0 0 0 0 0 0 0 0 0
2 3533 0 0 0 0 0 0 0
0 0 0 0 0 0 0 0 0
58 12176 0 0 0 0 0 0 0
0 3733 0 0 0 0 0 0 0
10 4202 0 0 0 0 0 0 0
0 0 0 0 0 0 0 0 0
0 5040 0 0 0 0 0 0 0
0 5953 0 0 0 0 0 0 0
16 13237 0 0 0 0 0 0 0
0 8515 0 0 0 0 0 0 0
2 8795 0 0 0 0 0 0 0
0 0 0 0 0 0 0 0 0
0 8166 0 0 0 0 0 0 0
0 0 0 0 0 0 0 0 0
114 20720 0 0 0 0 0 0 0
10 8651 0 0 0 0 0 0 0
13 6834 0 0 0 0 0 0 0
0 0 0 0 0 0 0 0 0
0 0 0 0 0 0 0 0 0
367 9167 0 0 0 0 0 0 0
83 3455 0 0 0 0 0 0 0
449 6181 0 0 0 0 0 0 0
169 2519 0 0 0 0 0 0 0
0 0 0 0 0 0 0 0 0
185 2377 0 0 0 0 0 0 0
228 2190 0 0 0 0 0 0 0
204 2163 0 0 0 0 0 0 0
234 1730 0 0 0 0 0 0 0
0 0 0 0 0 0 0 0 0
0 0 0 0 0 0 0 0 0
980 4368 0 0 0 0 0 0 0
109 942 0 0 0 0 0 0 0
307 2526 0 0 0 0 0 0 0
89 773 0 0 0 0 0 0 0
183 987 0 0 0 0 0 0 0
0 0 0 0 0 0 0 0 0
228 2658 0 0 0 0 0 0 0
295 678 0 0 0 0 0 0 0
146 995 0 0 0 0 0 0 0
491 2412 0 0 0 0 0 0 0
199 926 0 0 0 0 0 0 0
0 0 0 0 0 0 0 0 0
217 87 0 0 0 0 0 0 0
94 1727 0 0 0 0 0 0 0
206 1754 0 0 0 0 0 0 0
17 726 0 0 0 0 0 0 0
24 1353 0 0 0 0 0 0 0
0 0 0 0 0 0 0 0 0
57 1260 0 0 0 0 0 0 0
0 0 0 0 0 0 0 0 0
375 5964 0 0 0 0 0 0 0
52 1853 0 0 0 0 0 0 0
5 423 0 0 0 0 0 0 0
0 0 0 0 0 0 0 0 0
62 481 0 0 0 0 0 0 0
74 1609 0 0 0 0 0 0 0
142 3234 0 0 0 0 0 0 0
770 10990 0 0 0 0 0 0 0
0 0 0 0 0 0 0 0 0
0 0 0 0 0 0 0 0 0
897 15405 0 0 0 0 0 0 0
270 8344 0 0 0 0 0 0 0
431 14266 0 0 0 0 0 0 0
55 8323 0 0 0 0 0 0 0
54 7764 0 0 0 0 0 0 0
0 0 0 0 0 0 0 0 0
24 6785 0 0 0 0 0 0 0
96 5393 0 0 0 0 0 0 0
130 3026 0 0 0 0 0 0 0
506 4884 0 0 0 0 0 0 0
73 1851 0 0 0 0 0 0 0
0 0 0 0 0 0 0 0 0
64 1506 0 0 0 0 0 0 0
106 1195 0 0 0 0 0 0 0
267 3486 0 0 0 0 0 0 0
96 2205 0 0 0 0 0 0 0
56 1910 0 0 0 0 0 0 0
0 0 0 0 0 0 0 0 0
76 1888 0 0 0 0 0 0 0
44 1800 0 0 0 0 0 0 0
50 2009 0 0 0 0 0 0 0
138 5316 0 0 0 0 0 0 0
0 2362 0 0 0 0 0 0 0
0 0 0 0 0 0 0 0 0
5 2505 0 0 0 0 0 0 0
9 2426 0 0 0 0 0 0 0
117 4699 0 0 0 0 0 0 0
3 1894 0 0 0 0 0 0 0
3 1613 0 0 0 0 0 0 0
0 0 0 0 0 0 0 0 0
4 1841 0 0 0 0 0 0 0
2 1527 0 0 0 0 0 0 0
32 3027 0 0 0 0 0 0 0
90 2039 0 0 0 0 0 0 0
0 0 0 0 0 0 0 0 0
0 0 0 0 0 0 0 0 0
28 981 0 0 0 0 0 0 0
0 0 0 0 0 0 0 0 0
2 136 0 0 0 0 0 0 0
29 225 0 0 0 0 0 0 0
0 0 0 0 0 0 0 0 0
6 21 0 0 0 0 0 0 0
7 95 0 0 0 0 0 0 0
0 0 0 0 0 0 0 0 0
46 625 0 0 0 0 0 0 0
52 1189 0 0 0 0 0 0 0
0 0 0 0 0 0 0 0 0
10 493 0 0 0 0 0 0 0
0 182 0 0 0 0 0 0 0
0 0 0 0 0 0 0 0 0
37 3306 0 0 0 0 0 0 0
0 346 0 0 0 0 0 0 0
0 0 0 0 0 0 0 0 0
1 47 0 0 0 0 0 0 0
3 196 0 0 0 0 0 0 0
51 920 0 0 0 0 0 0 0
0 63 0 0 0 0 0 0 0
4 72 0 0 0 0 0 0 0
0 0 0 0 0 0 0 0 0
0 70 0 0 0 0 0 0 0
0 75 0 0 0 0 0 0 0
9 407 0 0 0 0 0 0 0
0 59 0 0 0 0 0 0 0
0 76 0 0 0 0 0 0 0
0 0 0 0 0 0 0 0 0
0 0 0 0 0 0 0 0 0
1 1506 0 0 0 0 0 0 0
96 8146 0 0 0 0 0 0 0
4 3385 0 0 0 0 0 0 0
6 3009 0 0 0 0 0 0 0
0 0 0 0 0 0 0 0 0
28 1855 0 0 0 0 0 0 0
0 0 0 0 0 0 0 0 0
5509 41555 0 0 0 0 0 0 0
0 0 0 0 0 0 0 0 0
12 6589 0 0 0 0 0 0 0
0 5447 0 0 0 0 0 0 0
7 4457 0 0 0 0 0 0 0
4 9832 0 0 0 0 0 0 0
4 6035 0 0 0 0 0 0 0
0 0 0 0 0 0 0 0 0
0 6288 0 0 0 0 0 0 0
2 7222 0 0 0 0 0 0 0
0 8747 0 0 0 0 0 0 0
0 10345 0 0 0 0 0 0 0
2 17000 0 0 0 0 0 0 0
0 0 0 0 0 0 0 0 0
7 10311 0 0 0 0 0 0 0
22 8904 0 0 0 0 0 0 0
16 8314 0 0 0 0 0 0 0
83 14034 0 0 0 0 0 0 0
4 7934 0 0 0 0 0 0 0
0 0 0 0 0 0 0 0 0
3 7506 0 0 0 0 0 0 0
0 0 0 0 0 0 0 0 0
36 11322 0 0 0 0 0 0 0
85 9245 0 0 0 0 0 0 0
42 4219 0 0 0 0 0 0 0
0 0 0 0 0 0 0 0 0
75 2836 0 0 0 0 0 0 0
175 1718 0 0 0 0 0 0 0
192 952 0 0 0 0 0 0 0
203 814 0 0 0 0 0 0 0
176 910 0 0 0 0 0 0 0
0 0 0 0 0 0 0 0 0
516 3754 0 0 0 0 0 0 0
153 2492 0 0 0 0 0 0 0
114 2774 0 0 0 0 0 0 0
314 6746 0 0 0 0 0 0 0
30 3355 0 0 0 0 0 0 0
0 0 0 0 0 0 0 0 0
89 3662 0 0 0 0 0 0 0
89 3379 0 0 0 0 0 0 0
197 3166 0 0 0 0 0 0 0
283 2926 0 0 0 0 0 0 0
849 5430 0 0 0 0 0 0 0
0 0 0 0 0 0 0 0 0
380 1586 0 0 0 0 0 0 0
339 1200 0 0 0 0 0 0 0
516 842 0 0 0 0 0 0 0
695 908 0 0 0 0 0 0 0
1393 2087 0 0 0 0 0 0 0
0 0 0 0 0 0 0 0 0
656 366 0 0 0 0 0 0 0
0 0 0 0 0 0 0 0 0
1354 1243 0 0 0 0 0 0 0
1261 1113 0 0 0 0 0 0 0
378 260 0 0 0 0 0 0 0
0 0 0 0 0 0 0 0 0
302 484 0 0 0 0 0 0 0
225 412 0 0 0 0 0 0 0
148 359 0 0 0 0 0 0 0
58 216 0 0 0 0 0 0 0
85 970 0 0 0 0 0 0 0
0 0 0 0 0 0 0 0 0
0 0 0 0 0 0 0 0 0
0 0 0 0 0 0 0 0 0
0 0 0 0 0 0 0 0 0
0 0 0 0 0 0 0 0 0
0 0 0 0 0 0 0 0 0
0 0 0 0 0 0 0 0 0
0 0 0 0 0 0 0 0 0
0 0 0 0 0 0 0 0 0
1866 7771 0 0 0 0 0 0 0
646 7566 0 0 0 0 0 0 0
0 0 0 0 0 0 0 0 0
0 0 0 0 0 0 0 0 0
826 9340 0 0 0 0 0 0 0
340 4412 0 0 0 0 0 0 0
302 4460 0 0 0 0 0 0 0
772 9024 0 0 0 0 0 0 0
293 4316 0 0 0 0 0 0 0
0 0 0 0 0 0 0 0 0
0 0 0 0 0 0 0 0 0
4453 35416 0 0 0 0 0 0 0
339 5235 0 0 0 0 0 0 0
172 3089 0 0 0 0 0 0 0
0 0 0 0 0 0 0 0 0
127 3303 0 0 0 0 0 0 0
0 0 0 0 0 0 0 0 0
437 8300 0 0 0 0 0 0 0
134 4431 0 0 0 0 0 0 0
290 9943 0 0 0 0 0 0 0
0 0 0 0 0 0 0 0 0
73 4721 0 0 0 0 0 0 0
3 3734 0 0 0 0 0 0 0
9 2486 0 0 0 0 0 0 0
257 6415 0 0 0 0 0 0 0
203 3686 0 0 0 0 0 0 0
0 0 0 0 0 0 0 0 0
304 3541 0 0 0 0 0 0 0
0 0 0 0 0 0 0 0 0
868 6431 0 0 0 0 0 0 0
236 2979 0 0 0 0 0 0 0
414 7116 0 0 0 0 0 0 0
0 0 0 0 0 0 0 0 0
67 1948 0 0 0 0 0 0 0
0 0 0 0 0 0 0 0 0
273 4273 0 0 0 0 0 0 0
155 6567 0 0 0 0 0 0 0
49 2325 0 0 0 0 0 0 0
0 0 0 0 0 0 0 0 0
38 2073 0 0 0 0 0 0 0
46 3255 0 0 0 0 0 0 0
37 4280 0 0 0 0 0 0 0
16 4858 0 0 0 0 0 0 0
13 3930 0 0 0 0 0 0 0
0 0 0 0 0 0 0 0 0
44 5816 0 0 0 0 0 0 0
28 2954 0 0 0 0 0 0 0
0 2794 0 0 0 0 0 0 0
0 3258 0 0 0 0 0 0 0
29 6043 0 0 0 0 0 0 0
0 0 0 0 0 0 0 0 0
3 1917 0 0 0 0 0 0 0
8 2650 0 0 0 0 0 0 0
0 4299 0 0 0 0 0 0 0
0 0 0 0 0 0 0 0 0
13 12143 0 0 0 0 0 0 0
0 0 0 0 0 0 0 0 0
0 3119 0 0 0 0 0 0 0
4 5293 0 0 0 0 0 0 0
4 7611 0 0 0 0 0 0 0
0 6373 0 0 0 0 0 0 0
0 7057 0 0 0 0 0 0 0
0 0 0 0 0 0 0 0 0
0 6441 0 0 0 0 0 0 0
0 0 0 0 0 0 0 0 0
8 6123 0 0 0 0 0 0 0
261 9945 0 0 0 0 0 0 0
352 3583 0 0 0 0 0 0 0
0 0 0 0 0 0 0 0 0
579 2501 0 0 0 0 0 0 0
669 3942 0 0 0 0 0 0 0
641 3349 0 0 0 0 0 0 0
544 2438 0 0 0 0 0 0 0
1014 3534 0 0 0 0 0 0 0
0 0 0 0 0 0 0 0 0
202 2566 0 0 0 0 0 0 0
83 1597 0 0 0 0 0 0 0
50 882 0 0 0 0 0 0 0
42 529 0 0 0 0 0 0 0
366 1715 0 0 0 0 0 0 0
0 0 0 0 0 0 0 0 0
35 734 0 0 0 0 0 0 0
15 741 0 0 0 0 0 0 0
6 756 0 0 0 0 0 0 0
3 558 0 0 0 0 0 0 0
48 2858 0 0 0 0 0 0 0
0 0 0 0 0 0 0 0 0
17 2607 0 0 0 0 0 0 0
33 3153 0 0 0 0 0 0 0
33 3276 0 0 0 0 0 0 0
108 7557 0 0 0 0 0 0 0
71 7426 0 0 0 0 0 0 0
1342 17267 0 0 0 0 0 0 0
0 0 0 0 0 0 0 0 0
3 1014 0 0 0 0 0 0 0
0 0 0 0 0 0 0 0 0
6 2382 0 0 0 0 0 0 0
0 1176 0 0 0 0 0 0 0
17 2046 0 0 0 0 0 0 0
0 0 0 0 0 0 0 0 0
9 623 0 0 0 0 0 0 0
0 864 0 0 0 0 0 0 0
0 963 0 0 0 0 0 0 0
0 1474 0 0 0 0 0 0 0
5 1786 0 0 0 0 0 0 0
0 0 0 0 0 0 0 0 0
97 6081 0 0 0 0 0 0 0
3 4628 0 0 0 0 0 0 0
11 5837 0 0 0 0 0 0 0
14 6416 0 0 0 0 0 0 0
64 14065 0 0 0 0 0 0 0
4555 28118 0 0 0 0 0 0 0
42 3925 0 0 0 0 0 0 0
0 0 0 0 0 0 0 0 0
133 3413 0 0 0 0 0 0 0
683 7359 0 0 0 0 0 0 0
396 3114 0 0 0 0 0 0 0
382 2879 0 0 0 0 0 0 0
371 2857 0 0 0 0 0 0 0
0 0 0 0 0 0 0 0 0
196 2284 0 0 0 0 0 0 0
403 5449 0 0 0 0 0 0 0
9 1946 0 0 0 0 0 0 0
13 1667 0 0 0 0 0 0 0
4 1182 0 0 0 0 0 0 0
0 0 0 0 0 0 0 0 0
11 780 0 0 0 0 0 0 0
0 771 0 0 0 0 0 0 0
0 2380 0 0 0 0 0 0 0
1 771 0 0 0 0 0 0 0
0 0 0 0 0 0 0 0 0
0 0 0 0 0 0 0 0 0
0 1927 0 0 0 0 0 0 0
3 237 0 0 0 0 0 0 0
0 243 0 0 0 0 0 0 0
4 1689 0 0 0 0 0 0 0
1 355 0 0 0 0 0 0 0
0 0 0 0 0 0 0 0 0
5 300 0 0 0 0 0 0 0
41 1408 0 0 0 0 0 0 0
0 314 0 0 0 0 0 0 0
0 0 0 0 0 0 0 0 0
7 884 0 0 0 0 0 0 0
0 0 0 0 0 0 0 0 0
9 146 0 0 0 0 0 0 0
6 684 0 0 0 0 0 0 0
0 0 0 0 0 0 0 0 0
23 957 0 0 0 0 0 0 0
0 113 0 0 0 0 0 0 0
0 0 0 0 0 0 0 0 0
2 111 0 0 0 0 0 0 0
13 184 0 0 0 0 0 0 0
9 0 0 0 0 0 0 0 0
0 0 0 0 0 0 0 0 0
0 0 0 0 0 0 0 0 0
0 0 0 0 0 0 0 0 0
0 15 0 0 0 0 0 0 0
0 4 0 0 0 0 0 0 0
2 83 0 0 0 0 0 0 0
0 0 0 0 0 0 0 0 0
0 0 0 0 0 0 0 0 0
0 0 0 0 0 0 0 0 0
0 65 0 0 0 0 0 0 0
1 2 0 0 0 0 0 0 0
47 11 0 0 0 0 0 0 0
1 0 0 0 0 0 0 0 0
20 0 0 0 0 0 0 0 0
0 0 0 0 0 0 0 0 0
5 1 0 0 0 0 0 0 0
27 1 0 0 0 0 0 0 0
84 2 0 0 0 0 0 0 0
717 14 0 0 0 0 0 0 0
127 1 0 0 0 0 0 0 0
0 0 0 0 0 0 0 0 0
0 0 0 0 0 0 0 0 0
703 304 0 0 0 0 0 0 0
0 0 0 0 0 0 0 0 0
258 40 0 0 0 0 0 0 0
126 6 0 0 0 0 0 0 0
0 0 0 0 0 0 0 0 0
0 0 0 0 0 0 0 0 0
246 6 0 0 0 0 0 0 0
236 6 0 0 0 0 0 0 0
133 1 0 0 0 0 0 0 0
159 2 0 0 0 0 0 0 0
0 0 0 0 0 0 0 0 0
275 2 0 0 0 0 0 0 0
823 3 0 0 0 0 0 0 0
0 0 0 0 0 0 0 0 0
547 0 0 0 0 0 0 0 0
27 4 0 0 0 0 0 0 0
0 0 0 0 0 0 0 0 0
20 0 0 0 0 0 0 0 0
14 1 0 0 0 0 0 0 0
96 46 0 0 0 0 0 0 0
11 6 0 0 0 0 0 0 0
9 12 0 0 0 0 0 0 0
0 0 0 0 0 0 0 0 0
7 0 0 0 0 0 0 0 0
386 107 0 0 0 0 0 0 0
179 2 0 0 0 0 0 0 0
223 0 0 0 0 0 0 0 0
166 0 0 0 0 0 0 0 0
0 0 0 0 0 0 0 0 0
57 7 0 0 0 0 0 0 0
36 6 0 0 0 0 0 0 0
262 6 0 0 0 0 0 0 0
44 0 0 0 0 0 0 0 0
0 0 0 0 0 0 0 0 0
0 0 0 0 0 0 0 0 0
124 19 0 0 0 0 0 0 0
5 1 0 0 0 0 0 0 0
0 5 0 0 0 0 0 0 0
126 746 0 0 0 0 0 0 0
22 1547 0 0 0 0 0 0 0
0 0 0 0 0 0 0 0 0
11 2638 0 0 0 0 0 0 0
0 0 0 0 0 0 0 0 0
0 0 0 0 0 0 0 0 0
0 0 0 0 0 0 0 0 0
0 0 0 0 0 0 0 0 0
0 0 0 0 0 0 0 0 0
0 0 0 0 0 0 0 0 0
0 0 0 0 0 0 0 0 0
0 0 0 0 0 0 0 0 0
0 0 0 0 0 0 0 0 0
0 2 0 0 0 0 0 0 0
0 0 0 0 0 0 0 0 0
0 0 0 0 0 0 0 0 0
0 0 0 0 0 0 0 0 0
0 0 0 0 0 0 0 0 0
3949 16893 0 0 0 0 0 0 0
125 4423 0 0 0 0 0 0 0
0 0 0 0 0 0 0 0 0
108 2371 0 0 0 0 0 0 0
119 671 0 0 0 0 0 0 0
86 2559 0 0 0 0 0 0 0
480 8994 0 0 0 0 0 0 0
196 5484 0 0 0 0 0 0 0
0 0 0 0 0 0 0 0 0
213 5280 0 0 0 0 0 0 0
287 5817 0 0 0 0 0 0 0
724 7877 0 0 0 0 0 0 0
145 1894 0 0 0 0 0 0 0
106 1052 0 0 0 0 0 0 0
0 0 0 0 0 0 0 0 0
0 0 0 0 0 0 0 0 0
827 4702 0 0 0 0 0 0 0
15 2169 0 0 0 0 0 0 0
9 1885 0 0 0 0 0 0 0
11 953 0 0 0 0 0 0 0
0 0 0 0 0 0 0 0 0
0 903 0 0 0 0 0 0 0
12 499 0 0 0 0 0 0 0
94 1644 0 0 0 0 0 0 0
0 0 0 0 0 0 0 0 0
147 5381 0 0 0 0 0 0 0
0 0 0 0 0 0 0 0 0
17 2823 0 0 0 0 0 0 0
112 4180 0 0 0 0 0 0 0
3 269 0 0 0 0 0 0 0
22 557 0 0 0 0 0 0 0
22 1391 0 0 0 0 0 0 0
0 0 0 0 0 0 0 0 0
51 2037 0 0 0 0 0 0 0
20 2213 0 0 0 0 0 0 0
26 2274 0 0 0 0 0 0 0
151 3641 0 0 0 0 0 0 0
23 571 0 0 0 0 0 0 0
0 0 0 0 0 0 0 0 0
12 63 0 0 0 0 0 0 0
90 272 0 0 0 0 0 0 0
119 573 0 0 0 0 0 0 0
418 2167 0 0 0 0 0 0 0
249 721 0 0 0 0 0 0 0
0 0 0 0 0 0 0 0 0
0 0 0 0 0 0 0 0 0
708 1095 0 0 0 0 0 0 0
462 16 0 0 0 0 0 0 0
419 142 0 0 0 0 0 0 0
831 965 0 0 0 0 0 0 0
0 0 0 0 0 0 0 0 0
527 727 0 0 0 0 0 0 0
585 812 0 0 0 0 0 0 0
598 839 0 0 0 0 0 0 0
1186 1525 0 0 0 0 0 0 0
0 0 0 0 0 0 0 0 0
0 0 0 0 0 0 0 0 0
1162 799 0 0 0 0 0 0 0
452 17 0 0 0 0 0 0 0
325 48 0 0 0 0 0 0 0
767 758 0 0 0 0 0 0 0
256 173 0 0 0 0 0 0 0
0 0 0 0 0 0 0 0 0
294 34 0 0 0 0 0 0 0
339 7 0 0 0 0 0 0 0
350 5 0 0 0 0 0 0 0
789 57 0 0 0 0 0 0 0
280 6 0 0 0 0 0 0 0
0 0 0 0 0 0 0 0 0
239 6 0 0 0 0 0 0 0
127 0 0 0 0 0 0 0 0
56 0 0 0 0 0 0 0 0
114 15 0 0 0 0 0 0 0
1 1 0 0 0 0 0 0 0
0 0 0 0 0 0 0 0 0
12 0 0 0 0 0 0 0 0
107 0 0 0 0 0 0 0 0
185 0 0 0 0 0 0 0 0
262 0 0 0 0 0 0 0 0
441 1 0 0 0 0 0 0 0
0 0 0 0 0 0 0 0 0
169 0 0 0 0 0 0 0 0
228 0 0 0 0 0 0 0 0
248 0 0 0 0 0 0 0 0
495 6 0 0 0 0 0 0 0
9 0 0 0 0 0 0 0 0
0 0 0 0 0 0 0 0 0
27 0 0 0 0 0 0 0 0
18 0 0 0 0 0 0 0 0
7 0 0 0 0 0 0 0 0
105 0 0 0 0 0 0 0 0
722 29 0 0 0 0 0 0 0
0 0 0 0 0 0 0 0 0
847 43 0 0 0 0 0 0 0
0 0 0 0 0 0 0 0 0
1003 305 0 0 0 0 0 0 0
50 47 0 0 0 0 0 0 0
66 120 0 0 0 0 0 0 0
0 0 0 0 0 0 0 0 0
76 58 0 0 0 0 0 0 0
154 19 0 0 0 0 0 0 0
170 9 0 0 0 0 0 0 0
294 72 0 0 0 0 0 0 0
44 6 0 0 0 0 0 0 0
0 0 0 0 0 0 0 0 0
0 0 0 0 0 0 0 0 0
208 369 0 0 0 0 0 0 0
48 128 0 0 0 0 0 0 0
153 435 0 0 0 0 0 0 0
84 129 0 0 0 0 0 0 0
0 0 0 0 0 0 0 0 0
88 230 0 0 0 0 0 0 0
68 270 0 0 0 0 0 0 0
42 278 0 0 0 0 0 0 0
46 345 0 0 0 0 0 0 0
447 1103 0 0 0 0 0 0 0
0 0 0 0 0 0 0 0 0
155 357 0 0 0 0 0 0 0
146 276 0 0 0 0 0 0 0
65 205 0 0 0 0 0 0 0
51 242 0 0 0 0 0 0 0
339 384 0 0 0 0 0 0 0
0 0 0 0 0 0 0 0 0
121 86 0 0 0 0 0 0 0
62 65 0 0 0 0 0 0 0
0 0 0 0 0 0 0 0 0
117 364 0 0 0 0 0 0 0
197 279 0 0 0 0 0 0 0
0 0 0 0 0 0 0 0 0
89 4 0 0 0 0 0 0 0
130 12 0 0 0 0 0 0 0
54 17 0 0 0 0 0 0 0
79 28 0 0 0 0 0 0 0
349 218 0 0 0 0 0 0 0
0 0 0 0 0 0 0 0 0
162 24 0 0 0 0 0 0 0
0 0 0 0 0 0 0 0 0
517 219 0 0 0 0 0 0 0
106 22 0 0 0 0 0 0 0
33 257 0 0 0 0 0 0 0
0 0 0 0 0 0 0 0 0
0 4 0 0 0 0 0 0 0
9 35 0 0 0 0 0 0 0
7 3 0 0 0 0 0 0 0
91 63 0 0 0 0 0 0 0
0 0 0 0 0 0 0 0 0
0 0 0 0 0 0 0 0 0
11 3 0 0 0 0 0 0 0
293 126 0 0 0 0 0 0 0
79 36 0 0 0 0 0 0 0
42 66 0 0 0 0 0 0 0
33 78 0 0 0 0 0 0 0
0 0 0 0 0 0 0 0 0
162 361 0 0 0 0 0 0 0
15 70 0 0 0 0 0 0 0
11 62 0 0 0 0 0 0 0
38 89 0 0 0 0 0 0 0
143 388 0 0 0 0 0 0 0
0 0 0 0 0 0 0 0 0
13 102 0 0 0 0 0 0 0
12 139 0 0 0 0 0 0 0
7 152 0 0 0 0 0 0 0
0 0 0 0 0 0 0 0 0
274 1483 0 0 0 0 0 0 0
0 0 0 0 0 0 0 0 0
11 120 0 0 0 0 0 0 0
3 91 0 0 0 0 0 0 0
19 107 0 0 0 0 0 0 0
41 193 0 0 0 0 0 0 0
7 345 0 0 0 0 0 0 0
0 0 0 0 0 0 0 0 0
257 1365 0 0 0 0 0 0 0
104 340 0 0 0 0 0 0 0
0 0 0 0 0 0 0 0 0
472 1346 0 0 0 0 0 0 0
439 1033 0 0 0 0 0 0 0
0 0 0 0 0 0 0 0 0
34 92 0 0 0 0 0 0 0
39 36 0 0 0 0 0 0 0
11 11 0 0 0 0 0 0 0
10 42 0 0 0 0 0 0 0
40 15 0 0 0 0 0 0 0
0 0 0 0 0 0 0 0 0
289 653 0 0 0 0 0 0 0
74 213 0 0 0 0 0 0 0
62 274 0 0 0 0 0 0 0
307 1063 0 0 0 0 0 0 0
53 200 0 0 0 0 0 0 0
0 0 0 0 0 0 0 0 0
156 166 0 0 0 0 0 0 0
214 77 0 0 0 0 0 0 0
619 39 0 0 0 0 0 0 0
0 0 0 0 0 0 0 0 0
4292 478 0 0 0 0 0 0 0
0 0 0 0 0 0 0 0 0
1302 2 0 0 0 0 0 0 0
1036 4 0 0 0 0 0 0 0
868 0 0 0 0 0 0 0 0
731 16 0 0 0 0 0 0 0
1402 27 0 0 0 0 0 0 0
0 0 0 0 0 0 0 0 0
390 0 0 0 0 0 0 0 0
0 0 0 0 0 0 0 0 0
867 87 0 0 0 0 0 0 0
458 33 0 0 0 0 0 0 0
131 0 0 0 0 0 0 0 0
0 0 0 0 0 0 0 0 0
93 17 0 0 0 0 0 0 0
47 0 0 0 0 0 0 0 0
66 0 0 0 0 0 0 0 0
55 0 0 0 0 0 0 0 0
276 38 0 0 0 0 0 0 0
0 0 0 0 0 0 0 0 0
138 0 0 0 0 0 0 0 0
190 0 0 0 0 0 0 0 0
0 0 0 0 0 0 0 0 0
467 319 0 0 0 0 0 0 0
652 691 0 0 0 0 0 0 0
0 0 0 0 0 0 0 0 0
376 278 0 0 0 0 0 0 0
610 937 0 0 0 0 0 0 0
0 0 0 0 0 0 0 0 0
834 1662 0 0 0 0 0 0 0
200 723 0 0 0 0 0 0 0
0 0 0 0 0 0 0 0 0
254 2454 0 0 0 0 0 0 0
125 1157 0 0 0 0 0 0 0
141 1387 0 0 0 0 0 0 0
201 1754 0 0 0 0 0 0 0
290 2667 0 0 0 0 0 0 0
0 0 0 0 0 0 0 0 0
322 2673 0 0 0 0 0 0 0
810 15572 0 0 0 0 0 0 0
0 0 0 0 0 0 0 0 0
4199 31351 0 0 0 0 0 0 0
33 7653 0 0 0 0 0 0 0
20 6830 0 0 0 0 0 0 0
81 6686 0 0 0 0 0 0 0
469 12565 0 0 0 0 0 0 0
0 0 0 0 0 0 0 0 0
212 6346 0 0 0 0 0 0 0
292 6680 0 0 0 0 0 0 0
202 6209 0 0 0 0 0 0 0
255 6073 0 0 0 0 0 0 0
801 11676 0 0 0 0 0 0 0
0 0 0 0 0 0 0 0 0
551 7173 0 0 0 0 0 0 0
422 7372 0 0 0 0 0 0 0
384 7180 0 0 0 0 0 0 0
341 6995 0 0 0 0 0 0 0
390 13481 0 0 0 0 0 0 0
0 0 0 0 0 0 0 0 0
68 6883 0 0 0 0 0 0 0
201 6313 0 0 0 0 0 0 0
328 5755 0 0 0 0 0 0 0
984 9614 0 0 0 0 0 0 0
570 3743 0 0 0 0 0 0 0
0 0 0 0 0 0 0 0 0
541 2629 0 0 0 0 0 0 0
690 2218 0 0 0 0 0 0 0
713 2002 0 0 0 0 0 0 0
709 1943 0 0 0 0 0 0 0
1611 4065 0 0 0 0 0 0 0
0 0 0 0 0 0 0 0 0
960 2077 0 0 0 0 0 0 0
0 0 0 0 0 0 0 0 0
1860 4701 0 0 0 0 0 0 0
1637 4066 0 0 0 0 0 0 0
442 1328 0 0 0 0 0 0 0
0 0 0 0 0 0 0 0 0
503 1443 0 0 0 0 0 0 0
621 1557 0 0 0 0 0 0 0
895 2114 0 0 0 0 0 0 0
1807 2967 0 0 0 0 0 0 0
0 0 0 0 0 0 0 0 0
0 0 0 0 0 0 0 0 0
1702 8889 0 0 0 0 0 0 0
724 8175 0 0 0 0 0 0 0
621 9298 0 0 0 0 0 0 0
1313 14976 0 0 0 0 0 0 0
447 4847 0 0 0 0 0 0 0
0 0 0 0 0 0 0 0 0
559 3676 0 0 0 0 0 0 0
721 4814 0 0 0 0 0 0 0
598 6068 0 0 0 0 0 0 0
0 0 0 0 0 0 0 0 0
2432 13865 0 0 0 0 0 0 0
0 0 0 0 0 0 0 0 0
880 4705 0 0 0 0 0 0 0
610 4102 0 0 0 0 0 0 0
443 4178 0 0 0 0 0 0 0
331 3992 0 0 0 0 0 0 0
652 6721 0 0 0 0 0 0 0
0 0 0 0 0 0 0 0 0
0 0 0 0 0 0 0 0 0
476 8767 0 0 0 0 0 0 0
158 4936 0 0 0 0 0 0 0
216 4322 0 0 0 0 0 0 0
482 7588 0 0 0 0 0 0 0
0 0 0 0 0 0 0 0 0
18 3502 0 0 0 0 0 0 0
11 3628 0 0 0 0 0 0 0
49 3436 0 0 0 0 0 0 0
129 3157 0 0 0 0 0 0 0
341 5291 0 0 0 0 0 0 0
0 0 0 0 0 0 0 0 0
58 5209 0 0 0 0 0 0 0
0 0 0 0 0 0 0 0 0
217 15056 0 0 0 0 0 0 0
76 9807 0 0 0 0 0 0 0
0 0 0 0 0 0 0 0 0
7493 32661 0 0 0 0 0 0 0
702 21453 0 0 0 0 0 0 0
88 17740 0 0 0 0 0 0 0
41 18264 0 0 0 0 0 0 0
0 0 0 0 0 0 0 0 0
0 0 0 0 0 0 0 0 0
800 31481 0 0 0 0 0 0 0
106 14392 0 0 0 0 0 0 0
93 14719 0 0 0 0 0 0 0
105 13103 0 0 0 0 0 0 0
448 18951 0 0 0 0 0 0 0
0 0 0 0 0 0 0 0 0
125 11549 0 0 0 0 0 0 0
105 10309 0 0 0 0 0 0 0
58 8113 0 0 0 0 0 0 0
64 6175 0 0 0 0 0 0 0
0 0 0 0 0 0 0 0 0
0 0 0 0 0 0 0 0 0
456 10717 0 0 0 0 0 0 0
4 1162 0 0 0 0 0 0 0
4 711 0 0 0 0 0 0 0
0 0 0 0 0 0 0 0 0
95 3732 0 0 0 0 0 0 0
0 0 0 0 0 0 0 0 0
116 11367 0 0 0 0 0 0 0
63 9426 0 0 0 0 0 0 0
60 13296 0 0 0 0 0 0 0
68 16129 0 0 0 0 0 0 0
46 18082 0 0 0 0 0 0 0
0 0 0 0 0 0 0 0 0
170 30870 0 0 0 0 0 0 0
0 0 0 0 0 0 0 0 0
5097 29298 0 0 0 0 0 0 0
82 4651 0 0 0 0 0 0 0
63 4111 0 0 0 0 0 0 0
2 3745 0 0 0 0 0 0 0
0 0 0 0 0 0 0 0 0
25 3517 0 0 0 0 0 0 0
84 5303 0 0 0 0 0 0 0
0 0 0 0 0 0 0 0 0
30 4797 0 0 0 0 0 0 0
17 2373 0 0 0 0 0 0 0
0 0 0 0 0 0 0 0 0
82 6126 0 0 0 0 0 0 0
48 3672 0 0 0 0 0 0 0
56 4736 0 0 0 0 0 0 0
62 5902 0 0 0 0 0 0 0
43 7018 0 0 0 0 0 0 0
0 0 0 0 0 0 0 0 0
57 7274 0 0 0 0 0 0 0
61 7505 0 0 0 0 0 0 0
1 8119 0 0 0 0 0 0 0
11 13488 0 0 0 0 0 0 0
9 8487 0 0 0 0 0 0 0
0 0 0 0 0 0 0 0 0
17 15435 0 0 0 0 0 0 0
1 10515 0 0 0 0 0 0 0
2 8755 0 0 0 0 0 0 0
0 0 0 0 0 0 0 0 0
55 10596 0 0 0 0 0 0 0
0 0 0 0 0 0 0 0 0
31 4447 0 0 0 0 0 0 0
32 3827 0 0 0 0 0 0 0
101 6717 0 0 0 0 0 0 0
47 3878 0 0 0 0 0 0 0
27 3439 0 0 0 0 0 0 0
0 0 0 0 0 0 0 0 0
44 3120 0 0 0 0 0 0 0
102 5644 0 0 0 0 0 0 0
35 2186 0 0 0 0 0 0 0
0 0 0 0 0 0 0 0 0
54 4699 0 0 0 0 0 0 0
0 0 0 0 0 0 0 0 0
118 5510 0 0 0 0 0 0 0
67 1975 0 0 0 0 0 0 0
53 1606 0 0 0 0 0 0 0
35 1639 0 0 0 0 0 0 0
21 1226 0 0 0 0 0 0 0
0 0 0 0 0 0 0 0 0
9 3304 0 0 0 0 0 0 0
5 1383 0 0 0 0 0 0 0
0 934 0 0 0 0 0 0 0
0 903 0 0 0 0 0 0 0
0 822 0 0 0 0 0 0 0
0 0 0 0 0 0 0 0 0
28 2584 0 0 0 0 0 0 0
7 802 0 0 0 0 0 0 0
4 861 0 0 0 0 0 0 0
25 1048 0 0 0 0 0 0 0
0 0 0 0 0 0 0 0 0
0 0 0 0 0 0 0 0 0
191 3924 0 0 0 0 0 0 0
31 4545 0 0 0 0 0 0 0
0 1482 0 0 0 0 0 0 0
24 1943 0 0 0 0 0 0 0
60 2422 0 0 0 0 0 0 0
0 0 0 0 0 0 0 0 0
44 2607 0 0 0 0 0 0 0
53 6053 0 0 0 0 0 0 0
10 3405 0 0 0 0 0 0 0
0 0 0 0 0 0 0 0 0
2 6392 0 0 0 0 0 0 0
0 0 0 0 0 0 0 0 0
42 2797 0 0 0 0 0 0 0
263 5409 0 0 0 0 0 0 0
0 0 0 0 0 0 0 0 0
292 4461 0 0 0 0 0 0 0
157 1703 0 0 0 0 0 0 0
0 0 0 0 0 0 0 0 0
126 1991 0 0 0 0 0 0 0
431 3863 0 0 0 0 0 0 0
128 1412 0 0 0 0 0 0 0
88 1613 0 0 0 0 0 0 0
83 1603 0 0 0 0 0 0 0
0 0 0 0 0 0 0 0 0
265 3959 0 0 0 0 0 0 0
5 1885 0 0 0 0 0 0 0
0 1835 0 0 0 0 0 0 0
4 1975 0 0 0 0 0 0 0
0 0 0 0 0 0 0 0 0
0 0 0 0 0 0 0 0 0
25 4404 0 0 0 0 0 0 0
6 1736 0 0 0 0 0 0 0
9 4315 0 0 0 0 0 0 0
0 2273 0 0 0 0 0 0 0
2 2145 0 0 0 0 0 0 0
0 0 0 0 0 0 0 0 0
2 1971 0 0 0 0 0 0 0
121 3744 0 0 0 0 0 0 0
89 1510 0 0 0 0 0 0 0
118 1413 0 0 0 0 0 0 0
58 1105 0 0 0 0 0 0 0
0 0 0 0 0 0 0 0 0
35 637 0 0 0 0 0 0 0
69 1086 0 0 0 0 0 0 0
0 0 0 0 0 0 0 0 0
72 707 0 0 0 0 0 0 0
7 160 0 0 0 0 0 0 0
0 0 0 0 0 0 0 0 0
0 410 0 0 0 0 0 0 0
51 1961 0 0 0 0 0 0 0
4 511 0 0 0 0 0 0 0
7 288 0 0 0 0 0 0 0
24 313 0 0 0 0 0 0 0
0 0 0 0 0 0 0 0 0
9 414 0 0 0 0 0 0 0
17 532 0 0 0 0 0 0 0
0 590 0 0 0 0 0 0 0
40 1413 0 0 0 0 0 0 0
75 2034 0 0 0 0 0 0 0
0 0 0 0 0 0 0 0 0
59 1450 0 0 0 0 0 0 0
130 3905 0 0 0 0 0 0 0
40 1862 0 0 0 0 0 0 0
65 1608 0 0 0 0 0 0 0
99 1499 0 0 0 0 0 0 0
0 0 0 0 0 0 0 0 0
87 1410 0 0 0 0 0 0 0
439 4170 0 0 0 0 0 0 0
247 2034 0 0 0 0 0 0 0
218 2142 0 0 0 0 0 0 0
163 2068 0 0 0 0 0 0 0
0 0 0 0 0 0 0 0 0
114 1887 0 0 0 0 0 0 0
346 3287 0 0 0 0 0 0 0
77 1013 0 0 0 0 0 0 0
0 0 0 0 0 0 0 0 0
265 2774 0 0 0 0 0 0 0
0 0 0 0 0 0 0 0 0
32 1516 0 0 0 0 0 0 0
187 5244 0 0 0 0 0 0 0
7 3396 0 0 0 0 0 0 0
58 5673 0 0 0 0 0 0 0
21 5498 0 0 0 0 0 0 0
0 0 0 0 0 0 0 0 0
35 6317 0 0 0 0 0 0 0
128 14132 0 0 0 0 0 0 0
35 8149 0 0 0 0 0 0 0
5 0 0 0 0 0 0 0 0
105 16519 0 0 0 0 0 0 0
0 0 0 0 0 0 0 0 0
2 9447 0 0 0 0 0 0 0
14 17181 0 0 0 0 0 0 0
12 7362 0 0 0 0 0 0 0
26 7025 0 0 0 0 0 0 0
30 8224 0 0 0 0 0 0 0
0 0 0 0 0 0 0 0 0
28 10532 0 0 0 0 0 0 0
66 18759 0 0 0 0 0 0 0
17 9596 0 0 0 0 0 0 0
19 7866 0 0 0 0 0 0 0
18 6283 0 0 0 0 0 0 0
0 0 0 0 0 0 0 0 0
0 0 0 0 0 0 0 0 0
6 9940 0 0 0 0 0 0 0
0 8708 0 0 0 0 0 0 0
0 4301 0 0 0 0 0 0 0
0 5025 0 0 0 0 0 0 0
0 0 0 0 0 0 0 0 0
6 6142 0 0 0 0 0 0 0
15 6393 0 0 0 0 0 0 0
23 13189 0 0 0 0 0 0 0
0 0 0 0 0 0 0 0 0
13 12763 0 0 0 0 0 0 0
0 0 0 0 0 0 0 0 0
0 6518 0 0 0 0 0 0 0
9 8948 0 0 0 0 0 0 0
0 3492 0 0 0 0 0 0 0
0 5015 0 0 0 0 0 0 0
0 0 0 0 0 0 0 0 0
0 0 0 0 0 0 0 0 0
4 11739 0 0 0 0 0 0 0
0 6431 0 0 0 0 0 0 0
0 5233 0 0 0 0 0 0 0
9 11032 0 0 0 0 0 0 0
4 4063 0 0 0 0 0 0 0
0 0 0 0 0 0 0 0 0
0 3884 0 0 0 0 0 0 0
7 3589 0 0 0 0 0 0 0
4 3152 0 0 0 0 0 0 0
25 7876 0 0 0 0 0 0 0
2 1323 0 0 0 0 0 0 0
0 0 0 0 0 0 0 0 0
5 1239 0 0 0 0 0 0 0
0 0 0 0 0 0 0 0 0
0 2635 0 0 0 0 0 0 0
14 3165 0 0 0 0 0 0 0
0 2867 0 0 0 0 0 0 0
0 0 0 0 0 0 0 0 0
0 4632 0 0 0 0 0 0 0
21 6234 0 0 0 0 0 0 0
43 14105 0 0 0 0 0 0 0
0 0 0 0 0 0 0 0 0
31 15399 0 0 0 0 0 0 0
0 0 0 0 0 0 0 0 0
2 8816 0 0 0 0 0 0 0
4 8249 0 0 0 0 0 0 0
2 8253 0 0 0 0 0 0 0
209 12404 0 0 0 0 0 0 0
25 7414 0 0 0 0 0 0 0
0 0 0 0 0 0 0 0 0
74 5686 0 0 0 0 0 0 0
2295 23428 0 0 0 0 0 0 0
46 6054 0 0 0 0 0 0 0
0 3059 0 0 0 0 0 0 0
0 0 0 0 0 0 0 0 0
1 2928 0 0 0 0 0 0 0
0 0 0 0 0 0 0 0 0
62 4474 0 0 0 0 0 0 0
18 940 0 0 0 0 0 0 0
77 1477 0 0 0 0 0 0 0
0 0 0 0 0 0 0 0 0
1 2618 0 0 0 0 0 0 0
15 5173 0 0 0 0 0 0 0
2 7070 0 0 0 0 0 0 0
22 12715 0 0 0 0 0 0 0
5 6263 0 0 0 0 0 0 0
0 0 0 0 0 0 0 0 0
0 0 0 0 0 0 0 0 0
0 10045 0 0 0 0 0 0 0
1 5783 0 0 0 0 0 0 0
76 7743 0 0 0 0 0 0 0
42 4954 0 0 0 0 0 0 0
0 0 0 0 0 0 0 0 0
55 6238 0 0 0 0 0 0 0
67 7277 0 0 0 0 0 0 0
89 8418 0 0 0 0 0 0 0
219 14658 0 0 0 0 0 0 0
0 0 0 0 0 0 0 0 0
0 0 0 0 0 0 0 0 0
113 13613 0 0 0 0 0 0 0
12 7043 0 0 0 0 0 0 0
4 6047 0 0 0 0 0 0 0
32 8914 0 0 0 0 0 0 0
56 3527 0 0 0 0 0 0 0
0 0 0 0 0 0 0 0 0
102 3270 0 0 0 0 0 0 0
94 2398 0 0 0 0 0 0 0
969 6260 0 0 0 0 0 0 0
0 0 0 0 0 0 0 0 0
1447 20121 0 0 0 0 0 0 0
31 4534 0 0 0 0 0 0 0
30 4814 0 0 0 0 0 0 0
56 7842 0 0 0 0 0 0 0
11 3919 0 0 0 0 0 0 0
0 0 0 0 0 0 0 0 0
28 4040 0 0 0 0 0 0 0
5 3949 0 0 0 0 0 0 0
3 3633 0 0 0 0 0 0 0
4 7020 0 0 0 0 0 0 0
0 0 0 0 0 0 0 0 0
0 0 0 0 0 0 0 0 0
20 5685 0 0 0 0 0 0 0
24 2422 0 0 0 0 0 0 0
23 2260 0 0 0 0 0 0 0
58 1991 0 0 0 0 0 0 0
171 4584 0 0 0 0 0 0 0
0 0 0 0 0 0 0 0 0
182 1352 0 0 0 0 0 0 0
159 1160 0 0 0 0 0 0 0
186 954 0 0 0 0 0 0 0
707 2645 0 0 0 0 0 0 0
337 779 0 0 0 0 0 0 0
0 0 0 0 0 0 0 0 0
357 680 0 0 0 0 0 0 0
254 438 0 0 0 0 0 0 0
0 0 0 0 0 0 0 0 0
584 1464 0 0 0 0 0 0 0
202 724 0 0 0 0 0 0 0
0 0 0 0 0 0 0 0 0
37 11 0 0 0 0 0 0 0
85 16 0 0 0 0 0 0 0
35 31 0 0 0 0 0 0 0
186 677 0 0 0 0 0 0 0
19 246 0 0 0 0 0 0 0
0 0 0 0 0 0 0 0 0
0 0 0 0 0 0 0 0 0
83 1408 0 0 0 0 0 0 0
20 228 0 0 0 0 0 0 0
8 346 0 0 0 0 0 0 0
57 1404 0 0 0 0 0 0 0
0 0 0 0 0 0 0 0 0
15 227 0 0 0 0 0 0 0
15 232 0 0 0 0 0 0 0
24 193 0 0 0 0 0 0 0
33 212 0 0 0 0 0 0 0
185 601 0 0 0 0 0 0 0
0 0 0 0 0 0 0 0 0
34 4 0 0 0 0 0 0 0
31 74 0 0 0 0 0 0 0
5 20 0 0 0 0 0 0 0
46 43 0 0 0 0 0 0 0
255 165 0 0 0 0 0 0 0
0 0 0 0 0 0 0 0 0
25 0 0 0 0 0 0 0 0
74 3 0 0 0 0 0 0 0
22 0 0 0 0 0 0 0 0
293 77 0 0 0 0 0 0 0
49 7 0 0 0 0 0 0 0
0 0 0 0 0 0 0 0 0
52 2 0 0 0 0 0 0 0
23 190 0 0 0 0 0 0 0
37 1388 0 0 0 0 0 0 0
190 7563 0 0 0 0 0 0 0
124 7660 0 0 0 0 0 0 0
0 0 0 0 0 0 0 0 0
0 0 0 0 0 0 0 0 0
118 4498 0 0 0 0 0 0 0
12 2803 0 0 0 0 0 0 0
15 2331 0 0 0 0 0 0 0
32 3192 0 0 0 0 0 0 0
0 0 0 0 0 0 0 0 0
15 2198 0 0 0 0 0 0 0
3 2280 0 0 0 0 0 0 0
7 1738 0 0 0 0 0 0 0
28 986 0 0 0 0 0 0 0
51 1005 0 0 0 0 0 0 0
0 0 0 0 0 0 0 0 0
36 425 0 0 0 0 0 0 0
0 0 0 0 0 0 0 0 0
46 1259 0 0 0 0 0 0 0
5 53 0 0 0 0 0 0 0
28 73 0 0 0 0 0 0 0
0 0 0 0 0 0 0 0 0
40 553 0 0 0 0 0 0 0
13 411 0 0 0 0 0 0 0
0 579 0 0 0 0 0 0 0
28 1921 0 0 0 0 0 0 0
0 237 0 0 0 0 0 0 0
0 0 0 0 0 0 0 0 0
1 88 0 0 0 0 0 0 0
0 101 0 0 0 0 0 0 0
0 60 0 0 0 0 0 0 0
2 120 0 0 0 0 0 0 0
41 634 0 0 0 0 0 0 0
0 0 0 0 0 0 0 0 0
4 181 0 0 0 0 0 0 0
5 250 0 0 0 0 0 0 0
18 309 0 0 0 0 0 0 0
0 298 0 0 0 0 0 0 0
109 1745 0 0 0 0 0 0 0
0 0 0 0 0 0 0 0 0
31 337 0 0 0 0 0 0 0
30 296 0 0 0 0 0 0 0
0 0 0 0 0 0 0 0 0
124 1660 0 0 0 0 0 0 0
70 1822 0 0 0 0 0 0 0
0 0 0 0 0 0 0 0 0
4 332 0 0 0 0 0 0 0
27 226 0 0 0 0 0 0 0
28 144 0 0 0 0 0 0 0
21 152 0 0 0 0 0 0 0
3 173 0 0 0 0 0 0 0
0 0 0 0 0 0 0 0 0
36 1418 0 0 0 0 0 0 0
7 273 0 0 0 0 0 0 0
9 373 0 0 0 0 0 0 0
0 299 0 0 0 0 0 0 0
27 1150 0 0 0 0 0 0 0
0 0 0 0 0 0 0 0 0
