3661 31138 0 0 0 0 0 0 0
5 0 0 0 0 0 0 0 0
21 0 0 0 0 0 0 0 0
86 0 0 0 0 0 0 0 0
158 7 0 0 0 0 0 0 0
87 0 0 0 0 0 0 0 0
0 0 0 0 0 0 0 0 0
66 10 0 0 0 0 0 0 0
91 17 0 0 0 0 0 0 0
57 109 0 0 0 0 0 0 0
160 792 0 0 0 0 0 0 0
2467 28808 0 0 0 0 0 0 0
33 1091 0 0 0 0 0 0 0
4 1290 0 0 0 0 0 0 0
0 2070 0 0 0 0 0 0 0
0 0 0 0 0 0 0 0 0
104 5688 0 0 0 0 0 0 0
5 4217 0 0 0 0 0 0 0
32 4772 0 0 0 0 0 0 0
98 5457 0 0 0 0 0 0 0
112 5439 0 0 0 0 0 0 0
0 0 0 0 0 0 0 0 0
436 8634 0 0 0 0 0 0 0
80 4509 0 0 0 0 0 0 0
85 4076 0 0 0 0 0 0 0
42 3686 0 0 0 0 0 0 0
12 3281 0 0 0 0 0 0 0
0 0 0 0 0 0 0 0 0
89 4835 0 0 0 0 0 0 0
0 2352 0 0 0 0 0 0 0
0 2216 0 0 0 0 0 0 0
2 2361 0 0 0 0 0 0 0
51 2461 0 0 0 0 0 0 0
0 0 0 0 0 0 0 0 0
330 4896 0 0 0 0 0 0 0
29 2152 0 0 0 0 0 0 0
49 2379 0 0 0 0 0 0 0
30 2716 0 0 0 0 0 0 0
24 2402 0 0 0 0 0 0 0
0 0 0 0 0 0 0 0 0
74 3181 0 0 0 0 0 0 0
25 731 0 0 0 0 0 0 0
83 970 0 0 0 0 0 0 0
87 1007 0 0 0 0 0 0 0
92 1173 0 0 0 0 0 0 0
0 0 0 0 0 0 0 0 0
232 2704 0 0 0 0 0 0 0
107 1342 0 0 0 0 0 0 0
74 2366 0 0 0 0 0 0 0
45 2541 0 0 0 0 0 0 0
39 2322 0 0 0 0 0 0 0
0 0 0 0 0 0 0 0 0
79 3300 0 0 0 0 0 0 0
3 366 0 0 0 0 0 0 0
0 161 0 0 0 0 0 0 0
0 184 0 0 0 0 0 0 0
3 304 0 0 0 0 0 0 0
0 0 0 0 0 0 0 0 0
18 1159 0 0 0 0 0 0 0
0 189 0 0 0 0 0 0 0
0 156 0 0 0 0 0 0 0
12 128 0 0 0 0 0 0 0
9 65 0 0 0 0 0 0 0
0 0 0 0 0 0 0 0 0
8 56 0 0 0 0 0 0 0
12 761 0 0 0 0 0 0 0
4 214 0 0 0 0 0 0 0
0 235 0 0 0 0 0 0 0
3 423 0 0 0 0 0 0 0
0 0 0 0 0 0 0 0 0
2 501 0 0 0 0 0 0 0
4 1473 0 0 0 0 0 0 0
0 313 0 0 0 0 0 0 0
0 267 0 0 0 0 0 0 0
0 301 0 0 0 0 0 0 0
0 0 0 0 0 0 0 0 0
0 334 0 0 0 0 0 0 0
3 1777 0 0 0 0 0 0 0
1 597 0 0 0 0 0 0 0
36 565 0 0 0 0 0 0 0
4 841 0 0 0 0 0 0 0
0 0 0 0 0 0 0 0 0
37 2805 0 0 0 0 0 0 0
0 997 0 0 0 0 0 0 0
2 842 0 0 0 0 0 0 0
0 529 0 0 0 0 0 0 0
7 417 0 0 0 0 0 0 0
0 0 0 0 0 0 0 0 0
45 2321 0 0 0 0 0 0 0
3 1080 0 0 0 0 0 0 0
28 907 0 0 0 0 0 0 0
44 601 0 0 0 0 0 0 0
8 272 0 0 0 0 0 0 0
0 0 0 0 0 0 0 0 0
31 355 0 0 0 0 0 0 0
0 1 0 0 0 0 0 0 0
0 36 0 0 0 0 0 0 0
13 11 0 0 0 0 0 0 0
1 21 0 0 0 0 0 0 0
0 0 0 0 0 0 0 0 0
66 74 0 0 0 0 0 0 0
0 2 0 0 0 0 0 0 0
1 6 0 0 0 0 0 0 0
4 4 0 0 0 0 0 0 0
0 6 0 0 0 0 0 0 0
0 0 0 0 0 0 0 0 0
78 1 0 0 0 0 0 0 0
0 0 0 0 0 0 0 0 0
4 0 0 0 0 0 0 0 0
12 0 0 0 0 0 0 0 0
2 0 0 0 0 0 0 0 0
0 0 0 0 0 0 0 0 0
97 2 0 0 0 0 0 0 0
24 0 0 0 0 0 0 0 0
4 7 0 0 0 0 0 0 0
2 0 0 0 0 0 0 0 0
29 0 0 0 0 0 0 0 0
0 0 0 0 0 0 0 0 0
170 1 0 0 0 0 0 0 0
71 0 0 0 0 0 0 0 0
74 3 0 0 0 0 0 0 0
55 0 0 0 0 0 0 0 0
38 6 0 0 0 0 0 0 0
0 0 0 0 0 0 0 0 0
62 249 0 0 0 0 0 0 0
20 72 0 0 0 0 0 0 0
28 416 0 0 0 0 0 0 0
12 719 0 0 0 0 0 0 0
29 1166 0 0 0 0 0 0 0
0 0 0 0 0 0 0 0 0
102 4557 0 0 0 0 0 0 0
15 2991 0 0 0 0 0 0 0
20 3618 0 0 0 0 0 0 0
26 4224 0 0 0 0 0 0 0
71 5049 0 0 0 0 0 0 0
0 0 0 0 0 0 0 0 0
275 9850 0 0 0 0 0 0 0
71 6400 0 0 0 0 0 0 0
83 7030 0 0 0 0 0 0 0
139 7148 0 0 0 0 0 0 0
241 7315 0 0 0 0 0 0 0
0 0 0 0 0 0 0 0 0
283 7147 0 0 0 0 0 0 0
377 12335 0 0 0 0 0 0 0
206 6879 0 0 0 0 0 0 0
148 6639 0 0 0 0 0 0 0
110 6090 0 0 0 0 0 0 0
0 0 0 0 0 0 0 0 0
137 5251 0 0 0 0 0 0 0
303 7029 0 0 0 0 0 0 0
29 1721 0 0 0 0 0 0 0
50 789 0 0 0 0 0 0 0
27 315 0 0 0 0 0 0 0
0 0 0 0 0 0 0 0 0
12 653 0 0 0 0 0 0 0
202 4385 0 0 0 0 0 0 0
108 2853 0 0 0 0 0 0 0
139 3531 0 0 0 0 0 0 0
177 4111 0 0 0 0 0 0 0
0 0 0 0 0 0 0 0 0
104 4355 0 0 0 0 0 0 0
186 8463 0 0 0 0 0 0 0
33 4884 0 0 0 0 0 0 0
68 4861 0 0 0 0 0 0 0
150 4770 0 0 0 0 0 0 0
0 0 0 0 0 0 0 0 0
117 4741 0 0 0 0 0 0 0
102 8353 0 0 0 0 0 0 0
4 4518 0 0 0 0 0 0 0
2 4464 0 0 0 0 0 0 0
35 4599 0 0 0 0 0 0 0
0 0 0 0 0 0 0 0 0
110 8173 0 0 0 0 0 0 0
5 3786 0 0 0 0 0 0 0
45 3587 0 0 0 0 0 0 0
56 3369 0 0 0 0 0 0 0
84 3214 0 0 0 0 0 0 0
0 0 0 0 0 0 0 0 0
272 6134 0 0 0 0 0 0 0
401 2475 0 0 0 0 0 0 0
227 2177 0 0 0 0 0 0 0
168 1806 0 0 0 0 0 0 0
51 1410 0 0 0 0 0 0 0
0 0 0 0 0 0 0 0 0
436 3300 0 0 0 0 0 0 0
271 831 0 0 0 0 0 0 0
287 660 0 0 0 0 0 0 0
343 633 0 0 0 0 0 0 0
338 677 0 0 0 0 0 0 0
0 0 0 0 0 0 0 0 0
699 2675 0 0 0 0 0 0 0
116 1010 0 0 0 0 0 0 0
50 1354 0 0 0 0 0 0 0
10 2120 0 0 0 0 0 0 0
2 3281 0 0 0 0 0 0 0
0 0 0 0 0 0 0 0 0
70 11467 0 0 0 0 0 0 0
0 7691 0 0 0 0 0 0 0
36 7444 0 0 0 0 0 0 0
37 6471 0 0 0 0 0 0 0
75 5283 0 0 0 0 0 0 0
0 0 0 0 0 0 0 0 0
523 8585 0 0 0 0 0 0 0
156 5848 0 0 0 0 0 0 0
165 6767 0 0 0 0 0 0 0
106 7085 0 0 0 0 0 0 0
85 7594 0 0 0 0 0 0 0
0 0 0 0 0 0 0 0 0
273 12868 0 0 0 0 0 0 0
18 7603 0 0 0 0 0 0 0
37 7475 0 0 0 0 0 0 0
9 7066 0 0 0 0 0 0 0
0 6878 0 0 0 0 0 0 0
0 0 0 0 0 0 0 0 0
243 10099 0 0 0 0 0 0 0
101 6076 0 0 0 0 0 0 0
126 6397 0 0 0 0 0 0 0
40 6461 0 0 0 0 0 0 0
10 6552 0 0 0 0 0 0 0
0 0 0 0 0 0 0 0 0
56 10768 0 0 0 0 0 0 0
15 6294 0 0 0 0 0 0 0
98 6200 0 0 0 0 0 0 0
32 5654 0 0 0 0 0 0 0
47 5184 0 0 0 0 0 0 0
0 0 0 0 0 0 0 0 0
136 9175 0 0 0 0 0 0 0
2 4606 0 0 0 0 0 0 0
0 5227 0 0 0 0 0 0 0
2 5365 0 0 0 0 0 0 0
3 5760 0 0 0 0 0 0 0
0 0 0 0 0 0 0 0 0
0 9365 0 0 0 0 0 0 0
0 6223 0 0 0 0 0 0 0
3 6561 0 0 0 0 0 0 0
5 6837 0 0 0 0 0 0 0
5 7345 0 0 0 0 0 0 0
0 0 0 0 0 0 0 0 0
57 13515 0 0 0 0 0 0 0
0 9641 0 0 0 0 0 0 0
3 10403 0 0 0 0 0 0 0
0 10174 0 0 0 0 0 0 0
0 10322 0 0 0 0 0 0 0
0 0 0 0 0 0 0 0 0
10 15406 0 0 0 0 0 0 0
2 10441 0 0 0 0 0 0 0
4 11043 0 0 0 0 0 0 0
6 11061 0 0 0 0 0 0 0
12 11071 0 0 0 0 0 0 0
0 0 0 0 0 0 0 0 0
61 15622 0 0 0 0 0 0 0
11 8392 0 0 0 0 0 0 0
24 7548 0 0 0 0 0 0 0
15 6776 0 0 0 0 0 0 0
22 6484 0 0 0 0 0 0 0
0 0 0 0 0 0 0 0 0
51 9829 0 0 0 0 0 0 0
0 6341 0 0 0 0 0 0 0
0 6543 0 0 0 0 0 0 0
0 6646 0 0 0 0 0 0 0
4 7010 0 0 0 0 0 0 0
0 0 0 0 0 0 0 0 0
277 11156 0 0 0 0 0 0 0
67 6715 0 0 0 0 0 0 0
63 6379 0 0 0 0 0 0 0
30 5698 0 0 0 0 0 0 0
12 5571 0 0 0 0 0 0 0
0 0 0 0 0 0 0 0 0
12 5046 0 0 0 0 0 0 0
23 7828 0 0 0 0 0 0 0
9 3012 0 0 0 0 0 0 0
0 2713 0 0 0 0 0 0 0
3 3029 0 0 0 0 0 0 0
0 0 0 0 0 0 0 0 0
9 3882 0 0 0 0 0 0 0
60 9546 0 0 0 0 0 0 0
12 7137 0 0 0 0 0 0 0
0 7388 0 0 0 0 0 0 0
0 7347 0 0 0 0 0 0 0
0 0 0 0 0 0 0 0 0
0 12043 0 0 0 0 0 0 0
2 7437 0 0 0 0 0 0 0
0 8170 0 0 0 0 0 0 0
0 8523 0 0 0 0 0 0 0
0 8795 0 0 0 0 0 0 0
0 0 0 0 0 0 0 0 0
38 8852 0 0 0 0 0 0 0
248 13225 0 0 0 0 0 0 0
130 9416 0 0 0 0 0 0 0
127 9126 0 0 0 0 0 0 0
152 9391 0 0 0 0 0 0 0
0 0 0 0 0 0 0 0 0
507 15275 0 0 0 0 0 0 0
145 9618 0 0 0 0 0 0 0
163 10040 0 0 0 0 0 0 0
124 10427 0 0 0 0 0 0 0
158 10705 0 0 0 0 0 0 0
2957 33263 0 0 0 0 0 0 0
0 4505 0 0 0 0 0 0 0
18 6003 0 0 0 0 0 0 0
0 2550 0 0 0 0 0 0 0
0 0 0 0 0 0 0 0 0
3 2139 0 0 0 0 0 0 0
4 1554 0 0 0 0 0 0 0
4 1156 0 0 0 0 0 0 0
17 3358 0 0 0 0 0 0 0
5 1049 0 0 0 0 0 0 0
0 0 0 0 0 0 0 0 0
5 1087 0 0 0 0 0 0 0
11 1026 0 0 0 0 0 0 0
17 1170 0 0 0 0 0 0 0
107 2887 0 0 0 0 0 0 0
114 732 0 0 0 0 0 0 0
0 0 0 0 0 0 0 0 0
281 629 0 0 0 0 0 0 0
320 515 0 0 0 0 0 0 0
292 497 0 0 0 0 0 0 0
493 1715 0 0 0 0 0 0 0
185 1119 0 0 0 0 0 0 0
0 0 0 0 0 0 0 0 0
120 2514 0 0 0 0 0 0 0
104 3817 0 0 0 0 0 0 0
451 10616 0 0 0 0 0 0 0
152 4837 0 0 0 0 0 0 0
233 3873 0 0 0 0 0 0 0
0 0 0 0 0 0 0 0 0
284 3669 0 0 0 0 0 0 0
304 2831 0 0 0 0 0 0 0
606 4978 0 0 0 0 0 0 0
158 1345 0 0 0 0 0 0 0
201 1145 0 0 0 0 0 0 0
0 0 0 0 0 0 0 0 0
205 1099 0 0 0 0 0 0 0
182 543 0 0 0 0 0 0 0
452 1195 0 0 0 0 0 0 0
6 212 0 0 0 0 0 0 0
44 358 0 0 0 0 0 0 0
0 0 0 0 0 0 0 0 0
108 304 0 0 0 0 0 0 0
100 497 0 0 0 0 0 0 0
386 2957 0 0 0 0 0 0 0
69 1049 0 0 0 0 0 0 0
155 1360 0 0 0 0 0 0 0
0 0 0 0 0 0 0 0 0
170 1317 0 0 0 0 0 0 0
172 1371 0 0 0 0 0 0 0
790 3092 0 0 0 0 0 0 0
555 540 0 0 0 0 0 0 0
615 474 0 0 0 0 0 0 0
0 0 0 0 0 0 0 0 0
564 480 0 0 0 0 0 0 0
472 461 0 0 0 0 0 0 0
1253 2112 0 0 0 0 0 0 0
483 619 0 0 0 0 0 0 0
400 539 0 0 0 0 0 0 0
0 0 0 0 0 0 0 0 0
277 409 0 0 0 0 0 0 0
288 394 0 0 0 0 0 0 0
850 1278 0 0 0 0 0 0 0
410 288 0 0 0 0 0 0 0
354 216 0 0 0 0 0 0 0
0 0 0 0 0 0 0 0 0
289 170 0 0 0 0 0 0 0
643 149 0 0 0 0 0 0 0
1515 240 0 0 0 0 0 0 0
760 1 0 0 0 0 0 0 0
539 18 0 0 0 0 0 0 0
0 0 0 0 0 0 0 0 0
588 3 0 0 0 0 0 0 0
306 12 0 0 0 0 0 0 0
1007 29 0 0 0 0 0 0 0
193 4 0 0 0 0 0 0 0
154 9 0 0 0 0 0 0 0
0 0 0 0 0 0 0 0 0
230 1 0 0 0 0 0 0 0
214 13 0 0 0 0 0 0 0
1253 227 0 0 0 0 0 0 0
1486 98 0 0 0 0 0 0 0
1414 182 0 0 0 0 0 0 0
0 0 0 0 0 0 0 0 0
963 272 0 0 0 0 0 0 0
614 172 0 0 0 0 0 0 0
1346 646 0 0 0 0 0 0 0
544 155 0 0 0 0 0 0 0
451 151 0 0 0 0 0 0 0
0 0 0 0 0 0 0 0 0
589 152 0 0 0 0 0 0 0
668 163 0 0 0 0 0 0 0
1065 569 0 0 0 0 0 0 0
272 151 0 0 0 0 0 0 0
480 128 0 0 0 0 0 0 0
0 0 0 0 0 0 0 0 0
688 128 0 0 0 0 0 0 0
427 99 0 0 0 0 0 0 0
1091 262 0 0 0 0 0 0 0
245 0 0 0 0 0 0 0 0
214 0 0 0 0 0 0 0 0
0 0 0 0 0 0 0 0 0
185 0 0 0 0 0 0 0 0
77 0 0 0 0 0 0 0 0
337 0 0 0 0 0 0 0 0
228 0 0 0 0 0 0 0 0
179 0 0 0 0 0 0 0 0
0 0 0 0 0 0 0 0 0
278 0 0 0 0 0 0 0 0
304 0 0 0 0 0 0 0 0
674 25 0 0 0 0 0 0 0
859 2 0 0 0 0 0 0 0
999 8 0 0 0 0 0 0 0
0 0 0 0 0 0 0 0 0
354 9 0 0 0 0 0 0 0
299 7 0 0 0 0 0 0 0
1326 7 0 0 0 0 0 0 0
852 0 0 0 0 0 0 0 0
726 8 0 0 0 0 0 0 0
0 0 0 0 0 0 0 0 0
248 3 0 0 0 0 0 0 0
267 12 0 0 0 0 0 0 0
373 93 0 0 0 0 0 0 0
23 2 0 0 0 0 0 0 0
19 22 0 0 0 0 0 0 0
0 0 0 0 0 0 0 0 0
82 11 0 0 0 0 0 0 0
112 10 0 0 0 0 0 0 0
963 18 0 0 0 0 0 0 0
657 6 0 0 0 0 0 0 0
0 0 0 0 0 0 0 0 0
0 0 0 0 0 0 0 0 0
0 0 0 0 0 0 0 0 0
0 0 0 0 0 0 0 0 0
0 0 0 0 0 0 0 0 0
0 0 0 0 0 0 0 0 0
0 0 0 0 0 0 0 0 0
0 0 0 0 0 0 0 0 0
0 0 0 0 0 0 0 0 0
0 0 0 0 0 0 0 0 0
3664 211 0 0 0 0 0 0 0
1599 0 0 0 0 0 0 0 0
858 0 0 0 0 0 0 0 0
0 0 0 0 0 0 0 0 0
1212 0 0 0 0 0 0 0 0
1308 0 0 0 0 0 0 0 0
1050 0 0 0 0 0 0 0 0
543 0 0 0 0 0 0 0 0
483 19 0 0 0 0 0 0 0
0 0 0 0 0 0 0 0 0
505 31 0 0 0 0 0 0 0
359 16 0 0 0 0 0 0 0
196 41 0 0 0 0 0 0 0
805 123 0 0 0 0 0 0 0
631 38 0 0 0 0 0 0 0
0 0 0 0 0 0 0 0 0
685 34 0 0 0 0 0 0 0
693 18 0 0 0 0 0 0 0
1232 90 0 0 0 0 0 0 0
543 10 0 0 0 0 0 0 0
629 6 0 0 0 0 0 0 0
0 0 0 0 0 0 0 0 0
750 34 0 0 0 0 0 0 0
583 5 0 0 0 0 0 0 0
645 20 0 0 0 0 0 0 0
304 25 0 0 0 0 0 0 0
955 101 0 0 0 0 0 0 0
0 1 0 0 0 0 0 0 0
458 2 0 0 0 0 0 0 0
368 2 0 0 0 0 0 0 0
530 12 0 0 0 0 0 0 0
305 3 0 0 0 0 0 0 0
714 0 0 0 0 0 0 0 0
0 0 0 0 0 0 0 0 0
999 5 0 0 0 0 0 0 0
660 6 0 0 0 0 0 0 0
386 5 0 0 0 0 0 0 0
277 6 0 0 0 0 0 0 0
275 1 0 0 0 0 0 0 0
0 0 0 0 0 0 0 0 0
655 11 0 0 0 0 0 0 0
53 0 0 0 0 0 0 0 0
154 7 0 0 0 0 0 0 0
284 0 0 0 0 0 0 0 0
320 1 0 0 0 0 0 0 0
0 0 0 0 0 0 0 0 0
915 0 0 0 0 0 0 0 0
312 0 0 0 0 0 0 0 0
676 0 0 0 0 0 0 0 0
760 2 0 0 0 0 0 0 0
371 2 0 0 0 0 0 0 0
0 0 0 0 0 0 0 0 0
937 40 0 0 0 0 0 0 0
200 0 0 0 0 0 0 0 0
134 11 0 0 0 0 0 0 0
498 12 0 0 0 0 0 0 0
313 0 0 0 0 0 0 0 0
0 0 0 0 0 0 0 0 0
387 5 0 0 0 0 0 0 0
380 0 0 0 0 0 0 0 0
414 0 0 0 0 0 0 0 0
207 0 0 0 0 0 0 0 0
290 48 0 0 0 0 0 0 0
0 0 0 0 0 0 0 0 0
65 2 0 0 0 0 0 0 0
40 16 0 0 0 0 0 0 0
97 6 0 0 0 0 0 0 0
426 4 0 0 0 0 0 0 0
119 7 0 0 0 0 0 0 0
0 0 0 0 0 0 0 0 0
95 8 0 0 0 0 0 0 0
131 6 0 0 0 0 0 0 0
444 85 0 0 0 0 0 0 0
110 14 0 0 0 0 0 0 0
19 7 0 0 0 0 0 0 0
0 0 0 0 0 0 0 0 0
12 19 0 0 0 0 0 0 0
3 9 0 0 0 0 0 0 0
113 115 0 0 0 0 0 0 0
99 8 0 0 0 0 0 0 0
153 6 0 0 0 0 0 0 0
0 0 0 0 0 0 0 0 0
197 7 0 0 0 0 0 0 0
147 6 0 0 0 0 0 0 0
687 60 0 0 0 0 0 0 0
148 9 0 0 0 0 0 0 0
167 3 0 0 0 0 0 0 0
0 0 0 0 0 0 0 0 0
185 17 0 0 0 0 0 0 0
0 0 0 0 0 0 0 0 0
1000 27 0 0 0 0 0 0 0
101 5 0 0 0 0 0 0 0
37 16 0 0 0 0 0 0 0
0 0 0 0 0 0 0 0 0
44 10 0 0 0 0 0 0 0
54 0 0 0 0 0 0 0 0
145 37 0 0 0 0 0 0 0
35 9 0 0 0 0 0 0 0
49 24 0 0 0 0 0 0 0
0 0 0 0 0 0 0 0 0
56 182 0 0 0 0 0 0 0
73 610 0 0 0 0 0 0 0
239 2022 0 0 0 0 0 0 0
39 86 0 0 0 0 0 0 0
41 22 0 0 0 0 0 0 0
0 0 0 0 0 0 0 0 0
24 103 0 0 0 0 0 0 0
17 57 0 0 0 0 0 0 0
28 38 0 0 0 0 0 0 0
36 748 0 0 0 0 0 0 0
4 320 0 0 0 0 0 0 0
0 0 0 0 0 0 0 0 0
18 152 0 0 0 0 0 0 0
8 149 0 0 0 0 0 0 0
18 1408 0 0 0 0 0 0 0
37 1775 0 0 0 0 0 0 0
45 1140 0 0 0 0 0 0 0
0 0 0 0 0 0 0 0 0
38 1601 0 0 0 0 0 0 0
14 1517 0 0 0 0 0 0 0
0 0 0 0 0 0 0 0 0
52 1084 0 0 0 0 0 0 0
54 631 0 0 0 0 0 0 0
0 0 0 0 0 0 0 0 0
63 391 0 0 0 0 0 0 0
62 112 0 0 0 0 0 0 0
70 1209 0 0 0 0 0 0 0
14 192 0 0 0 0 0 0 0
24 410 0 0 0 0 0 0 0
0 0 0 0 0 0 0 0 0
5 977 0 0 0 0 0 0 0
9 844 0 0 0 0 0 0 0
19 1282 0 0 0 0 0 0 0
7 481 0 0 0 0 0 0 0
8 217 0 0 0 0 0 0 0
0 0 0 0 0 0 0 0 0
20 88 0 0 0 0 0 0 0
32 334 0 0 0 0 0 0 0
45 348 0 0 0 0 0 0 0
54 358 0 0 0 0 0 0 0
19 280 0 0 0 0 0 0 0
0 0 0 0 0 0 0 0 0
14 154 0 0 0 0 0 0 0
0 0 0 0 0 0 0 0 0
3 1205 0 0 0 0 0 0 0
0 79 0 0 0 0 0 0 0
14 5 0 0 0 0 0 0 0
0 0 0 0 0 0 0 0 0
11 205 0 0 0 0 0 0 0
8 85 0 0 0 0 0 0 0
13 50 0 0 0 0 0 0 0
0 0 0 0 0 0 0 0 0
0 1570 0 0 0 0 0 0 0
0 0 0 0 0 0 0 0 0
0 231 0 0 0 0 0 0 0
0 972 0 0 0 0 0 0 0
0 0 0 0 0 0 0 0 0
6 691 0 0 0 0 0 0 0
1 36 0 0 0 0 0 0 0
0 0 0 0 0 0 0 0 0
10 17 0 0 0 0 0 0 0
9 37 0 0 0 0 0 0 0
0 0 0 0 0 0 0 0 0
10 12 0 0 0 0 0 0 0
8 15 0 0 0 0 0 0 0
0 0 0 0 0 0 0 0 0
3 0 0 0 0 0 0 0 0
10 1 0 0 0 0 0 0 0
36 0 0 0 0 0 0 0 0
60 6 0 0 0 0 0 0 0
3 6 0 0 0 0 0 0 0
0 0 0 0 0 0 0 0 0
0 0 0 0 0 0 0 0 0
34 4 0 0 0 0 0 0 0
1 0 0 0 0 0 0 0 0
14 0 0 0 0 0 0 0 0
0 4 0 0 0 0 0 0 0
0 0 0 0 0 0 0 0 0
4 1 0 0 0 0 0 0 0
0 1 0 0 0 0 0 0 0
25 9 0 0 0 0 0 0 0
8 1 0 0 0 0 0 0 0
7 8 0 0 0 0 0 0 0
0 0 0 0 0 0 0 0 0
0 0 0 0 0 0 0 0 0
0 0 0 0 0 0 0 0 0
1 15 0 0 0 0 0 0 0
1 4 0 0 0 0 0 0 0
32 4 0 0 0 0 0 0 0
0 0 0 0 0 0 0 0 0
63 0 0 0 0 0 0 0 0
79 0 0 0 0 0 0 0 0
157 6 0 0 0 0 0 0 0
104 0 0 0 0 0 0 0 0
175 165 0 0 0 0 0 0 0
0 0 0 0 0 0 0 0 0
244 410 0 0 0 0 0 0 0
205 603 0 0 0 0 0 0 0
404 1931 0 0 0 0 0 0 0
301 363 0 0 0 0 0 0 0
386 100 0 0 0 0 0 0 0
0 0 0 0 0 0 0 0 0
357 24 0 0 0 0 0 0 0
640 533 0 0 0 0 0 0 0
214 104 0 0 0 0 0 0 0
202 84 0 0 0 0 0 0 0
167 38 0 0 0 0 0 0 0
0 0 0 0 0 0 0 0 0
121 45 0 0 0 0 0 0 0
299 463 0 0 0 0 0 0 0
1 108 0 0 0 0 0 0 0
7 34 0 0 0 0 0 0 0
35 22 0 0 0 0 0 0 0
0 0 0 0 0 0 0 0 0
79 20 0 0 0 0 0 0 0
271 644 0 0 0 0 0 0 0
50 547 0 0 0 0 0 0 0
21 639 0 0 0 0 0 0 0
4 450 0 0 0 0 0 0 0
0 0 0 0 0 0 0 0 0
24 158 0 0 0 0 0 0 0
65 299 0 0 0 0 0 0 0
0 56 0 0 0 0 0 0 0
4 40 0 0 0 0 0 0 0
6 16 0 0 0 0 0 0 0
0 0 0 0 0 0 0 0 0
10 4 0 0 0 0 0 0 0
36 6 0 0 0 0 0 0 0
0 0 0 0 0 0 0 0 0
40 62 0 0 0 0 0 0 0
0 22 0 0 0 0 0 0 0
0 0 0 0 0 0 0 0 0
1 219 0 0 0 0 0 0 0
29 1864 0 0 0 0 0 0 0
0 619 0 0 0 0 0 0 0
0 0 0 0 0 0 0 0 0
7 930 0 0 0 0 0 0 0
0 0 0 0 0 0 0 0 0
0 395 0 0 0 0 0 0 0
27 1888 0 0 0 0 0 0 0
4 449 0 0 0 0 0 0 0
0 417 0 0 0 0 0 0 0
1 361 0 0 0 0 0 0 0
0 0 0 0 0 0 0 0 0
31 263 0 0 0 0 0 0 0
95 730 0 0 0 0 0 0 0
81 61 0 0 0 0 0 0 0
157 37 0 0 0 0 0 0 0
53 36 0 0 0 0 0 0 0
0 0 0 0 0 0 0 0 0
20 47 0 0 0 0 0 0 0
9 149 0 0 0 0 0 0 0
3 15 0 0 0 0 0 0 0
17 17 0 0 0 0 0 0 0
17 13 0 0 0 0 0 0 0
0 0 0 0 0 0 0 0 0
47 49 0 0 0 0 0 0 0
100 166 0 0 0 0 0 0 0
111 15 0 0 0 0 0 0 0
133 27 0 0 0 0 0 0 0
78 35 0 0 0 0 0 0 0
0 0 0 0 0 0 0 0 0
48 237 0 0 0 0 0 0 0
106 3 0 0 0 0 0 0 0
191 43 0 0 0 0 0 0 0
264 1 0 0 0 0 0 0 0
314 21 0 0 0 0 0 0 0
0 0 0 0 0 0 0 0 0
370 32 0 0 0 0 0 0 0
92 2 0 0 0 0 0 0 0
140 17 0 0 0 0 0 0 0
146 5 0 0 0 0 0 0 0
185 14 0 0 0 0 0 0 0
0 0 0 0 0 0 0 0 0
458 91 0 0 0 0 0 0 0
59 2 0 0 0 0 0 0 0
68 27 0 0 0 0 0 0 0
53 7 0 0 0 0 0 0 0
67 13 0 0 0 0 0 0 0
0 0 0 0 0 0 0 0 0
294 89 0 0 0 0 0 0 0
37 8 0 0 0 0 0 0 0
35 8 0 0 0 0 0 0 0
19 0 0 0 0 0 0 0 0
18 25 0 0 0 0 0 0 0
0 0 0 0 0 0 0 0 0
58 48 0 0 0 0 0 0 0
37 0 0 0 0 0 0 0 0
29 29 0 0 0 0 0 0 0
28 10 0 0 0 0 0 0 0
0 18 0 0 0 0 0 0 0
0 0 0 0 0 0 0 0 0
145 17 0 0 0 0 0 0 0
72 8 0 0 0 0 0 0 0
46 7 0 0 0 0 0 0 0
13 7 0 0 0 0 0 0 0
2 18 0 0 0 0 0 0 0
0 0 0 0 0 0 0 0 0
22 22 0 0 0 0 0 0 0
2 2 0 0 0 0 0 0 0
10 222 0 0 0 0 0 0 0
1 0 0 0 0 0 0 0 0
6 2 0 0 0 0 0 0 0
0 0 0 0 0 0 0 0 0
110 28 0 0 0 0 0 0 0
5 2 0 0 0 0 0 0 0
4 3 0 0 0 0 0 0 0
4 1 0 0 0 0 0 0 0
1 3 0 0 0 0 0 0 0
0 0 0 0 0 0 0 0 0
8 18 0 0 0 0 0 0 0
0 0 0 0 0 0 0 0 0
0 14 0 0 0 0 0 0 0
0 2 0 0 0 0 0 0 0
9 8 0 0 0 0 0 0 0
0 0 0 0 0 0 0 0 0
33 61 0 0 0 0 0 0 0
1 0 0 0 0 0 0 0 0
9 6 0 0 0 0 0 0 0
22 23 0 0 0 0 0 0 0
0 0 0 0 0 0 0 0 0
0 0 0 0 0 0 0 0 0
0 0 0 0 0 0 0 0 0
18 0 0 0 0 0 0 0 0
4 0 0 0 0 0 0 0 0
14 0 0 0 0 0 0 0 0
121 0 0 0 0 0 0 0 0
0 0 0 0 0 0 0 0 0
65 3 0 0 0 0 0 0 0
586 7 0 0 0 0 0 0 0
261 6 0 0 0 0 0 0 0
356 0 0 0 0 0 0 0 0
807 8 0 0 0 0 0 0 0
0 0 0 0 0 0 0 0 0
442 2 0 0 0 0 0 0 0
346 0 0 0 0 0 0 0 0
673 19 0 0 0 0 0 0 0
469 2 0 0 0 0 0 0 0
0 0 0 0 0 0 0 0 0
0 0 0 0 0 0 0 0 0
1156 9 0 0 0 0 0 0 0
795 0 0 0 0 0 0 0 0
849 7 0 0 0 0 0 0 0
1781 24 0 0 0 0 0 0 0
855 0 0 0 0 0 0 0 0
0 0 0 0 0 0 0 0 0
879 7 0 0 0 0 0 0 0
880 16 0 0 0 0 0 0 0
0 0 0 0 0 0 0 0 0
1727 1011 0 0 0 0 0 0 0
1238 2084 0 0 0 0 0 0 0
0 0 0 0 0 0 0 0 0
72 1320 0 0 0 0 0 0 0
6 1309 0 0 0 0 0 0 0
19 1186 0 0 0 0 0 0 0
23 1605 0 0 0 0 0 0 0
26 303 0 0 0 0 0 0 0
0 0 0 0 0 0 0 0 0
14 252 0 0 0 0 0 0 0
0 290 0 0 0 0 0 0 0
8 263 0 0 0 0 0 0 0
179 802 0 0 0 0 0 0 0
47 245 0 0 0 0 0 0 0
0 0 0 0 0 0 0 0 0
181 326 0 0 0 0 0 0 0
541 966 0 0 0 0 0 0 0
195 717 0 0 0 0 0 0 0
161 817 0 0 0 0 0 0 0
54 856 0 0 0 0 0 0 0
0 0 0 0 0 0 0 0 0
188 855 0 0 0 0 0 0 0
409 1586 0 0 0 0 0 0 0
119 464 0 0 0 0 0 0 0
90 291 0 0 0 0 0 0 0
78 150 0 0 0 0 0 0 0
0 0 0 0 0 0 0 0 0
81 90 0 0 0 0 0 0 0
13 44 0 0 0 0 0 0 0
703 139 0 0 0 0 0 0 0
398 12 0 0 0 0 0 0 0
471 3 0 0 0 0 0 0 0
0 0 0 0 0 0 0 0 0
509 24 0 0 0 0 0 0 0
526 4 0 0 0 0 0 0 0
1539 164 0 0 0 0 0 0 0
444 226 0 0 0 0 0 0 0
408 536 0 0 0 0 0 0 0
0 0 0 0 0 0 0 0 0
388 708 0 0 0 0 0 0 0
267 671 0 0 0 0 0 0 0
503 1479 0 0 0 0 0 0 0
37 105 0 0 0 0 0 0 0
25 34 0 0 0 0 0 0 0
0 0 0 0 0 0 0 0 0
24 31 0 0 0 0 0 0 0
249 78 0 0 0 0 0 0 0
13 5 0 0 0 0 0 0 0
29 8 0 0 0 0 0 0 0
22 3 0 0 0 0 0 0 0
0 0 0 0 0 0 0 0 0
11 4 0 0 0 0 0 0 0
120 18 0 0 0 0 0 0 0
93 0 0 0 0 0 0 0 0
78 3 0 0 0 0 0 0 0
49 0 0 0 0 0 0 0 0
0 0 0 0 0 0 0 0 0
46 7 0 0 0 0 0 0 0
103 2 0 0 0 0 0 0 0
15 0 0 0 0 0 0 0 0
15 0 0 0 0 0 0 0 0
34 0 0 0 0 0 0 0 0
0 0 0 0 0 0 0 0 0
45 7 0 0 0 0 0 0 0
136 0 0 0 0 0 0 0 0
58 0 0 0 0 0 0 0 0
116 45 0 0 0 0 0 0 0
75 282 0 0 0 0 0 0 0
0 0 0 0 0 0 0 0 0
60 2486 0 0 0 0 0 0 0
20 655 0 0 0 0 0 0 0
40 493 0 0 0 0 0 0 0
36 806 0 0 0 0 0 0 0
38 1147 0 0 0 0 0 0 0
0 0 0 0 0 0 0 0 0
59 1099 0 0 0 0 0 0 0
153 2363 0 0 0 0 0 0 0
143 861 0 0 0 0 0 0 0
182 828 0 0 0 0 0 0 0
159 731 0 0 0 0 0 0 0
0 0 0 0 0 0 0 0 0
154 706 0 0 0 0 0 0 0
545 1408 0 0 0 0 0 0 0
71 47 0 0 0 0 0 0 0
101 46 0 0 0 0 0 0 0
136 36 0 0 0 0 0 0 0
0 0 0 0 0 0 0 0 0
78 56 0 0 0 0 0 0 0
224 202 0 0 0 0 0 0 0
113 0 0 0 0 0 0 0 0
124 11 0 0 0 0 0 0 0
115 25 0 0 0 0 0 0 0
0 0 0 0 0 0 0 0 0
306 213 0 0 0 0 0 0 0
112 14 0 0 0 0 0 0 0
147 28 0 0 0 0 0 0 0
185 19 0 0 0 0 0 0 0
168 17 0 0 0 0 0 0 0
0 0 0 0 0 0 0 0 0
125 21 0 0 0 0 0 0 0
199 50 0 0 0 0 0 0 0
87 14 0 0 0 0 0 0 0
52 9 0 0 0 0 0 0 0
33 8 0 0 0 0 0 0 0
0 0 0 0 0 0 0 0 0
44 5 0 0 0 0 0 0 0
97 26 0 0 0 0 0 0 0
128 3 0 0 0 0 0 0 0
142 7 0 0 0 0 0 0 0
114 0 0 0 0 0 0 0 0
0 0 0 0 0 0 0 0 0
114 18 0 0 0 0 0 0 0
374 26 0 0 0 0 0 0 0
21 13 0 0 0 0 0 0 0
27 28 0 0 0 0 0 0 0
2 38 0 0 0 0 0 0 0
0 0 0 0 0 0 0 0 0
7 80 0 0 0 0 0 0 0
79 298 0 0 0 0 0 0 0
8 82 0 0 0 0 0 0 0
32 110 0 0 0 0 0 0 0
116 141 0 0 0 0 0 0 0
0 0 0 0 0 0 0 0 0
716 756 0 0 0 0 0 0 0
214 104 0 0 0 0 0 0 0
112 119 0 0 0 0 0 0 0
60 115 0 0 0 0 0 0 0
73 62 0 0 0 0 0 0 0
0 0 0 0 0 0 0 0 0
3298 15618 0 0 0 0 0 0 0
201 2720 0 0 0 0 0 0 0
47 1100 0 0 0 0 0 0 0
76 1025 0 0 0 0 0 0 0
64 1221 0 0 0 0 0 0 0
22 1526 0 0 0 0 0 0 0
0 0 0 0 0 0 0 0 0
110 3062 0 0 0 0 0 0 0
149 237 0 0 0 0 0 0 0
164 345 0 0 0 0 0 0 0
253 316 0 0 0 0 0 0 0
248 304 0 0 0 0 0 0 0
0 0 0 0 0 0 0 0 0
438 1346 0 0 0 0 0 0 0
261 277 0 0 0 0 0 0 0
175 232 0 0 0 0 0 0 0
61 232 0 0 0 0 0 0 0
247 180 0 0 0 0 0 0 0
0 0 0 0 0 0 0 0 0
429 929 0 0 0 0 0 0 0
431 113 0 0 0 0 0 0 0
446 53 0 0 0 0 0 0 0
125 47 0 0 0 0 0 0 0
138 24 0 0 0 0 0 0 0
0 0 0 0 0 0 0 0 0
243 33 0 0 0 0 0 0 0
42 3 0 0 0 0 0 0 0
57 0 0 0 0 0 0 0 0
79 0 0 0 0 0 0 0 0
61 0 0 0 0 0 0 0 0
0 0 0 0 0 0 0 0 0
90 0 0 0 0 0 0 0 0
112 8 0 0 0 0 0 0 0
197 1 0 0 0 0 0 0 0
270 11 0 0 0 0 0 0 0
412 5 0 0 0 0 0 0 0
0 0 0 0 0 0 0 0 0
559 16 0 0 0 0 0 0 0
1273 4 0 0 0 0 0 0 0
483 2 0 0 0 0 0 0 0
509 4 0 0 0 0 0 0 0
387 3 0 0 0 0 0 0 0
0 0 0 0 0 0 0 0 0
925 82 0 0 0 0 0 0 0
127 13 0 0 0 0 0 0 0
71 23 0 0 0 0 0 0 0
92 23 0 0 0 0 0 0 0
88 3 0 0 0 0 0 0 0
0 0 0 0 0 0 0 0 0
314 188 0 0 0 0 0 0 0
31 25 0 0 0 0 0 0 0
26 41 0 0 0 0 0 0 0
9 42 0 0 0 0 0 0 0
13 31 0 0 0 0 0 0 0
0 0 0 0 0 0 0 0 0
29 262 0 0 0 0 0 0 0
1 62 0 0 0 0 0 0 0
42 127 0 0 0 0 0 0 0
63 158 0 0 0 0 0 0 0
36 209 0 0 0 0 0 0 0
0 0 0 0 0 0 0 0 0
3553 19606 0 0 0 0 0 0 0
0 0 0 0 0 0 0 0 0
172 6287 0 0 0 0 0 0 0
99 3485 0 0 0 0 0 0 0
108 3786 0 0 0 0 0 0 0
76 3751 0 0 0 0 0 0 0
258 6958 0 0 0 0 0 0 0
0 0 0 0 0 0 0 0 0
145 3305 0 0 0 0 0 0 0
94 2425 0 0 0 0 0 0 0
32 2437 0 0 0 0 0 0 0
18 2749 0 0 0 0 0 0 0
72 5461 0 0 0 0 0 0 0
0 0 0 0 0 0 0 0 0
44 2665 0 0 0 0 0 0 0
90 2235 0 0 0 0 0 0 0
80 1985 0 0 0 0 0 0 0
83 1898 0 0 0 0 0 0 0
191 4004 0 0 0 0 0 0 0
0 0 0 0 0 0 0 0 0
90 1341 0 0 0 0 0 0 0
65 1151 0 0 0 0 0 0 0
28 1200 0 0 0 0 0 0 0
41 1120 0 0 0 0 0 0 0
354 2034 0 0 0 0 0 0 0
0 0 0 0 0 0 0 0 0
92 375 0 0 0 0 0 0 0
23 469 0 0 0 0 0 0 0
2 500 0 0 0 0 0 0 0
0 730 0 0 0 0 0 0 0
87 2583 0 0 0 0 0 0 0
0 0 0 0 0 0 0 0 0
5 1309 0 0 0 0 0 0 0
9 1540 0 0 0 0 0 0 0
8 1606 0 0 0 0 0 0 0
16 1621 0 0 0 0 0 0 0
22 3235 0 0 0 0 0 0 0
0 0 0 0 0 0 0 0 0
0 1153 0 0 0 0 0 0 0
9 763 0 0 0 0 0 0 0
13 665 0 0 0 0 0 0 0
34 562 0 0 0 0 0 0 0
16 1749 0 0 0 0 0 0 0
0 0 0 0 0 0 0 0 0
0 489 0 0 0 0 0 0 0
7 415 0 0 0 0 0 0 0
0 434 0 0 0 0 0 0 0
9 353 0 0 0 0 0 0 0
0 332 0 0 0 0 0 0 0
0 0 0 0 0 0 0 0 0
25 1449 0 0 0 0 0 0 0
6 164 0 0 0 0 0 0 0
4 158 0 0 0 0 0 0 0
8 90 0 0 0 0 0 0 0
15 67 0 0 0 0 0 0 0
0 0 0 0 0 0 0 0 0
24 268 0 0 0 0 0 0 0
1 5 0 0 0 0 0 0 0
12 7 0 0 0 0 0 0 0
0 2 0 0 0 0 0 0 0
22 1 0 0 0 0 0 0 0
0 0 0 0 0 0 0 0 0
174 5 0 0 0 0 0 0 0
9 6 0 0 0 0 0 0 0
7 21 0 0 0 0 0 0 0
17 36 0 0 0 0 0 0 0
16 91 0 0 0 0 0 0 0
0 0 0 0 0 0 0 0 0
19 508 0 0 0 0 0 0 0
1 279 0 0 0 0 0 0 0
9 209 0 0 0 0 0 0 0
15 207 0 0 0 0 0 0 0
29 610 0 0 0 0 0 0 0
0 0 0 0 0 0 0 0 0
94 258 0 0 0 0 0 0 0
197 263 0 0 0 0 0 0 0
280 232 0 0 0 0 0 0 0
279 126 0 0 0 0 0 0 0
351 174 0 0 0 0 0 0 0
0 0 0 0 0 0 0 0 0
23 4 0 0 0 0 0 0 0
34 5 0 0 0 0 0 0 0
25 27 0 0 0 0 0 0 0
68 51 0 0 0 0 0 0 0
217 490 0 0 0 0 0 0 0
0 0 0 0 0 0 0 0 0
21 99 0 0 0 0 0 0 0
48 103 0 0 0 0 0 0 0
112 86 0 0 0 0 0 0 0
198 87 0 0 0 0 0 0 0
168 286 0 0 0 0 0 0 0
0 0 0 0 0 0 0 0 0
33 47 0 0 0 0 0 0 0
11 40 0 0 0 0 0 0 0
25 42 0 0 0 0 0 0 0
207 49 0 0 0 0 0 0 0
739 98 0 0 0 0 0 0 0
0 0 0 0 0 0 0 0 0
543 41 0 0 0 0 0 0 0
401 49 0 0 0 0 0 0 0
451 18 0 0 0 0 0 0 0
580 33 0 0 0 0 0 0 0
1124 93 0 0 0 0 0 0 0
0 0 0 0 0 0 0 0 0
539 11 0 0 0 0 0 0 0
638 19 0 0 0 0 0 0 0
533 74 0 0 0 0 0 0 0
129 36 0 0 0 0 0 0 0
769 113 0 0 0 0 0 0 0
0 0 0 0 0 0 0 0 0
218 23 0 0 0 0 0 0 0
201 15 0 0 0 0 0 0 0
136 20 0 0 0 0 0 0 0
110 22 0 0 0 0 0 0 0
311 74 0 0 0 0 0 0 0
0 0 0 0 0 0 0 0 0
217 14 0 0 0 0 0 0 0
291 37 0 0 0 0 0 0 0
296 226 0 0 0 0 0 0 0
239 368 0 0 0 0 0 0 0
638 2192 0 0 0 0 0 0 0
0 0 0 0 0 0 0 0 0
514 1554 0 0 0 0 0 0 0
596 1649 0 0 0 0 0 0 0
388 1665 0 0 0 0 0 0 0
348 1783 0 0 0 0 0 0 0
1515 3759 0 0 0 0 0 0 0
0 0 0 0 0 0 0 0 0
647 2194 0 0 0 0 0 0 0
821 2280 0 0 0 0 0 0 0
410 2372 0 0 0 0 0 0 0
164 2632 0 0 0 0 0 0 0
766 5362 0 0 0 0 0 0 0
0 0 0 0 0 0 0 0 0
287 3118 0 0 0 0 0 0 0
172 3202 0 0 0 0 0 0 0
172 3307 0 0 0 0 0 0 0
103 3440 0 0 0 0 0 0 0
547 6755 0 0 0 0 0 0 0
0 0 0 0 0 0 0 0 0
239 4203 0 0 0 0 0 0 0
233 4544 0 0 0 0 0 0 0
421 4992 0 0 0 0 0 0 0
698 4795 0 0 0 0 0 0 0
259 3731 0 0 0 0 0 0 0
0 0 0 0 0 0 0 0 0
517 5852 0 0 0 0 0 0 0
304 768 0 0 0 0 0 0 0
311 804 0 0 0 0 0 0 0
238 2713 0 0 0 0 0 0 0
100 4418 0 0 0 0 0 0 0
0 0 0 0 0 0 0 0 0
127 8509 0 0 0 0 0 0 0
39 4428 0 0 0 0 0 0 0
255 4756 0 0 0 0 0 0 0
310 4867 0 0 0 0 0 0 0
808 7812 0 0 0 0 0 0 0
0 0 0 0 0 0 0 0 0
382 3719 0 0 0 0 0 0 0
649 3269 0 0 0 0 0 0 0
515 2895 0 0 0 0 0 0 0
529 2697 0 0 0 0 0 0 0
138 2510 0 0 0 0 0 0 0
0 0 0 0 0 0 0 0 0
284 4563 0 0 0 0 0 0 0
77 2122 0 0 0 0 0 0 0
110 2073 0 0 0 0 0 0 0
125 2235 0 0 0 0 0 0 0
113 2165 0 0 0 0 0 0 0
0 0 0 0 0 0 0 0 0
267 4353 0 0 0 0 0 0 0
44 494 0 0 0 0 0 0 0
125 123 0 0 0 0 0 0 0
187 160 0 0 0 0 0 0 0
185 502 0 0 0 0 0 0 0
0 0 0 0 0 0 0 0 0
56 24 0 0 0 0 0 0 0
78 30 0 0 0 0 0 0 0
95 27 0 0 0 0 0 0 0
114 14 0 0 0 0 0 0 0
461 196 0 0 0 0 0 0 0
0 0 0 0 0 0 0 0 0
83 11 0 0 0 0 0 0 0
36 16 0 0 0 0 0 0 0
56 69 0 0 0 0 0 0 0
22 88 0 0 0 0 0 0 0
131 298 0 0 0 0 0 0 0
0 0 0 0 0 0 0 0 0
3 9 0 0 0 0 0 0 0
1 15 0 0 0 0 0 0 0
0 16 0 0 0 0 0 0 0
0 5 0 0 0 0 0 0 0
27 173 0 0 0 0 0 0 0
0 0 0 0 0 0 0 0 0
0 15 0 0 0 0 0 0 0
4 47 0 0 0 0 0 0 0
0 31 0 0 0 0 0 0 0
1 30 0 0 0 0 0 0 0
23 116 0 0 0 0 0 0 0
0 0 0 0 0 0 0 0 0
0 25 0 0 0 0 0 0 0
24 20 0 0 0 0 0 0 0
50 52 0 0 0 0 0 0 0
53 51 0 0 0 0 0 0 0
161 200 0 0 0 0 0 0 0
0 0 0 0 0 0 0 0 0
5 4 0 0 0 0 0 0 0
11 81 0 0 0 0 0 0 0
0 120 0 0 0 0 0 0 0
7 234 0 0 0 0 0 0 0
36 566 0 0 0 0 0 0 0
0 0 0 0 0 0 0 0 0
5 58 0 0 0 0 0 0 0
3 31 0 0 0 0 0 0 0
1 39 0 0 0 0 0 0 0
0 35 0 0 0 0 0 0 0
12 225 0 0 0 0 0 0 0
0 0 0 0 0 0 0 0 0
0 11 0 0 0 0 0 0 0
3 9 0 0 0 0 0 0 0
0 5 0 0 0 0 0 0 0
2 14 0 0 0 0 0 0 0
4 170 0 0 0 0 0 0 0
0 0 0 0 0 0 0 0 0
0 0 0 0 0 0 0 0 0
0 25 0 0 0 0 0 0 0
0 35 0 0 0 0 0 0 0
0 30 0 0 0 0 0 0 0
0 311 0 0 0 0 0 0 0
0 0 0 0 0 0 0 0 0
0 1 0 0 0 0 0 0 0
0 4 0 0 0 0 0 0 0
0 11 0 0 0 0 0 0 0
0 21 0 0 0 0 0 0 0
2 190 0 0 0 0 0 0 0
0 0 0 0 0 0 0 0 0
0 36 0 0 0 0 0 0 0
2 46 0 0 0 0 0 0 0
0 37 0 0 0 0 0 0 0
0 69 0 0 0 0 0 0 0
4 414 0 0 0 0 0 0 0
0 0 0 0 0 0 0 0 0
0 18 0 0 0 0 0 0 0
0 9 0 0 0 0 0 0 0
0 6 0 0 0 0 0 0 0
0 0 0 0 0 0 0 0 0
0 44 0 0 0 0 0 0 0
0 0 0 0 0 0 0 0 0
0 12 0 0 0 0 0 0 0
1 13 0 0 0 0 0 0 0
0 5 0 0 0 0 0 0 0
0 7 0 0 0 0 0 0 0
20 30 0 0 0 0 0 0 0
0 0 0 0 0 0 0 0 0
0 7 0 0 0 0 0 0 0
0 0 0 0 0 0 0 0 0
1 9 0 0 0 0 0 0 0
0 6 0 0 0 0 0 0 0
0 4 0 0 0 0 0 0 0
0 0 0 0 0 0 0 0 0
0 14 0 0 0 0 0 0 0
0 9 0 0 0 0 0 0 0
0 12 0 0 0 0 0 0 0
0 1 0 0 0 0 0 0 0
0 8 0 0 0 0 0 0 0
0 0 0 0 0 0 0 0 0
0 18 0 0 0 0 0 0 0
0 2 0 0 0 0 0 0 0
0 8 0 0 0 0 0 0 0
0 3 0 0 0 0 0 0 0
0 8 0 0 0 0 0 0 0
0 0 0 0 0 0 0 0 0
0 40 0 0 0 0 0 0 0
0 0 0 0 0 0 0 0 0
0 15 0 0 0 0 0 0 0
0 6 0 0 0 0 0 0 0
0 31 0 0 0 0 0 0 0
0 0 0 0 0 0 0 0 0
0 0 0 0 0 0 0 0 0
0 7 0 0 0 0 0 0 0
0 15 0 0 0 0 0 0 0
7 5 0 0 0 0 0 0 0
30 12 0 0 0 0 0 0 0
0 0 0 0 0 0 0 0 0
0 10 0 0 0 0 0 0 0
0 7 0 0 0 0 0 0 0
0 0 0 0 0 0 0 0 0
0 2 0 0 0 0 0 0 0
1 30 0 0 0 0 0 0 0
0 0 0 0 0 0 0 0 0
15 2 0 0 0 0 0 0 0
17 1 0 0 0 0 0 0 0
9 0 0 0 0 0 0 0 0
0 7 0 0 0 0 0 0 0
0 23 0 0 0 0 0 0 0
0 0 0 0 0 0 0 0 0
0 0 0 0 0 0 0 0 0
2 18 0 0 0 0 0 0 0
0 9 0 0 0 0 0 0 0
1 0 0 0 0 0 0 0 0
2 107 0 0 0 0 0 0 0
0 0 0 0 0 0 0 0 0
0 5 0 0 0 0 0 0 0
0 25 0 0 0 0 0 0 0
0 4 0 0 0 0 0 0 0
2 12 0 0 0 0 0 0 0
0 63 0 0 0 0 0 0 0
0 0 0 0 0 0 0 0 0
0 1 0 0 0 0 0 0 0
0 15 0 0 0 0 0 0 0
0 29 0 0 0 0 0 0 0
0 46 0 0 0 0 0 0 0
0 548 0 0 0 0 0 0 0
0 0 0 0 0 0 0 0 0
0 60 0 0 0 0 0 0 0
4 68 0 0 0 0 0 0 0
11 53 0 0 0 0 0 0 0
0 27 0 0 0 0 0 0 0
4 144 0 0 0 0 0 0 0
0 0 0 0 0 0 0 0 0
0 1 0 0 0 0 0 0 0
0 1 0 0 0 0 0 0 0
0 11 0 0 0 0 0 0 0
0 12 0 0 0 0 0 0 0
1 51 0 0 0 0 0 0 0
0 0 0 0 0 0 0 0 0
0 14 0 0 0 0 0 0 0
1 7 0 0 0 0 0 0 0
0 6 0 0 0 0 0 0 0
0 3 0 0 0 0 0 0 0
0 3 0 0 0 0 0 0 0
0 0 0 0 0 0 0 0 0
0 0 0 0 0 0 0 0 0
0 0 0 0 0 0 0 0 0
0 0 0 0 0 0 0 0 0
8 0 0 0 0 0 0 0 0
1 0 0 0 0 0 0 0 0
0 0 0 0 0 0 0 0 0
0 13 0 0 0 0 0 0 0
0 0 0 0 0 0 0 0 0
0 3 0 0 0 0 0 0 0
4 4 0 0 0 0 0 0 0
0 3 0 0 0 0 0 0 0
0 0 0 0 0 0 0 0 0
1 45 0 0 0 0 0 0 0
0 7 0 0 0 0 0 0 0
0 2 0 0 0 0 0 0 0
0 6 0 0 0 0 0 0 0
0 14 0 0 0 0 0 0 0
0 0 0 0 0 0 0 0 0
0 120 0 0 0 0 0 0 0
0 23 0 0 0 0 0 0 0
0 20 0 0 0 0 0 0 0
0 22 0 0 0 0 0 0 0
0 7 0 0 0 0 0 0 0
0 0 0 0 0 0 0 0 0
0 19 0 0 0 0 0 0 0
0 4 0 0 0 0 0 0 0
0 24 0 0 0 0 0 0 0
0 18 0 0 0 0 0 0 0
0 111 0 0 0 0 0 0 0
0 0 0 0 0 0 0 0 0
0 13 0 0 0 0 0 0 0
0 8 0 0 0 0 0 0 0
0 24 0 0 0 0 0 0 0
0 14 0 0 0 0 0 0 0
0 157 0 0 0 0 0 0 0
0 0 0 0 0 0 0 0 0
0 21 0 0 0 0 0 0 0
0 37 0 0 0 0 0 0 0
0 43 0 0 0 0 0 0 0
0 56 0 0 0 0 0 0 0
0 94 0 0 0 0 0 0 0
0 0 0 0 0 0 0 0 0
0 31 0 0 0 0 0 0 0
0 32 0 0 0 0 0 0 0
0 10 0 0 0 0 0 0 0
0 0 0 0 0 0 0 0 0
1 90 0 0 0 0 0 0 0
0 0 0 0 0 0 0 0 0
0 3 0 0 0 0 0 0 0
0 12 0 0 0 0 0 0 0
0 44 0 0 0 0 0 0 0
0 15 0 0 0 0 0 0 0
0 21 0 0 0 0 0 0 0
0 0 0 0 0 0 0 0 0
0 47 0 0 0 0 0 0 0
0 27 0 0 0 0 0 0 0
0 0 0 0 0 0 0 0 0
0 8 0 0 0 0 0 0 0
19 57 0 0 0 0 0 0 0
0 0 0 0 0 0 0 0 0
0 0 0 0 0 0 0 0 0
0 15 0 0 0 0 0 0 0
4 30 0 0 0 0 0 0 0
0 0 0 0 0 0 0 0 0
0 1 0 0 0 0 0 0 0
0 0 0 0 0 0 0 0 0
0 12 0 0 0 0 0 0 0
0 14 0 0 0 0 0 0 0
0 0 0 0 0 0 0 0 0
0 2 0 0 0 0 0 0 0
0 63 0 0 0 0 0 0 0
0 0 0 0 0 0 0 0 0
0 0 0 0 0 0 0 0 0
0 14 0 0 0 0 0 0 0
0 67 0 0 0 0 0 0 0
3 0 0 0 0 0 0 0 0
2 0 0 0 0 0 0 0 0
0 0 0 0 0 0 0 0 0
0 74 0 0 0 0 0 0 0
0 6 0 0 0 0 0 0 0
0 14 0 0 0 0 0 0 0
0 9 0 0 0 0 0 0 0
0 30 0 0 0 0 0 0 0
0 0 0 0 0 0 0 0 0
0 19 0 0 0 0 0 0 0
0 4 0 0 0 0 0 0 0
0 27 0 0 0 0 0 0 0
0 3 0 0 0 0 0 0 0
0 0 0 0 0 0 0 0 0
0 0 0 0 0 0 0 0 0
0 53 0 0 0 0 0 0 0
0 4 0 0 0 0 0 0 0
0 4 0 0 0 0 0 0 0
0 9 0 0 0 0 0 0 0
0 88 0 0 0 0 0 0 0
0 0 0 0 0 0 0 0 0
0 2 0 0 0 0 0 0 0
0 4 0 0 0 0 0 0 0
0 35 0 0 0 0 0 0 0
0 21 0 0 0 0 0 0 0
0 15 0 0 0 0 0 0 0
0 0 0 0 0 0 0 0 0
0 15 0 0 0 0 0 0 0
0 11 0 0 0 0 0 0 0
0 15 0 0 0 0 0 0 0
0 5 0 0 0 0 0 0 0
4 17 0 0 0 0 0 0 0
0 0 0 0 0 0 0 0 0
0 0 0 0 0 0 0 0 0
0 1 0 0 0 0 0 0 0
0 4 0 0 0 0 0 0 0
0 0 0 0 0 0 0 0 0
0 17 0 0 0 0 0 0 0
0 0 0 0 0 0 0 0 0
1 0 0 0 0 0 0 0 0
8 0 0 0 0 0 0 0 0
8 5 0 0 0 0 0 0 0
8 0 0 0 0 0 0 0 0
75 7 0 0 0 0 0 0 0
0 0 0 0 0 0 0 0 0
9 5 0 0 0 0 0 0 0
12 0 0 0 0 0 0 0 0
1 0 0 0 0 0 0 0 0
0 0 0 0 0 0 0 0 0
149 17 0 0 0 0 0 0 0
0 0 0 0 0 0 0 0 0
36 9 0 0 0 0 0 0 0
42 1 0 0 0 0 0 0 0
35 16 0 0 0 0 0 0 0
21 3 0 0 0 0 0 0 0
138 79 0 0 0 0 0 0 0
0 0 0 0 0 0 0 0 0
3 15 0 0 0 0 0 0 0
1 10 0 0 0 0 0 0 0
0 15 0 0 0 0 0 0 0
0 4 0 0 0 0 0 0 0
25 7 0 0 0 0 0 0 0
0 0 0 0 0 0 0 0 0
0 0 0 0 0 0 0 0 0
2 1 0 0 0 0 0 0 0
3 0 0 0 0 0 0 0 0
0 0 0 0 0 0 0 0 0
41 6 0 0 0 0 0 0 0
0 0 0 0 0 0 0 0 0
0 0 0 0 0 0 0 0 0
9 0 0 0 0 0 0 0 0
1 12 0 0 0 0 0 0 0
1 6 0 0 0 0 0 0 0
5 1 0 0 0 0 0 0 0
0 0 0 0 0 0 0 0 0
84 69 0 0 0 0 0 0 0
1 1 0 0 0 0 0 0 0
8 0 0 0 0 0 0 0 0
1 2 0 0 0 0 0 0 0
0 0 0 0 0 0 0 0 0
0 0 0 0 0 0 0 0 0
3 13 0 0 0 0 0 0 0
0 0 0 0 0 0 0 0 0
14 2 0 0 0 0 0 0 0
0 3 0 0 0 0 0 0 0
7 22 0 0 0 0 0 0 0
0 0 0 0 0 0 0 0 0
7 649 0 0 0 0 0 0 0
2 75 0 0 0 0 0 0 0
0 157 0 0 0 0 0 0 0
0 73 0 0 0 0 0 0 0
0 60 0 0 0 0 0 0 0
0 0 0 0 0 0 0 0 0
2 372 0 0 0 0 0 0 0
0 6 0 0 0 0 0 0 0
0 32 0 0 0 0 0 0 0
0 11 0 0 0 0 0 0 0
0 18 0 0 0 0 0 0 0
0 0 0 0 0 0 0 0 0
4 28 0 0 0 0 0 0 0
0 0 0 0 0 0 0 0 0
0 0 0 0 0 0 0 0 0
0 0 0 0 0 0 0 0 0
10 0 0 0 0 0 0 0 0
0 0 0 0 0 0 0 0 0
0 18 0 0 0 0 0 0 0
0 1 0 0 0 0 0 0 0
0 12 0 0 0 0 0 0 0
0 0 0 0 0 0 0 0 0
0 8 0 0 0 0 0 0 0
0 0 0 0 0 0 0 0 0
0 23 0 0 0 0 0 0 0
1 0 0 0 0 0 0 0 0
0 0 0 0 0 0 0 0 0
0 1 0 0 0 0 0 0 0
0 1 0 0 0 0 0 0 0
0 0 0 0 0 0 0 0 0
0 0 0 0 0 0 0 0 0
0 0 0 0 0 0 0 0 0
0 2 0 0 0 0 0 0 0
2 0 0 0 0 0 0 0 0
0 31 0 0 0 0 0 0 0
0 0 0 0 0 0 0 0 0
0 13 0 0 0 0 0 0 0
0 8 0 0 0 0 0 0 0
1 21 0 0 0 0 0 0 0
0 4 0 0 0 0 0 0 0
0 103 0 0 0 0 0 0 0
0 0 0 0 0 0 0 0 0
0 0 0 0 0 0 0 0 0
0 0 0 0 0 0 0 0 0
1 11 0 0 0 0 0 0 0
0 9 0 0 0 0 0 0 0
0 53 0 0 0 0 0 0 0
0 0 0 0 0 0 0 0 0
0 8 0 0 0 0 0 0 0
0 3 0 0 0 0 0 0 0
4 4 0 0 0 0 0 0 0
1 11 0 0 0 0 0 0 0
13 160 0 0 0 0 0 0 0
0 0 0 0 0 0 0 0 0
0 6 0 0 0 0 0 0 0
0 3 0 0 0 0 0 0 0
2 9 0 0 0 0 0 0 0
0 0 0 0 0 0 0 0 0
0 24 0 0 0 0 0 0 0
0 0 0 0 0 0 0 0 0
1 8 0 0 0 0 0 0 0
3 2 0 0 0 0 0 0 0
5 5 0 0 0 0 0 0 0
0 9 0 0 0 0 0 0 0
92 3 0 0 0 0 0 0 0
0 0 0 0 0 0 0 0 0
2 2 0 0 0 0 0 0 0
24 0 0 0 0 0 0 0 0
15 0 0 0 0 0 0 0 0
13 0 0 0 0 0 0 0 0
148 0 0 0 0 0 0 0 0
0 0 0 0 0 0 0 0 0
101 0 0 0 0 0 0 0 0
99 0 0 0 0 0 0 0 0
64 0 0 0 0 0 0 0 0
1 0 0 0 0 0 0 0 0
140 12 0 0 0 0 0 0 0
0 0 0 0 0 0 0 0 0
64 7 0 0 0 0 0 0 0
36 0 0 0 0 0 0 0 0
16 5 0 0 0 0 0 0 0
0 0 0 0 0 0 0 0 0
8 2 0 0 0 0 0 0 0
0 0 0 0 0 0 0 0 0
0 2 0 0 0 0 0 0 0
0 3 0 0 0 0 0 0 0
2 1 0 0 0 0 0 0 0
0 0 0 0 0 0 0 0 0
0 0 0 0 0 0 0 0 0
0 0 0 0 0 0 0 0 0
0 0 0 0 0 0 0 0 0
0 0 0 0 0 0 0 0 0
0 0 0 0 0 0 0 0 0
0 0 0 0 0 0 0 0 0
0 0 0 0 0 0 0 0 0
0 0 0 0 0 0 0 0 0
1 3 0 0 0 0 0 0 0
0 0 0 0 0 0 0 0 0
1 2 0 0 0 0 0 0 0
0 4 0 0 0 0 0 0 0
10 4 0 0 0 0 0 0 0
0 0 0 0 0 0 0 0 0
0 99 0 0 0 0 0 0 0
0 0 0 0 0 0 0 0 0
0 2 0 0 0 0 0 0 0
0 0 0 0 0 0 0 0 0
0 0 0 0 0 0 0 0 0
0 0 0 0 0 0 0 0 0
0 1 0 0 0 0 0 0 0
0 2 0 0 0 0 0 0 0
0 0 0 0 0 0 0 0 0
0 0 0 0 0 0 0 0 0
20 0 0 0 0 0 0 0 0
0 0 0 0 0 0 0 0 0
0 3 0 0 0 0 0 0 0
0 0 0 0 0 0 0 0 0
0 6 0 0 0 0 0 0 0
0 2 0 0 0 0 0 0 0
0 10 0 0 0 0 0 0 0
0 0 0 0 0 0 0 0 0
0 3 0 0 0 0 0 0 0
0 0 0 0 0 0 0 0 0
5 2 0 0 0 0 0 0 0
0 0 0 0 0 0 0 0 0
0 5 0 0 0 0 0 0 0
0 0 0 0 0 0 0 0 0
0 0 0 0 0 0 0 0 0
0 0 0 0 0 0 0 0 0
0 0 0 0 0 0 0 0 0
0 0 0 0 0 0 0 0 0
0 1 0 0 0 0 0 0 0
0 0 0 0 0 0 0 0 0
0 4 0 0 0 0 0 0 0
2 0 0 0 0 0 0 0 0
0 5 0 0 0 0 0 0 0
0 0 0 0 0 0 0 0 0
0 21 0 0 0 0 0 0 0
0 0 0 0 0 0 0 0 0
0 10 0 0 0 0 0 0 0
0 0 0 0 0 0 0 0 0
0 20 0 0 0 0 0 0 0
0 0 0 0 0 0 0 0 0
0 19 0 0 0 0 0 0 0
0 0 0 0 0 0 0 0 0
0 3 0 0 0 0 0 0 0
0 4 0 0 0 0 0 0 0
0 13 0 0 0 0 0 0 0
0 14 0 0 0 0 0 0 0
0 114 0 0 0 0 0 0 0
0 0 0 0 0 0 0 0 0
0 16 0 0 0 0 0 0 0
0 5 0 0 0 0 0 0 0
0 3 0 0 0 0 0 0 0
0 3 0 0 0 0 0 0 0
0 7 0 0 0 0 0 0 0
0 0 0 0 0 0 0 0 0
0 0 0 0 0 0 0 0 0
0 1 0 0 0 0 0 0 0
0 0 0 0 0 0 0 0 0
0 6 0 0 0 0 0 0 0
0 83 0 0 0 0 0 0 0
0 0 0 0 0 0 0 0 0
2 7 0 0 0 0 0 0 0
0 6 0 0 0 0 0 0 0
8 26 0 0 0 0 0 0 0
0 4 0 0 0 0 0 0 0
65 243 0 0 0 0 0 0 0
0 0 0 0 0 0 0 0 0
21 4 0 0 0 0 0 0 0
53 2 0 0 0 0 0 0 0
141 26 0 0 0 0 0 0 0
227 1 0 0 0 0 0 0 0
821 6 0 0 0 0 0 0 0
0 0 0 0 0 0 0 0 0
416 3 0 0 0 0 0 0 0
377 0 0 0 0 0 0 0 0
376 1 0 0 0 0 0 0 0
401 1 0 0 0 0 0 0 0
1202 13 0 0 0 0 0 0 0
0 0 0 0 0 0 0 0 0
829 0 0 0 0 0 0 0 0
900 3 0 0 0 0 0 0 0
996 0 0 0 0 0 0 0 0
1046 0 0 0 0 0 0 0 0
2147 169 0 0 0 0 0 0 0
0 0 0 0 0 0 0 0 0
1703 21 0 0 0 0 0 0 0
1892 18 0 0 0 0 0 0 0
1667 44 0 0 0 0 0 0 0
0 0 0 0 0 0 0 0 0
2255 430 0 0 0 0 0 0 0
0 0 0 0 0 0 0 0 0
1890 819 0 0 0 0 0 0 0
258 120 0 0 0 0 0 0 0
222 83 0 0 0 0 0 0 0
119 79 0 0 0 0 0 0 0
73 91 0 0 0 0 0 0 0
0 0 0 0 0 0 0 0 0
175 664 0 0 0 0 0 0 0
45 54 0 0 0 0 0 0 0
54 53 0 0 0 0 0 0 0
29 59 0 0 0 0 0 0 0
186 916 0 0 0 0 0 0 0
0 0 0 0 0 0 0 0 0
0 0 0 0 0 0 0 0 0
344 1044 0 0 0 0 0 0 0
175 297 0 0 0 0 0 0 0
127 291 0 0 0 0 0 0 0
178 348 0 0 0 0 0 0 0
0 0 0 0 0 0 0 0 0
67 202 0 0 0 0 0 0 0
65 244 0 0 0 0 0 0 0
234 203 0 0 0 0 0 0 0
103 95 0 0 0 0 0 0 0
137 37 0 0 0 0 0 0 0
0 0 0 0 0 0 0 0 0
185 44 0 0 0 0 0 0 0
18 7 0 0 0 0 0 0 0
278 3 0 0 0 0 0 0 0
151 29 0 0 0 0 0 0 0
37 14 0 0 0 0 0 0 0
0 0 0 0 0 0 0 0 0
97 19 0 0 0 0 0 0 0
159 16 0 0 0 0 0 0 0
675 412 0 0 0 0 0 0 0
245 42 0 0 0 0 0 0 0
282 72 0 0 0 0 0 0 0
0 0 0 0 0 0 0 0 0
17 60 0 0 0 0 0 0 0
690 249 0 0 0 0 0 0 0
11 18 0 0 0 0 0 0 0
164 14 0 0 0 0 0 0 0
49 29 0 0 0 0 0 0 0
0 0 0 0 0 0 0 0 0
126 18 0 0 0 0 0 0 0
146 84 0 0 0 0 0 0 0
257 32 0 0 0 0 0 0 0
33 11 0 0 0 0 0 0 0
159 16 0 0 0 0 0 0 0
0 0 0 0 0 0 0 0 0
326 25 0 0 0 0 0 0 0
100 2 0 0 0 0 0 0 0
105 9 0 0 0 0 0 0 0
411 2 0 0 0 0 0 0 0
4 7 0 0 0 0 0 0 0
0 0 0 0 0 0 0 0 0
6 3 0 0 0 0 0 0 0
10 2 0 0 0 0 0 0 0
16 0 0 0 0 0 0 0 0
21 6 0 0 0 0 0 0 0
191 4 0 0 0 0 0 0 0
0 0 0 0 0 0 0 0 0
8 13 0 0 0 0 0 0 0
18 71 0 0 0 0 0 0 0
35 383 0 0 0 0 0 0 0
11 576 0 0 0 0 0 0 0
10 1014 0 0 0 0 0 0 0
0 0 0 0 0 0 0 0 0
26 91 0 0 0 0 0 0 0
65 101 0 0 0 0 0 0 0
94 106 0 0 0 0 0 0 0
161 111 0 0 0 0 0 0 0
311 82 0 0 0 0 0 0 0
0 0 0 0 0 0 0 0 0
815 560 0 0 0 0 0 0 0
266 58 0 0 0 0 0 0 0
253 132 0 0 0 0 0 0 0
775 773 0 0 0 0 0 0 0
378 96 0 0 0 0 0 0 0
0 0 0 0 0 0 0 0 0
504 97 0 0 0 0 0 0 0
863 109 0 0 0 0 0 0 0
1224 1344 0 0 0 0 0 0 0
335 193 0 0 0 0 0 0 0
161 229 0 0 0 0 0 0 0
0 0 0 0 0 0 0 0 0
347 452 0 0 0 0 0 0 0
478 2334 0 0 0 0 0 0 0
225 558 0 0 0 0 0 0 0
118 689 0 0 0 0 0 0 0
88 1053 0 0 0 0 0 0 0
0 0 0 0 0 0 0 0 0
82 1667 0 0 0 0 0 0 0
100 4209 0 0 0 0 0 0 0
0 0 0 0 0 0 0 0 0
132 3565 0 0 0 0 0 0 0
29 2019 0 0 0 0 0 0 0
0 0 0 0 0 0 0 0 0
60 4112 0 0 0 0 0 0 0
1 2239 0 0 0 0 0 0 0
23 2295 0 0 0 0 0 0 0
22 2120 0 0 0 0 0 0 0
139 3828 0 0 0 0 0 0 0
0 0 0 0 0 0 0 0 0
30 1447 0 0 0 0 0 0 0
30 1064 0 0 0 0 0 0 0
44 788 0 0 0 0 0 0 0
25 547 0 0 0 0 0 0 0
67 1581 0 0 0 0 0 0 0
0 0 0 0 0 0 0 0 0
14 1147 0 0 0 0 0 0 0
3 1521 0 0 0 0 0 0 0
65 2946 0 0 0 0 0 0 0
3 888 0 0 0 0 0 0 0
0 812 0 0 0 0 0 0 0
0 0 0 0 0 0 0 0 0
30 1562 0 0 0 0 0 0 0
1 33 0 0 0 0 0 0 0
20 33 0 0 0 0 0 0 0
48 15 0 0 0 0 0 0 0
214 85 0 0 0 0 0 0 0
0 0 0 0 0 0 0 0 0
26 3 0 0 0 0 0 0 0
15 4 0 0 0 0 0 0 0
38 7 0 0 0 0 0 0 0
51 266 0 0 0 0 0 0 0
1 518 0 0 0 0 0 0 0
0 0 0 0 0 0 0 0 0
4 1259 0 0 0 0 0 0 0
10 1439 0 0 0 0 0 0 0
105 3111 0 0 0 0 0 0 0
50 633 0 0 0 0 0 0 0
71 223 0 0 0 0 0 0 0
0 0 0 0 0 0 0 0 0
85 331 0 0 0 0 0 0 0
36 450 0 0 0 0 0 0 0
146 1417 0 0 0 0 0 0 0
3 371 0 0 0 0 0 0 0
7 271 0 0 0 0 0 0 0
0 0 0 0 0 0 0 0 0
28 196 0 0 0 0 0 0 0
110 503 0 0 0 0 0 0 0
11 94 0 0 0 0 0 0 0
9 376 0 0 0 0 0 0 0
104 752 0 0 0 0 0 0 0
0 0 0 0 0 0 0 0 0
284 1108 0 0 0 0 0 0 0
860 2415 0 0 0 0 0 0 0
279 770 0 0 0 0 0 0 0
357 292 0 0 0 0 0 0 0
450 245 0 0 0 0 0 0 0
0 0 0 0 0 0 0 0 0
556 305 0 0 0 0 0 0 0
1095 2113 0 0 0 0 0 0 0
334 855 0 0 0 0 0 0 0
79 577 0 0 0 0 0 0 0
174 699 0 0 0 0 0 0 0
0 0 0 0 0 0 0 0 0
226 705 0 0 0 0 0 0 0
304 1926 0 0 0 0 0 0 0
54 613 0 0 0 0 0 0 0
24 538 0 0 0 0 0 0 0
76 639 0 0 0 0 0 0 0
0 0 0 0 0 0 0 0 0
83 357 0 0 0 0 0 0 0
519 378 0 0 0 0 0 0 0
55 170 0 0 0 0 0 0 0
85 386 0 0 0 0 0 0 0
184 713 0 0 0 0 0 0 0
0 0 0 0 0 0 0 0 0
198 1118 0 0 0 0 0 0 0
134 1441 0 0 0 0 0 0 0
74 41 0 0 0 0 0 0 0
56 323 0 0 0 0 0 0 0
57 806 0 0 0 0 0 0 0
0 0 0 0 0 0 0 0 0
106 1497 0 0 0 0 0 0 0
444 2983 0 0 0 0 0 0 0
150 1967 0 0 0 0 0 0 0
181 1693 0 0 0 0 0 0 0
296 1087 0 0 0 0 0 0 0
0 0 0 0 0 0 0 0 0
340 280 0 0 0 0 0 0 0
747 143 0 0 0 0 0 0 0
143 50 0 0 0 0 0 0 0
35 23 0 0 0 0 0 0 0
39 54 0 0 0 0 0 0 0
0 0 0 0 0 0 0 0 0
37 143 0 0 0 0 0 0 0
78 1049 0 0 0 0 0 0 0
15 182 0 0 0 0 0 0 0
23 217 0 0 0 0 0 0 0
12 122 0 0 0 0 0 0 0
0 0 0 0 0 0 0 0 0
37 96 0 0 0 0 0 0 0
253 738 0 0 0 0 0 0 0
93 252 0 0 0 0 0 0 0
103 210 0 0 0 0 0 0 0
223 309 0 0 0 0 0 0 0
0 1 0 0 0 0 0 0 0
216 308 0 0 0 0 0 0 0
476 1267 0 0 0 0 0 0 0
58 361 0 0 0 0 0 0 0
3 180 0 0 0 0 0 0 0
0 351 0 0 0 0 0 0 0
0 0 0 0 0 0 0 0 0
5 617 0 0 0 0 0 0 0
109 2413 0 0 0 0 0 0 0
107 1194 0 0 0 0 0 0 0
126 1270 0 0 0 0 0 0 0
110 1334 0 0 0 0 0 0 0
0 0 0 0 0 0 0 0 0
91 1604 0 0 0 0 0 0 0
224 4002 0 0 0 0 0 0 0
48 854 0 0 0 0 0 0 0
1 590 0 0 0 0 0 0 0
0 873 0 0 0 0 0 0 0
0 0 0 0 0 0 0 0 0
0 1300 0 0 0 0 0 0 0
8 1498 0 0 0 0 0 0 0
18 3965 0 0 0 0 0 0 0
12 769 0 0 0 0 0 0 0
58 647 0 0 0 0 0 0 0
0 0 0 0 0 0 0 0 0
53 553 0 0 0 0 0 0 0
222 1407 0 0 0 0 0 0 0
91 699 0 0 0 0 0 0 0
52 1152 0 0 0 0 0 0 0
34 1589 0 0 0 0 0 0 0
0 0 0 0 0 0 0 0 0
22 1898 0 0 0 0 0 0 0
105 4853 0 0 0 0 0 0 0
27 1220 0 0 0 0 0 0 0
5 1053 0 0 0 0 0 0 0
4 1229 0 0 0 0 0 0 0
0 0 0 0 0 0 0 0 0
7 3415 0 0 0 0 0 0 0
11 2548 0 0 0 0 0 0 0
3094 18025 0 0 0 0 0 0 0
0 0 0 0 0 0 0 0 0
594 1949 0 0 0 0 0 0 0
451 2161 0 0 0 0 0 0 0
319 2729 0 0 0 0 0 0 0
101 2693 0 0 0 0 0 0 0
426 5177 0 0 0 0 0 0 0
0 0 0 0 0 0 0 0 0
185 2256 0 0 0 0 0 0 0
255 2030 0 0 0 0 0 0 0
362 1907 0 0 0 0 0 0 0
370 1549 0 0 0 0 0 0 0
340 1378 0 0 0 0 0 0 0
0 0 0 0 0 0 0 0 0
536 3081 0 0 0 0 0 0 0
78 965 0 0 0 0 0 0 0
284 862 0 0 0 0 0 0 0
440 619 0 0 0 0 0 0 0
1055 1354 0 0 0 0 0 0 0
0 0 0 0 0 0 0 0 0
817 153 0 0 0 0 0 0 0
1038 45 0 0 0 0 0 0 0
700 122 0 0 0 0 0 0 0
739 110 0 0 0 0 0 0 0
831 204 0 0 0 0 0 0 0
0 0 0 0 0 0 0 0 0
1746 1636 0 0 0 0 0 0 0
1087 532 0 0 0 0 0 0 0
880 684 0 0 0 0 0 0 0
427 677 0 0 0 0 0 0 0
851 1931 0 0 0 0 0 0 0
0 0 0 0 0 0 0 0 0
641 473 0 0 0 0 0 0 0
706 344 0 0 0 0 0 0 0
732 287 0 0 0 0 0 0 0
746 195 0 0 0 0 0 0 0
1008 602 0 0 0 0 0 0 0
0 0 0 0 0 0 0 0 0
605 31 0 0 0 0 0 0 0
490 11 0 0 0 0 0 0 0
354 7 0 0 0 0 0 0 0
57 2 0 0 0 0 0 0 0
605 177 0 0 0 0 0 0 0
0 0 0 0 0 0 0 0 0
753 17 0 0 0 0 0 0 0
828 1 0 0 0 0 0 0 0
907 32 0 0 0 0 0 0 0
719 11 0 0 0 0 0 0 0
789 133 0 0 0 0 0 0 0
0 0 0 0 0 0 0 0 0
659 3 0 0 0 0 0 0 0
348 0 0 0 0 0 0 0 0
209 2 0 0 0 0 0 0 0
283 0 0 0 0 0 0 0 0
709 10 0 0 0 0 0 0 0
0 0 0 0 0 0 0 0 0
579 2 0 0 0 0 0 0 0
478 0 0 0 0 0 0 0 0
586 2 0 0 0 0 0 0 0
600 0 0 0 0 0 0 0 0
1141 1 0 0 0 0 0 0 0
0 0 0 0 0 0 0 0 0
714 0 0 0 0 0 0 0 0
603 0 0 0 0 0 0 0 0
397 2 0 0 0 0 0 0 0
267 0 0 0 0 0 0 0 0
596 0 0 0 0 0 0 0 0
0 0 0 0 0 0 0 0 0
201 9 0 0 0 0 0 0 0
119 0 0 0 0 0 0 0 0
69 2 0 0 0 0 0 0 0
24 2 0 0 0 0 0 0 0
640 112 0 0 0 0 0 0 0
0 0 0 0 0 0 0 0 0
403 3 0 0 0 0 0 0 0
244 2 0 0 0 0 0 0 0
310 22 0 0 0 0 0 0 0
409 12 0 0 0 0 0 0 0
925 68 0 0 0 0 0 0 0
0 0 0 0 0 0 0 0 0
233 5 0 0 0 0 0 0 0
146 1 0 0 0 0 0 0 0
362 9 0 0 0 0 0 0 0
442 0 0 0 0 0 0 0 0
387 4 0 0 0 0 0 0 0
0 0 0 0 0 0 0 0 0
701 15 0 0 0 0 0 0 0
711 0 0 0 0 0 0 0 0
599 6 0 0 0 0 0 0 0
368 1 0 0 0 0 0 0 0
393 28 0 0 0 0 0 0 0
0 0 0 0 0 0 0 0 0
174 12 0 0 0 0 0 0 0
319 0 0 0 0 0 0 0 0
713 5 0 0 0 0 0 0 0
903 7 0 0 0 0 0 0 0
1153 29 0 0 0 0 0 0 0
0 0 0 0 0 0 0 0 0
699 3 0 0 0 0 0 0 0
74 0 0 0 0 0 0 0 0
41 26 0 0 0 0 0 0 0
111 0 0 0 0 0 0 0 0
151 2 0 0 0 0 0 0 0
0 0 0 0 0 0 0 0 0
553 56 0 0 0 0 0 0 0
296 0 0 0 0 0 0 0 0
176 7 0 0 0 0 0 0 0
83 12 0 0 0 0 0 0 0
462 18 0 0 0 0 0 0 0
0 0 0 0 0 0 0 0 0
328 0 0 0 0 0 0 0 0
123 0 0 0 0 0 0 0 0
146 5 0 0 0 0 0 0 0
97 0 0 0 0 0 0 0 0
247 9 0 0 0 0 0 0 0
0 0 0 0 0 0 0 0 0
29 0 0 0 0 0 0 0 0
84 0 0 0 0 0 0 0 0
244 1 0 0 0 0 0 0 0
478 0 0 0 0 0 0 0 0
505 5 0 0 0 0 0 0 0
0 0 0 0 0 0 0 0 0
79 0 0 0 0 0 0 0 0
78 0 0 0 0 0 0 0 0
456 2 0 0 0 0 0 0 0
688 7 0 0 0 0 0 0 0
862 3 0 0 0 0 0 0 0
0 0 0 0 0 0 0 0 0
722 3 0 0 0 0 0 0 0
109 0 0 0 0 0 0 0 0
197 2 0 0 0 0 0 0 0
143 0 0 0 0 0 0 0 0
447 13 0 0 0 0 0 0 0
0 0 0 0 0 0 0 0 0
349 3 0 0 0 0 0 0 0
395 0 0 0 0 0 0 0 0
587 0 0 0 0 0 0 0 0
652 0 0 0 0 0 0 0 0
1046 5 0 0 0 0 0 0 0
0 0 0 0 0 0 0 0 0
309 2 0 0 0 0 0 0 0
338 0 0 0 0 0 0 0 0
607 0 0 0 0 0 0 0 0
704 0 0 0 0 0 0 0 0
903 2 0 0 0 0 0 0 0
0 0 0 0 0 0 0 0 0
235 0 0 0 0 0 0 0 0
405 0 0 0 0 0 0 0 0
424 7 0 0 0 0 0 0 0
509 0 0 0 0 0 0 0 0
934 10 0 0 0 0 0 0 0
0 0 0 0 0 0 0 0 0
742 4 0 0 0 0 0 0 0
906 1 0 0 0 0 0 0 0
1276 0 0 0 0 0 0 0 0
1108 1 0 0 0 0 0 0 0
724 4 0 0 0 0 0 0 0
0 0 0 0 0 0 0 0 0
570 0 0 0 0 0 0 0 0
63 0 0 0 0 0 0 0 0
94 2 0 0 0 0 0 0 0
212 0 0 0 0 0 0 0 0
117 0 0 0 0 0 0 0 0
0 0 0 0 0 0 0 0 0
147 3 0 0 0 0 0 0 0
121 3 0 0 0 0 0 0 0
96 0 0 0 0 0 0 0 0
186 0 0 0 0 0 0 0 0
58 3 0 0 0 0 0 0 0
0 0 0 0 0 0 0 0 0
147 1 0 0 0 0 0 0 0
122 0 0 0 0 0 0 0 0
124 5 0 0 0 0 0 0 0
74 0 0 0 0 0 0 0 0
79 2 0 0 0 0 0 0 0
0 0 0 0 0 0 0 0 0
13 12 0 0 0 0 0 0 0
85 3 0 0 0 0 0 0 0
142 3 0 0 0 0 0 0 0
261 0 0 0 0 0 0 0 0
546 12 0 0 0 0 0 0 0
0 0 0 0 0 0 0 0 0
509 4 0 0 0 0 0 0 0
641 4 0 0 0 0 0 0 0
909 10 0 0 0 0 0 0 0
1233 44 0 0 0 0 0 0 0
754 1 0 0 0 0 0 0 0
0 0 0 0 0 0 0 0 0
460 13 0 0 0 0 0 0 0
421 9 0 0 0 0 0 0 0
614 16 0 0 0 0 0 0 0
870 65 0 0 0 0 0 0 0
281 5 0 0 0 0 0 0 0
0 0 0 0 0 0 0 0 0
600 28 0 0 0 0 0 0 0
552 4 0 0 0 0 0 0 0
313 25 0 0 0 0 0 0 0
736 2 0 0 0 0 0 0 0
1543 86 0 0 0 0 0 0 0
0 0 0 0 0 0 0 0 0
1020 2 0 0 0 0 0 0 0
866 1 0 0 0 0 0 0 0
795 12 0 0 0 0 0 0 0
702 0 0 0 0 0 0 0 0
944 15 0 0 0 0 0 0 0
0 0 0 0 0 0 0 0 0
623 3 0 0 0 0 0 0 0
459 0 0 0 0 0 0 0 0
384 1 0 0 0 0 0 0 0
299 0 0 0 0 0 0 0 0
438 13 0 0 0 0 0 0 0
0 0 0 0 0 0 0 0 0
269 0 0 0 0 0 0 0 0
227 0 0 0 0 0 0 0 0
164 4 0 0 0 0 0 0 0
106 0 0 0 0 0 0 0 0
328 14 0 0 0 0 0 0 0
0 0 0 0 0 0 0 0 0
322 1 0 0 0 0 0 0 0
281 0 0 0 0 0 0 0 0
461 0 0 0 0 0 0 0 0
659 1 0 0 0 0 0 0 0
568 2 0 0 0 0 0 0 0
0 0 0 0 0 0 0 0 0
446 4 0 0 0 0 0 0 0
424 0 0 0 0 0 0 0 0
478 2 0 0 0 0 0 0 0
721 4 0 0 0 0 0 0 0
463 0 0 0 0 0 0 0 0
0 0 0 0 0 0 0 0 0
405 0 0 0 0 0 0 0 0
382 3 0 0 0 0 0 0 0
473 1 0 0 0 0 0 0 0
763 1 0 0 0 0 0 0 0
483 0 0 0 0 0 0 0 0
0 0 0 0 0 0 0 0 0
297 1 0 0 0 0 0 0 0
47 0 0 0 0 0 0 0 0
40 0 0 0 0 0 0 0 0
260 0 0 0 0 0 0 0 0
103 0 0 0 0 0 0 0 0
0 0 0 0 0 0 0 0 0
60 0 0 0 0 0 0 0 0
55 1 0 0 0 0 0 0 0
118 0 0 0 0 0 0 0 0
525 8 0 0 0 0 0 0 0
341 0 0 0 0 0 0 0 0
0 0 0 0 0 0 0 0 0
392 0 0 0 0 0 0 0 0
328 0 0 0 0 0 0 0 0
91 0 0 0 0 0 0 0 0
63 7 0 0 0 0 0 0 0
40 0 0 0 0 0 0 0 0
0 0 0 0 0 0 0 0 0
292 0 0 0 0 0 0 0 0
0 0 0 0 0 0 0 0 0
612 0 0 0 0 0 0 0 0
478 0 0 0 0 0 0 0 0
417 0 0 0 0 0 0 0 0
0 0 0 0 0 0 0 0 0
676 0 0 0 0 0 0 0 0
255 0 0 0 0 0 0 0 0
161 0 0 0 0 0 0 0 0
100 0 0 0 0 0 0 0 0
178 0 0 0 0 0 0 0 0
0 0 0 0 0 0 0 0 0
625 0 0 0 0 0 0 0 0
318 0 0 0 0 0 0 0 0
181 0 0 0 0 0 0 0 0
128 4 0 0 0 0 0 0 0
0 0 0 0 0 0 0 0 0
0 0 0 0 0 0 0 0 0
388 3 0 0 0 0 0 0 0
40 0 0 0 0 0 0 0 0
194 0 0 0 0 0 0 0 0
296 0 0 0 0 0 0 0 0
756 0 0 0 0 0 0 0 0
0 0 0 0 0 0 0 0 0
589 0 0 0 0 0 0 0 0
605 0 0 0 0 0 0 0 0
298 0 0 0 0 0 0 0 0
567 0 0 0 0 0 0 0 0
766 0 0 0 0 0 0 0 0
0 0 0 0 0 0 0 0 0
419 0 0 0 0 0 0 0 0
528 0 0 0 0 0 0 0 0
587 0 0 0 0 0 0 0 0
544 0 0 0 0 0 0 0 0
442 0 0 0 0 0 0 0 0
0 0 0 0 0 0 0 0 0
0 0 0 0 0 0 0 0 0
0 0 0 0 0 0 0 0 0
0 0 0 0 0 0 0 0 0
0 0 0 0 0 0 0 0 0
0 0 0 0 0 0 0 0 0
0 0 0 0 0 0 0 0 0
1397 7 0 0 0 0 0 0 0
258 0 0 0 0 0 0 0 0
342 0 0 0 0 0 0 0 0
368 0 0 0 0 0 0 0 0
680 5 0 0 0 0 0 0 0
0 0 0 0 0 0 0 0 0
248 1 0 0 0 0 0 0 0
86 0 0 0 0 0 0 0 0
203 0 0 0 0 0 0 0 0
184 1 0 0 0 0 0 0 0
611 12 0 0 0 0 0 0 0
0 0 0 0 0 0 0 0 0
299 4 0 0 0 0 0 0 0
264 0 0 0 0 0 0 0 0
327 24 0 0 0 0 0 0 0
215 4 0 0 0 0 0 0 0
480 304 0 0 0 0 0 0 0
0 0 0 0 0 0 0 0 0
101 123 0 0 0 0 0 0 0
42 160 0 0 0 0 0 0 0
75 211 0 0 0 0 0 0 0
57 235 0 0 0 0 0 0 0
152 817 0 0 0 0 0 0 0
0 0 0 0 0 0 0 0 0
69 311 0 0 0 0 0 0 0
113 312 0 0 0 0 0 0 0
228 330 0 0 0 0 0 0 0
260 254 0 0 0 0 0 0 0
397 740 0 0 0 0 0 0 0
0 0 0 0 0 0 0 0 0
85 239 0 0 0 0 0 0 0
142 240 0 0 0 0 0 0 0
222 255 0 0 0 0 0 0 0
164 155 0 0 0 0 0 0 0
149 549 0 0 0 0 0 0 0
0 0 0 0 0 0 0 0 0
44 97 0 0 0 0 0 0 0
56 65 0 0 0 0 0 0 0
167 58 0 0 0 0 0 0 0
154 19 0 0 0 0 0 0 0
566 128 0 0 0 0 0 0 0
0 0 0 0 0 0 0 0 0
206 3 0 0 0 0 0 0 0
112 1 0 0 0 0 0 0 0
64 21 0 0 0 0 0 0 0
33 2 0 0 0 0 0 0 0
7 0 0 0 0 0 0 0 0
0 0 0 0 0 0 0 0 0
215 9 0 0 0 0 0 0 0
4 0 0 0 0 0 0 0 0
41 4 0 0 0 0 0 0 0
158 3 0 0 0 0 0 0 0
210 0 0 0 0 0 0 0 0
0 0 0 0 0 0 0 0 0
256 0 0 0 0 0 0 0 0
21 0 0 0 0 0 0 0 0
60 0 0 0 0 0 0 0 0
111 0 0 0 0 0 0 0 0
895 5 0 0 0 0 0 0 0
0 0 0 0 0 0 0 0 0
651 0 0 0 0 0 0 0 0
646 0 0 0 0 0 0 0 0
518 0 0 0 0 0 0 0 0
266 0 0 0 0 0 0 0 0
560 0 0 0 0 0 0 0 0
0 0 0 0 0 0 0 0 0
268 0 0 0 0 0 0 0 0
216 0 0 0 0 0 0 0 0
255 0 0 0 0 0 0 0 0
273 0 0 0 0 0 0 0 0
533 0 0 0 0 0 0 0 0
0 0 0 0 0 0 0 0 0
190 0 0 0 0 0 0 0 0
125 0 0 0 0 0 0 0 0
68 0 0 0 0 0 0 0 0
37 2 0 0 0 0 0 0 0
326 0 0 0 0 0 0 0 0
0 0 0 0 0 0 0 0 0
159 0 0 0 0 0 0 0 0
163 0 0 0 0 0 0 0 0
251 3 0 0 0 0 0 0 0
210 1 0 0 0 0 0 0 0
253 2 0 0 0 0 0 0 0
0 0 0 0 0 0 0 0 0
4 0 0 0 0 0 0 0 0
45 0 0 0 0 0 0 0 0
114 0 0 0 0 0 0 0 0
172 0 0 0 0 0 0 0 0
664 9 0 0 0 0 0 0 0
0 0 0 0 0 0 0 0 0
427 16 0 0 0 0 0 0 0
430 0 0 0 0 0 0 0 0
371 7 0 0 0 0 0 0 0
191 0 0 0 0 0 0 0 0
713 11 0 0 0 0 0 0 0
0 0 0 0 0 0 0 0 0
166 0 0 0 0 0 0 0 0
243 0 0 0 0 0 0 0 0
210 1 0 0 0 0 0 0 0
192 0 0 0 0 0 0 0 0
418 5 0 0 0 0 0 0 0
0 0 0 0 0 0 0 0 0
93 0 0 0 0 0 0 0 0
109 0 0 0 0 0 0 0 0
172 7 0 0 0 0 0 0 0
143 7 0 0 0 0 0 0 0
146 27 0 0 0 0 0 0 0
0 0 0 0 0 0 0 0 0
451 522 0 0 0 0 0 0 0
421 298 0 0 0 0 0 0 0
509 566 0 0 0 0 0 0 0
530 622 0 0 0 0 0 0 0
584 715 0 0 0 0 0 0 0
0 0 0 0 0 0 0 0 0
1304 1713 0 0 0 0 0 0 0
735 600 0 0 0 0 0 0 0
1114 641 0 0 0 0 0 0 0
1395 616 0 0 0 0 0 0 0
2128 2048 0 0 0 0 0 0 0
0 0 0 0 0 0 0 0 0
1081 661 0 0 0 0 0 0 0
1074 514 0 0 0 0 0 0 0
1041 658 0 0 0 0 0 0 0
654 445 0 0 0 0 0 0 0
576 1550 0 0 0 0 0 0 0
0 0 0 0 0 0 0 0 0
80 385 0 0 0 0 0 0 0
19 316 0 0 0 0 0 0 0
21 292 0 0 0 0 0 0 0
80 221 0 0 0 0 0 0 0
151 616 0 0 0 0 0 0 0
0 0 0 0 0 0 0 0 0
303 62 0 0 0 0 0 0 0
241 26 0 0 0 0 0 0 0
28 34 0 0 0 0 0 0 0
9 6 0 0 0 0 0 0 0
287 291 0 0 0 0 0 0 0
0 0 0 0 0 0 0 0 0
306 42 0 0 0 0 0 0 0
387 41 0 0 0 0 0 0 0
346 115 0 0 0 0 0 0 0
62 64 0 0 0 0 0 0 0
516 439 0 0 0 0 0 0 0
0 0 0 0 0 0 0 0 0
100 32 0 0 0 0 0 0 0
154 33 0 0 0 0 0 0 0
264 131 0 0 0 0 0 0 0
174 138 0 0 0 0 0 0 0
55 192 0 0 0 0 0 0 0
0 0 0 0 0 0 0 0 0
245 1344 0 0 0 0 0 0 0
122 174 0 0 0 0 0 0 0
133 214 0 0 0 0 0 0 0
302 608 0 0 0 0 0 0 0
47 48 0 0 0 0 0 0 0
0 0 0 0 0 0 0 0 0
86 26 0 0 0 0 0 0 0
40 12 0 0 0 0 0 0 0
44 1 0 0 0 0 0 0 0
232 1 0 0 0 0 0 0 0
28 2 0 0 0 0 0 0 0
0 0 0 0 0 0 0 0 0
70 2 0 0 0 0 0 0 0
12 0 0 0 0 0 0 0 0
148 66 0 0 0 0 0 0 0
393 246 0 0 0 0 0 0 0
163 11 0 0 0 0 0 0 0
0 0 0 0 0 0 0 0 0
216 36 0 0 0 0 0 0 0
302 3 0 0 0 0 0 0 0
354 45 0 0 0 0 0 0 0
572 71 0 0 0 0 0 0 0
187 0 0 0 0 0 0 0 0
0 0 0 0 0 0 0 0 0
146 0 0 0 0 0 0 0 0
124 0 0 0 0 0 0 0 0
172 0 0 0 0 0 0 0 0
131 0 0 0 0 0 0 0 0
515 56 0 0 0 0 0 0 0
0 0 0 0 0 0 0 0 0
324 14 0 0 0 0 0 0 0
270 3 0 0 0 0 0 0 0
393 3 0 0 0 0 0 0 0
788 0 0 0 0 0 0 0 0
1267 59 0 0 0 0 0 0 0
0 0 0 0 0 0 0 0 0
661 39 0 0 0 0 0 0 0
400 42 0 0 0 0 0 0 0
274 89 0 0 0 0 0 0 0
873 318 0 0 0 0 0 0 0
329 18 0 0 0 0 0 0 0
0 0 0 0 0 0 0 0 0
191 37 0 0 0 0 0 0 0
104 12 0 0 0 0 0 0 0
75 39 0 0 0 0 0 0 0
61 5 0 0 0 0 0 0 0
523 43 0 0 0 0 0 0 0
0 0 0 0 0 0 0 0 0
195 6 0 0 0 0 0 0 0
436 12 0 0 0 0 0 0 0
547 31 0 0 0 0 0 0 0
527 14 0 0 0 0 0 0 0
887 67 0 0 0 0 0 0 0
0 0 0 0 0 0 0 0 0
80 0 0 0 0 0 0 0 0
36 2 0 0 0 0 0 0 0
51 32 0 0 0 0 0 0 0
12 17 0 0 0 0 0 0 0
203 631 0 0 0 0 0 0 0
3440 3766 0 0 0 0 0 0 0
770 89 0 0 0 0 0 0 0
0 0 0 0 0 0 0 0 0
460 5 0 0 0 0 0 0 0
368 4 0 0 0 0 0 0 0
407 18 0 0 0 0 0 0 0
416 0 0 0 0 0 0 0 0
817 77 0 0 0 0 0 0 0
0 0 0 0 0 0 0 0 0
257 0 0 0 0 0 0 0 0
249 25 0 0 0 0 0 0 0
302 2 0 0 0 0 0 0 0
751 14 0 0 0 0 0 0 0
397 0 0 0 0 0 0 0 0
0 0 0 0 0 0 0 0 0
366 11 0 0 0 0 0 0 0
324 0 0 0 0 0 0 0 0
379 1 0 0 0 0 0 0 0
536 5 0 0 0 0 0 0 0
106 0 0 0 0 0 0 0 0
0 0 0 0 0 0 0 0 0
35 7 0 0 0 0 0 0 0
17 0 0 0 0 0 0 0 0
106 0 0 0 0 0 0 0 0
385 8 0 0 0 0 0 0 0
170 0 0 0 0 0 0 0 0
0 0 0 0 0 0 0 0 0
104 0 0 0 0 0 0 0 0
79 0 0 0 0 0 0 0 0
32 0 0 0 0 0 0 0 0
482 8 0 0 0 0 0 0 0
122 0 0 0 0 0 0 0 0
0 0 0 0 0 0 0 0 0
26 0 0 0 0 0 0 0 0
18 31 0 0 0 0 0 0 0
116 40 0 0 0 0 0 0 0
161 0 0 0 0 0 0 0 0
510 39 0 0 0 0 0 0 0
0 0 0 0 0 0 0 0 0
248 26 0 0 0 0 0 0 0
214 12 0 0 0 0 0 0 0
270 21 0 0 0 0 0 0 0
240 46 0 0 0 0 0 0 0
550 100 0 0 0 0 0 0 0
0 0 0 0 0 0 0 0 0
273 26 0 0 0 0 0 0 0
270 11 0 0 0 0 0 0 0
254 34 0 0 0 0 0 0 0
223 11 0 0 0 0 0 0 0
545 104 0 0 0 0 0 0 0
0 0 0 0 0 0 0 0 0
227 15 0 0 0 0 0 0 0
186 24 0 0 0 0 0 0 0
179 38 0 0 0 0 0 0 0
519 71 0 0 0 0 0 0 0
236 8 0 0 0 0 0 0 0
0 0 0 0 0 0 0 0 0
230 40 0 0 0 0 0 0 0
314 6 0 0 0 0 0 0 0
388 56 0 0 0 0 0 0 0
808 102 0 0 0 0 0 0 0
433 22 0 0 0 0 0 0 0
0 0 0 0 0 0 0 0 0
358 77 0 0 0 0 0 0 0
162 32 0 0 0 0 0 0 0
289 70 0 0 0 0 0 0 0
694 158 0 0 0 0 0 0 0
149 2 0 0 0 0 0 0 0
0 0 0 0 0 0 0 0 0
202 38 0 0 0 0 0 0 0
152 0 0 0 0 0 0 0 0
157 25 0 0 0 0 0 0 0
269 123 0 0 0 0 0 0 0
63 19 0 0 0 0 0 0 0
0 0 0 0 0 0 0 0 0
174 33 0 0 0 0 0 0 0
190 9 0 0 0 0 0 0 0
195 50 0 0 0 0 0 0 0
393 130 0 0 0 0 0 0 0
180 28 0 0 0 0 0 0 0
0 0 0 0 0 0 0 0 0
188 43 0 0 0 0 0 0 0
95 19 0 0 0 0 0 0 0
42 49 0 0 0 0 0 0 0
55 188 0 0 0 0 0 0 0
12 85 0 0 0 0 0 0 0
0 0 0 0 0 0 0 0 0
0 84 0 0 0 0 0 0 0
2 89 0 0 0 0 0 0 0
14 175 0 0 0 0 0 0 0
112 460 0 0 0 0 0 0 0
71 125 0 0 0 0 0 0 0
0 0 0 0 0 0 0 0 0
123 178 0 0 0 0 0 0 0
113 156 0 0 0 0 0 0 0
133 168 0 0 0 0 0 0 0
150 187 0 0 0 0 0 0 0
445 448 0 0 0 0 0 0 0
0 0 0 0 0 0 0 0 0
229 43 0 0 0 0 0 0 0
252 32 0 0 0 0 0 0 0
318 49 0 0 0 0 0 0 0
371 67 0 0 0 0 0 0 0
0 0 0 0 0 0 0 0 0
0 0 0 0 0 0 0 0 0
0 0 0 0 0 0 0 0 0
0 0 0 0 0 0 0 0 0
0 0 0 0 0 0 0 0 0
0 0 0 0 0 0 0 0 0
1902 3115 0 0 0 0 0 0 0
0 0 0 0 0 0 0 0 0
657 69 0 0 0 0 0 0 0
331 76 0 0 0 0 0 0 0
243 49 0 0 0 0 0 0 0
535 103 0 0 0 0 0 0 0
240 5 0 0 0 0 0 0 0
0 0 0 0 0 0 0 0 0
273 20 0 0 0 0 0 0 0
319 16 0 0 0 0 0 0 0
382 8 0 0 0 0 0 0 0
383 8 0 0 0 0 0 0 0
351 2 0 0 0 0 0 0 0
0 0 0 0 0 0 0 0 0
533 21 0 0 0 0 0 0 0
88 6 0 0 0 0 0 0 0
142 13 0 0 0 0 0 0 0
194 22 0 0 0 0 0 0 0
184 55 0 0 0 0 0 0 0
0 0 0 0 0 0 0 0 0
231 29 0 0 0 0 0 0 0
815 74 0 0 0 0 0 0 0
399 68 0 0 0 0 0 0 0
493 25 0 0 0 0 0 0 0
620 0 0 0 0 0 0 0 0
0 0 0 0 0 0 0 0 0
784 13 0 0 0 0 0 0 0
700 14 0 0 0 0 0 0 0
646 23 0 0 0 0 0 0 0
711 4 0 0 0 0 0 0 0
1094 94 0 0 0 0 0 0 0
0 0 0 0 0 0 0 0 0
253 18 0 0 0 0 0 0 0
275 0 0 0 0 0 0 0 0
349 15 0 0 0 0 0 0 0
734 36 0 0 0 0 0 0 0
241 0 0 0 0 0 0 0 0
0 0 0 0 0 0 0 0 0
460 10 0 0 0 0 0 0 0
571 0 0 0 0 0 0 0 0
439 6 0 0 0 0 0 0 0
285 0 0 0 0 0 0 0 0
1201 0 0 0 0 0 0 0 0
0 0 0 0 0 0 0 0 0
0 0 0 0 0 0 0 0 0
0 0 0 0 0 0 0 0 0
0 0 0 0 0 0 0 0 0
0 0 0 0 0 0 0 0 0
0 0 0 0 0 0 0 0 0
0 0 0 0 0 0 0 0 0
0 0 0 0 0 0 0 0 0
0 0 0 0 0 0 0 0 0
0 0 0 0 0 0 0 0 0
0 0 0 0 0 0 0 0 0
0 0 0 0 0 0 0 0 0
0 0 0 0 0 0 0 0 0
0 0 0 0 0 0 0 0 0
2518 575 0 0 0 0 0 0 0
102 0 0 0 0 0 0 0 0
266 0 0 0 0 0 0 0 0
69 0 0 0 0 0 0 0 0
0 0 0 0 0 0 0 0 0
128 2 0 0 0 0 0 0 0
105 2 0 0 0 0 0 0 0
201 1 0 0 0 0 0 0 0
171 0 0 0 0 0 0 0 0
643 0 0 0 0 0 0 0 0
0 0 0 0 0 0 0 0 0
438 0 0 0 0 0 0 0 0
0 0 0 0 0 0 0 0 0
854 0 0 0 0 0 0 0 0
256 0 0 0 0 0 0 0 0
587 0 0 0 0 0 0 0 0
0 0 0 0 0 0 0 0 0
229 0 0 0 0 0 0 0 0
151 0 0 0 0 0 0 0 0
40 0 0 0 0 0 0 0 0
21 0 0 0 0 0 0 0 0
55 0 0 0 0 0 0 0 0
0 0 0 0 0 0 0 0 0
201 0 0 0 0 0 0 0 0
115 0 0 0 0 0 0 0 0
89 0 0 0 0 0 0 0 0
117 0 0 0 0 0 0 0 0
172 0 0 0 0 0 0 0 0
0 0 0 0 0 0 0 0 0
218 0 0 0 0 0 0 0 0
445 0 0 0 0 0 0 0 0
104 0 0 0 0 0 0 0 0
204 0 0 0 0 0 0 0 0
41 0 0 0 0 0 0 0 0
0 0 0 0 0 0 0 0 0
79 3 0 0 0 0 0 0 0
76 3 0 0 0 0 0 0 0
106 0 0 0 0 0 0 0 0
463 0 0 0 0 0 0 0 0
52 0 0 0 0 0 0 0 0
0 0 0 0 0 0 0 0 0
72 5 0 0 0 0 0 0 0
187 1 0 0 0 0 0 0 0
350 2 0 0 0 0 0 0 0
845 3 0 0 0 0 0 0 0
344 0 0 0 0 0 0 0 0
0 0 0 0 0 0 0 0 0
341 15 0 0 0 0 0 0 0
294 1 0 0 0 0 0 0 0
291 2 0 0 0 0 0 0 0
476 2 0 0 0 0 0 0 0
337 0 0 0 0 0 0 0 0
0 0 0 0 0 0 0 0 0
339 12 0 0 0 0 0 0 0
260 0 0 0 0 0 0 0 0
386 2 0 0 0 0 0 0 0
648 0 0 0 0 0 0 0 0
94 1 0 0 0 0 0 0 0
0 0 0 0 0 0 0 0 0
121 3 0 0 0 0 0 0 0
37 0 0 0 0 0 0 0 0
118 5 0 0 0 0 0 0 0
105 0 0 0 0 0 0 0 0
56 1 0 0 0 0 0 0 0
0 0 0 0 0 0 0 0 0
2 0 0 0 0 0 0 0 0
3 0 0 0 0 0 0 0 0
7 0 0 0 0 0 0 0 0
64 0 0 0 0 0 0 0 0
3 0 0 0 0 0 0 0 0
0 0 0 0 0 0 0 0 0
2 8 0 0 0 0 0 0 0
0 0 0 0 0 0 0 0 0
173 1 0 0 0 0 0 0 0
76 0 0 0 0 0 0 0 0
117 0 0 0 0 0 0 0 0
0 0 0 0 0 0 0 0 0
131 0 0 0 0 0 0 0 0
109 0 0 0 0 0 0 0 0
332 17 0 0 0 0 0 0 0
53 0 0 0 0 0 0 0 0
138 0 0 0 0 0 0 0 0
0 0 0 0 0 0 0 0 0
97 12 0 0 0 0 0 0 0
409 0 0 0 0 0 0 0 0
64 1 0 0 0 0 0 0 0
73 1 0 0 0 0 0 0 0
158 0 0 0 0 0 0 0 0
0 0 0 0 0 0 0 0 0
182 2 0 0 0 0 0 0 0
117 0 0 0 0 0 0 0 0
60 1 0 0 0 0 0 0 0
53 0 0 0 0 0 0 0 0
0 0 0 0 0 0 0 0 0
0 0 0 0 0 0 0 0 0
42 0 0 0 0 0 0 0 0
31 0 0 0 0 0 0 0 0
436 0 0 0 0 0 0 0 0
0 0 0 0 0 0 0 0 0
197 0 0 0 0 0 0 0 0
0 0 0 0 0 0 0 0 0
498 0 0 0 0 0 0 0 0
130 0 0 0 0 0 0 0 0
154 0 0 0 0 0 0 0 0
115 0 0 0 0 0 0 0 0
207 0 0 0 0 0 0 0 0
0 0 0 0 0 0 0 0 0
233 0 0 0 0 0 0 0 0
198 0 0 0 0 0 0 0 0
603 0 0 0 0 0 0 0 0
804 0 0 0 0 0 0 0 0
415 0 0 0 0 0 0 0 0
0 0 0 0 0 0 0 0 0
382 0 0 0 0 0 0 0 0
417 0 0 0 0 0 0 0 0
388 0 0 0 0 0 0 0 0
22 0 0 0 0 0 0 0 0
16 0 0 0 0 0 0 0 0
0 0 0 0 0 0 0 0 0
191 0 0 0 0 0 0 0 0
174 0 0 0 0 0 0 0 0
348 1 0 0 0 0 0 0 0
411 0 0 0 0 0 0 0 0
132 0 0 0 0 0 0 0 0
0 0 0 0 0 0 0 0 0
127 0 0 0 0 0 0 0 0
143 1 0 0 0 0 0 0 0
441 0 0 0 0 0 0 0 0
43 0 0 0 0 0 0 0 0
0 0 0 0 0 0 0 0 0
0 0 0 0 0 0 0 0 0
241 0 0 0 0 0 0 0 0
305 0 0 0 0 0 0 0 0
38 0 0 0 0 0 0 0 0
21 0 0 0 0 0 0 0 0
12 0 0 0 0 0 0 0 0
0 0 0 0 0 0 0 0 0
286 0 0 0 0 0 0 0 0
20 0 0 0 0 0 0 0 0
0 0 0 0 0 0 0 0 0
259 0 0 0 0 0 0 0 0
400 0 0 0 0 0 0 0 0
0 0 0 0 0 0 0 0 0
503 0 0 0 0 0 0 0 0
434 0 0 0 0 0 0 0 0
285 0 0 0 0 0 0 0 0
291 0 0 0 0 0 0 0 0
1372 0 0 0 0 0 0 0 0
0 0 0 0 0 0 0 0 0
0 0 0 0 0 0 0 0 0
1086 0 0 0 0 0 0 0 0
613 4 0 0 0 0 0 0 0
594 3 0 0 0 0 0 0 0
674 0 0 0 0 0 0 0 0
0 0 0 0 0 0 0 0 0
506 0 0 0 0 0 0 0 0
519 4 0 0 0 0 0 0 0
213 0 0 0 0 0 0 0 0
723 3 0 0 0 0 0 0 0
475 1 0 0 0 0 0 0 0
0 0 0 0 0 0 0 0 0
396 0 0 0 0 0 0 0 0
149 1 0 0 0 0 0 0 0
85 0 0 0 0 0 0 0 0
558 13 0 0 0 0 0 0 0
226 0 0 0 0 0 0 0 0
0 0 0 0 0 0 0 0 0
433 0 0 0 0 0 0 0 0
654 2 0 0 0 0 0 0 0
481 1 0 0 0 0 0 0 0
748 5 0 0 0 0 0 0 0
637 2 0 0 0 0 0 0 0
0 0 0 0 0 0 0 0 0
781 0 0 0 0 0 0 0 0
601 2 0 0 0 0 0 0 0
95 1 0 0 0 0 0 0 0
821 7 0 0 0 0 0 0 0
384 1 0 0 0 0 0 0 0
0 0 0 0 0 0 0 0 0
295 0 0 0 0 0 0 0 0
139 0 0 0 0 0 0 0 0
497 4 0 0 0 0 0 0 0
836 0 0 0 0 0 0 0 0
1070 10 0 0 0 0 0 0 0
0 0 0 0 0 0 0 0 0
448 13 0 0 0 0 0 0 0
417 1 0 0 0 0 0 0 0
174 6 0 0 0 0 0 0 0
580 5 0 0 0 0 0 0 0
357 0 0 0 0 0 0 0 0
0 0 0 0 0 0 0 0 0
339 0 0 0 0 0 0 0 0
165 1 0 0 0 0 0 0 0
157 1 0 0 0 0 0 0 0
504 0 0 0 0 0 0 0 0
293 1 0 0 0 0 0 0 0
0 0 0 0 0 0 0 0 0
360 0 0 0 0 0 0 0 0
404 0 0 0 0 0 0 0 0
0 0 0 0 0 0 0 0 0
1060 0 0 0 0 0 0 0 0
284 0 0 0 0 0 0 0 0
0 0 0 0 0 0 0 0 0
150 0 0 0 0 0 0 0 0
381 0 0 0 0 0 0 0 0
400 0 0 0 0 0 0 0 0
351 0 0 0 0 0 0 0 0
405 0 0 0 0 0 0 0 0
0 0 0 0 0 0 0 0 0
239 0 0 0 0 0 0 0 0
16 0 0 0 0 0 0 0 0
148 1 0 0 0 0 0 0 0
310 0 0 0 0 0 0 0 0
209 0 0 0 0 0 0 0 0
0 0 0 0 0 0 0 0 0
0 0 0 0 0 0 0 0 0
550 0 0 0 0 0 0 0 0
405 1 0 0 0 0 0 0 0
344 0 0 0 0 0 0 0 0
314 1 0 0 0 0 0 0 0
0 0 0 0 0 0 0 0 0
148 9 0 0 0 0 0 0 0
165 0 0 0 0 0 0 0 0
80 1 0 0 0 0 0 0 0
8 0 0 0 0 0 0 0 0
63 5 0 0 0 0 0 0 0
0 0 0 0 0 0 0 0 0
64 0 0 0 0 0 0 0 0
25 2 0 0 0 0 0 0 0
0 0 0 0 0 0 0 0 0
295 3 0 0 0 0 0 0 0
6 0 0 0 0 0 0 0 0
0 0 0 0 0 0 0 0 0
11 0 0 0 0 0 0 0 0
0 0 0 0 0 0 0 0 0
0 0 0 0 0 0 0 0 0
105 0 0 0 0 0 0 0 0
45 0 0 0 0 0 0 0 0
0 0 0 0 0 0 0 0 0
110 0 0 0 0 0 0 0 0
189 0 0 0 0 0 0 0 0
0 0 0 0 0 0 0 0 0
230 3 0 0 0 0 0 0 0
4 0 0 0 0 0 0 0 0
0 0 0 0 0 0 0 0 0
0 0 0 0 0 0 0 0 0
1 0 0 0 0 0 0 0 0
92 0 0 0 0 0 0 0 0
288 2 0 0 0 0 0 0 0
143 1 0 0 0 0 0 0 0
0 0 0 0 0 0 0 0 0
164 4 0 0 0 0 0 0 0
145 2 0 0 0 0 0 0 0
0 0 0 0 0 0 0 0 0
672 5 0 0 0 0 0 0 0
194 0 0 0 0 0 0 0 0
0 0 0 0 0 0 0 0 0
230 0 0 0 0 0 0 0 0
170 8 0 0 0 0 0 0 0
436 8 0 0 0 0 0 0 0
304 0 0 0 0 0 0 0 0
353 4 0 0 0 0 0 0 0
0 0 0 0 0 0 0 0 0
217 0 0 0 0 0 0 0 0
121 0 0 0 0 0 0 0 0
80 0 0 0 0 0 0 0 0
207 2 0 0 0 0 0 0 0
26 1 0 0 0 0 0 0 0
0 0 0 0 0 0 0 0 0
53 0 0 0 0 0 0 0 0
147 0 0 0 0 0 0 0 0
503 1 0 0 0 0 0 0 0
720 0 0 0 0 0 0 0 0
976 0 0 0 0 0 0 0 0
0 0 0 0 0 0 0 0 0
214 0 0 0 0 0 0 0 0
45 0 0 0 0 0 0 0 0
155 1 0 0 0 0 0 0 0
230 6 0 0 0 0 0 0 0
243 0 0 0 0 0 0 0 0
0 0 0 0 0 0 0 0 0
276 4 0 0 0 0 0 0 0
172 0 0 0 0 0 0 0 0
0 0 0 0 0 0 0 0 0
1158 82 0 0 0 0 0 0 0
362 0 0 0 0 0 0 0 0
0 0 0 0 0 0 0 0 0
229 1 0 0 0 0 0 0 0
73 4 0 0 0 0 0 0 0
436 3 0 0 0 0 0 0 0
214 0 0 0 0 0 0 0 0
289 0 0 0 0 0 0 0 0
0 0 0 0 0 0 0 0 0
323 0 0 0 0 0 0 0 0
286 0 0 0 0 0 0 0 0
420 3 0 0 0 0 0 0 0
187 0 0 0 0 0 0 0 0
113 0 0 0 0 0 0 0 0
0 0 0 0 0 0 0 0 0
16 0 0 0 0 0 0 0 0
27 0 0 0 0 0 0 0 0
61 0 0 0 0 0 0 0 0
144 0 0 0 0 0 0 0 0
607 1 0 0 0 0 0 0 0
0 0 0 0 0 0 0 0 0
262 0 0 0 0 0 0 0 0
259 0 0 0 0 0 0 0 0
676 3 0 0 0 0 0 0 0
366 1 0 0 0 0 0 0 0
391 0 0 0 0 0 0 0 0
0 0 0 0 0 0 0 0 0
0 0 0 0 0 0 0 0 0
777 1 0 0 0 0 0 0 0
435 0 0 0 0 0 0 0 0
1097 0 0 0 0 0 0 0 0
904 0 0 0 0 0 0 0 0
0 0 0 0 0 0 0 0 0
960 0 0 0 0 0 0 0 0
735 0 0 0 0 0 0 0 0
1096 1 0 0 0 0 0 0 0
813 0 0 0 0 0 0 0 0
1129 44 0 0 0 0 0 0 0
0 0 0 0 0 0 0 0 0
1137 48 0 0 0 0 0 0 0
1322 1 0 0 0 0 0 0 0
1784 17 0 0 0 0 0 0 0
1140 11 0 0 0 0 0 0 0
1281 15 0 0 0 0 0 0 0
0 0 0 0 0 0 0 0 0
1305 47 0 0 0 0 0 0 0
1388 82 0 0 0 0 0 0 0
1133 4 0 0 0 0 0 0 0
2083 47 0 0 0 0 0 0 0
1740 118 0 0 0 0 0 0 0
0 0 0 0 0 0 0 0 0
1666 14 0 0 0 0 0 0 0
1733 8 0 0 0 0 0 0 0
1776 4 0 0 0 0 0 0 0
2488 30 0 0 0 0 0 0 0
2005 92 0 0 0 0 0 0 0
0 0 0 0 0 0 0 0 0
1169 75 0 0 0 0 0 0 0
815 29 0 0 0 0 0 0 0
1273 96 0 0 0 0 0 0 0
0 0 0 0 0 0 0 0 0
1715 67 0 0 0 0 0 0 0
0 0 0 0 0 0 0 0 0
1061 1 0 0 0 0 0 0 0
925 19 0 0 0 0 0 0 0
1518 222 0 0 0 0 0 0 0
579 32 0 0 0 0 0 0 0
499 3 0 0 0 0 0 0 0
0 0 0 0 0 0 0 0 0
328 9 0 0 0 0 0 0 0
177 3 0 0 0 0 0 0 0
72 7 0 0 0 0 0 0 0
0 0 0 0 0 0 0 0 0
0 0 0 0 0 0 0 0 0
0 0 0 0 0 0 0 0 0
0 0 0 0 0 0 0 0 0
0 0 0 0 0 0 0 0 0
2201 235 0 0 0 0 0 0 0
0 0 0 0 0 0 0 0 0
731 0 0 0 0 0 0 0 0
0 0 0 0 0 0 0 0 0
220 3 0 0 0 0 0 0 0
164 4 0 0 0 0 0 0 0
284 52 0 0 0 0 0 0 0
183 3 0 0 0 0 0 0 0
390 33 0 0 0 0 0 0 0
0 0 0 0 0 0 0 0 0
517 19 0 0 0 0 0 0 0
485 36 0 0 0 0 0 0 0
549 13 0 0 0 0 0 0 0
105 37 0 0 0 0 0 0 0
139 23 0 0 0 0 0 0 0
0 0 0 0 0 0 0 0 0
37 9 0 0 0 0 0 0 0
22 3 0 0 0 0 0 0 0
230 56 0 0 0 0 0 0 0
86 25 0 0 0 0 0 0 0
137 30 0 0 0 0 0 0 0
0 0 0 0 0 0 0 0 0
157 59 0 0 0 0 0 0 0
239 118 0 0 0 0 0 0 0
999 727 0 0 0 0 0 0 0
340 234 0 0 0 0 0 0 0
350 475 0 0 0 0 0 0 0
0 0 0 0 0 0 0 0 0
485 747 0 0 0 0 0 0 0
501 999 0 0 0 0 0 0 0
582 1282 0 0 0 0 0 0 0
1263 4004 0 0 0 0 0 0 0
276 2330 0 0 0 0 0 0 0
0 0 0 0 0 0 0 0 0
181 2517 0 0 0 0 0 0 0
184 2678 0 0 0 0 0 0 0
291 2849 0 0 0 0 0 0 0
785 5522 0 0 0 0 0 0 0
249 2623 0 0 0 0 0 0 0
0 0 0 0 0 0 0 0 0
200 2522 0 0 0 0 0 0 0
173 2368 0 0 0 0 0 0 0
3846 21940 0 0 0 0 0 0 0
27 4583 0 0 0 0 0 0 0
0 0 0 0 0 0 0 0 0
49 5635 0 0 0 0 0 0 0
59 10990 0 0 0 0 0 0 0
49 6809 0 0 0 0 0 0 0
26 5866 0 0 0 0 0 0 0
16 4731 0 0 0 0 0 0 0
0 0 0 0 0 0 0 0 0
10 3409 0 0 0 0 0 0 0
40 4535 0 0 0 0 0 0 0
22 1077 0 0 0 0 0 0 0
8 1210 0 0 0 0 0 0 0
23 1288 0 0 0 0 0 0 0
0 0 0 0 0 0 0 0 0
20 1147 0 0 0 0 0 0 0
44 2930 0 0 0 0 0 0 0
33 1390 0 0 0 0 0 0 0
50 1123 0 0 0 0 0 0 0
70 999 0 0 0 0 0 0 0
0 0 0 0 0 0 0 0 0
82 1310 0 0 0 0 0 0 0
72 3603 0 0 0 0 0 0 0
2 1187 0 0 0 0 0 0 0
9 1041 0 0 0 0 0 0 0
8 951 0 0 0 0 0 0 0
0 0 0 0 0 0 0 0 0
14 1209 0 0 0 0 0 0 0
85 3652 0 0 0 0 0 0 0
5 1191 0 0 0 0 0 0 0
0 711 0 0 0 0 0 0 0
2 618 0 0 0 0 0 0 0
0 0 0 0 0 0 0 0 0
10 658 0 0 0 0 0 0 0
7 924 0 0 0 0 0 0 0
0 68 0 0 0 0 0 0 0
3 71 0 0 0 0 0 0 0
0 151 0 0 0 0 0 0 0
0 0 0 0 0 0 0 0 0
9 184 0 0 0 0 0 0 0
1 112 0 0 0 0 0 0 0
13 396 0 0 0 0 0 0 0
1 46 0 0 0 0 0 0 0
0 3 0 0 0 0 0 0 0
0 0 0 0 0 0 0 0 0
3 22 0 0 0 0 0 0 0
37 90 0 0 0 0 0 0 0
6 2 0 0 0 0 0 0 0
9 6 0 0 0 0 0 0 0
3 2 0 0 0 0 0 0 0
0 0 0 0 0 0 0 0 0
1 8 0 0 0 0 0 0 0
14 19 0 0 0 0 0 0 0
0 0 0 0 0 0 0 0 0
1 1 0 0 0 0 0 0 0
7 3 0 0 0 0 0 0 0
0 0 0 0 0 0 0 0 0
11 0 0 0 0 0 0 0 0
25 9 0 0 0 0 0 0 0
0 0 0 0 0 0 0 0 0
0 20 0 0 0 0 0 0 0
0 5 0 0 0 0 0 0 0
0 0 0 0 0 0 0 0 0
0 19 0 0 0 0 0 0 0
0 30 0 0 0 0 0 0 0
0 4 0 0 0 0 0 0 0
0 1 0 0 0 0 0 0 0
0 0 0 0 0 0 0 0 0
0 0 0 0 0 0 0 0 0
0 0 0 0 0 0 0 0 0
0 0 0 0 0 0 0 0 0
0 0 0 0 0 0 0 0 0
0 0 0 0 0 0 0 0 0
1 0 0 0 0 0 0 0 0
0 0 0 0 0 0 0 0 0
0 4 0 0 0 0 0 0 0
0 68 0 0 0 0 0 0 0
0 32 0 0 0 0 0 0 0
0 133 0 0 0 0 0 0 0
0 330 0 0 0 0 0 0 0
0 0 0 0 0 0 0 0 0
8 443 0 0 0 0 0 0 0
2 864 0 0 0 0 0 0 0
0 1160 0 0 0 0 0 0 0
0 1425 0 0 0 0 0 0 0
0 1771 0 0 0 0 0 0 0
0 0 0 0 0 0 0 0 0
1 1660 0 0 0 0 0 0 0
28 4073 0 0 0 0 0 0 0
0 1951 0 0 0 0 0 0 0
20 2392 0 0 0 0 0 0 0
1 2932 0 0 0 0 0 0 0
0 0 0 0 0 0 0 0 0
2 3279 0 0 0 0 0 0 0
90 6209 0 0 0 0 0 0 0
7 3244 0 0 0 0 0 0 0
1 3133 0 0 0 0 0 0 0
8 2615 0 0 0 0 0 0 0
0 0 0 0 0 0 0 0 0
0 1996 0 0 0 0 0 0 0
14 3261 0 0 0 0 0 0 0
0 402 0 0 0 0 0 0 0
0 152 0 0 0 0 0 0 0
0 66 0 0 0 0 0 0 0
0 0 0 0 0 0 0 0 0
0 80 0 0 0 0 0 0 0
9 326 0 0 0 0 0 0 0
1 1 0 0 0 0 0 0 0
0 14 0 0 0 0 0 0 0
0 0 0 0 0 0 0 0 0
0 0 0 0 0 0 0 0 0
5 3 0 0 0 0 0 0 0
15 34 0 0 0 0 0 0 0
0 15 0 0 0 0 0 0 0
0 33 0 0 0 0 0 0 0
0 65 0 0 0 0 0 0 0
0 0 0 0 0 0 0 0 0
0 53 0 0 0 0 0 0 0
9 248 0 0 0 0 0 0 0
28 55 0 0 0 0 0 0 0
76 112 0 0 0 0 0 0 0
117 165 0 0 0 0 0 0 0
0 0 0 0 0 0 0 0 0
119 151 0 0 0 0 0 0 0
178 532 0 0 0 0 0 0 0
0 278 0 0 0 0 0 0 0
1 274 0 0 0 0 0 0 0
0 255 0 0 0 0 0 0 0
0 0 0 0 0 0 0 0 0
18 198 0 0 0 0 0 0 0
48 380 0 0 0 0 0 0 0
3 16 0 0 0 0 0 0 0
0 16 0 0 0 0 0 0 0
1 9 0 0 0 0 0 0 0
0 0 0 0 0 0 0 0 0
1 78 0 0 0 0 0 0 0
6 944 0 0 0 0 0 0 0
0 439 0 0 0 0 0 0 0
0 513 0 0 0 0 0 0 0
1 685 0 0 0 0 0 0 0
0 0 0 0 0 0 0 0 0
13 1052 0 0 0 0 0 0 0
7 3780 0 0 0 0 0 0 0
0 2684 0 0 0 0 0 0 0
1 2833 0 0 0 0 0 0 0
0 2827 0 0 0 0 0 0 0
0 0 0 0 0 0 0 0 0
0 2900 0 0 0 0 0 0 0
15 4643 0 0 0 0 0 0 0
0 2542 0 0 0 0 0 0 0
0 2705 0 0 0 0 0 0 0
0 2782 0 0 0 0 0 0 0
0 0 0 0 0 0 0 0 0
0 5182 0 0 0 0 0 0 0
0 2270 0 0 0 0 0 0 0
0 2246 0 0 0 0 0 0 0
20 1898 0 0 0 0 0 0 0
31 1354 0 0 0 0 0 0 0
0 0 0 0 0 0 0 0 0
8 916 0 0 0 0 0 0 0
8 1665 0 0 0 0 0 0 0
0 414 0 0 0 0 0 0 0
3 398 0 0 0 0 0 0 0
0 336 0 0 0 0 0 0 0
0 0 0 0 0 0 0 0 0
1 215 0 0 0 0 0 0 0
3 505 0 0 0 0 0 0 0
0 32 0 0 0 0 0 0 0
0 52 0 0 0 0 0 0 0
0 170 0 0 0 0 0 0 0
0 0 0 0 0 0 0 0 0
0 161 0 0 0 0 0 0 0
0 1574 0 0 0 0 0 0 0
0 348 0 0 0 0 0 0 0
0 388 0 0 0 0 0 0 0
0 305 0 0 0 0 0 0 0
0 0 0 0 0 0 0 0 0
2 1550 0 0 0 0 0 0 0
0 289 0 0 0 0 0 0 0
0 275 0 0 0 0 0 0 0
0 201 0 0 0 0 0 0 0
0 151 0 0 0 0 0 0 0
0 0 0 0 0 0 0 0 0
0 905 0 0 0 0 0 0 0
0 37 0 0 0 0 0 0 0
0 36 0 0 0 0 0 0 0
0 15 0 0 0 0 0 0 0
0 2 0 0 0 0 0 0 0
0 0 0 0 0 0 0 0 0
0 14 0 0 0 0 0 0 0
0 14 0 0 0 0 0 0 0
0 0 0 0 0 0 0 0 0
0 2 0 0 0 0 0 0 0
0 3 0 0 0 0 0 0 0
0 0 0 0 0 0 0 0 0
0 3 0 0 0 0 0 0 0
0 7 0 0 0 0 0 0 0
0 0 0 0 0 0 0 0 0
0 9 0 0 0 0 0 0 0
0 3 0 0 0 0 0 0 0
0 0 0 0 0 0 0 0 0
0 10 0 0 0 0 0 0 0
0 27 0 0 0 0 0 0 0
0 0 0 0 0 0 0 0 0
0 0 0 0 0 0 0 0 0
0 0 0 0 0 0 0 0 0
0 0 0 0 0 0 0 0 0
0 5 0 0 0 0 0 0 0
0 0 0 0 0 0 0 0 0
0 0 0 0 0 0 0 0 0
0 1 0 0 0 0 0 0 0
0 0 0 0 0 0 0 0 0
0 0 0 0 0 0 0 0 0
0 0 0 0 0 0 0 0 0
0 1 0 0 0 0 0 0 0
0 0 0 0 0 0 0 0 0
0 0 0 0 0 0 0 0 0
0 0 0 0 0 0 0 0 0
0 0 0 0 0 0 0 0 0
0 5 0 0 0 0 0 0 0
0 4 0 0 0 0 0 0 0
0 0 0 0 0 0 0 0 0
0 1 0 0 0 0 0 0 0
0 0 0 0 0 0 0 0 0
0 0 0 0 0 0 0 0 0
0 0 0 0 0 0 0 0 0
1 2 0 0 0 0 0 0 0
0 0 0 0 0 0 0 0 0
0 0 0 0 0 0 0 0 0
0 0 0 0 0 0 0 0 0
0 0 0 0 0 0 0 0 0
0 1 0 0 0 0 0 0 0
0 0 0 0 0 0 0 0 0
1 0 0 0 0 0 0 0 0
10 5 0 0 0 0 0 0 0
0 0 0 0 0 0 0 0 0
0 0 0 0 0 0 0 0 0
0 0 0 0 0 0 0 0 0
3 8 0 0 0 0 0 0 0
0 23 0 0 0 0 0 0 0
0 24 0 0 0 0 0 0 0
0 30 0 0 0 0 0 0 0
0 0 0 0 0 0 0 0 0
0 15 0 0 0 0 0 0 0
0 3 0 0 0 0 0 0 0
0 71 0 0 0 0 0 0 0
0 73 0 0 0 0 0 0 0
0 48 0 0 0 0 0 0 0
0 0 0 0 0 0 0 0 0
0 45 0 0 0 0 0 0 0
0 143 0 0 0 0 0 0 0
0 9 0 0 0 0 0 0 0
0 4 0 0 0 0 0 0 0
0 2 0 0 0 0 0 0 0
0 0 0 0 0 0 0 0 0
0 13 0 0 0 0 0 0 0
0 74 0 0 0 0 0 0 0
0 3 0 0 0 0 0 0 0
1 18 0 0 0 0 0 0 0
8 3 0 0 0 0 0 0 0
0 0 0 0 0 0 0 0 0
19 4 0 0 0 0 0 0 0
84 9 0 0 0 0 0 0 0
1 0 0 0 0 0 0 0 0
13 0 0 0 0 0 0 0 0
11 0 0 0 0 0 0 0 0
0 0 0 0 0 0 0 0 0
24 2 0 0 0 0 0 0 0
135 20 0 0 0 0 0 0 0
35 0 0 0 0 0 0 0 0
31 0 0 0 0 0 0 0 0
46 3 0 0 0 0 0 0 0
0 0 0 0 0 0 0 0 0
138 21 0 0 0 0 0 0 0
18 1 0 0 0 0 0 0 0
12 9 0 0 0 0 0 0 0
12 0 0 0 0 0 0 0 0
0 0 0 0 0 0 0 0 0
0 0 0 0 0 0 0 0 0
2 5 0 0 0 0 0 0 0
12 6 0 0 0 0 0 0 0
4 0 0 0 0 0 0 0 0
0 1 0 0 0 0 0 0 0
6 0 0 0 0 0 0 0 0
0 0 0 0 0 0 0 0 0
0 2 0 0 0 0 0 0 0
63 5 0 0 0 0 0 0 0
4 0 0 0 0 0 0 0 0
4 0 0 0 0 0 0 0 0
0 1 0 0 0 0 0 0 0
0 0 0 0 0 0 0 0 0
41 22 0 0 0 0 0 0 0
0 27 0 0 0 0 0 0 0
0 58 0 0 0 0 0 0 0
1 40 0 0 0 0 0 0 0
0 10 0 0 0 0 0 0 0
0 0 0 0 0 0 0 0 0
0 11 0 0 0 0 0 0 0
12 21 0 0 0 0 0 0 0
0 0 0 0 0 0 0 0 0
0 0 0 0 0 0 0 0 0
13 2 0 0 0 0 0 0 0
0 0 0 0 0 0 0 0 0
0 4 0 0 0 0 0 0 0
0 11 0 0 0 0 0 0 0
0 2 0 0 0 0 0 0 0
0 3 0 0 0 0 0 0 0
6 0 0 0 0 0 0 0 0
0 0 0 0 0 0 0 0 0
39 2 0 0 0 0 0 0 0
7 0 0 0 0 0 0 0 0
25 0 0 0 0 0 0 0 0
33 1 0 0 0 0 0 0 0
39 1 0 0 0 0 0 0 0
0 0 0 0 0 0 0 0 0
227 10 0 0 0 0 0 0 0
39 3 0 0 0 0 0 0 0
46 30 0 0 0 0 0 0 0
42 68 0 0 0 0 0 0 0
27 244 0 0 0 0 0 0 0
0 0 0 0 0 0 0 0 0
200 2020 0 0 0 0 0 0 0
22 1049 0 0 0 0 0 0 0
15 1256 0 0 0 0 0 0 0
13 1261 0 0 0 0 0 0 0
4 1452 0 0 0 0 0 0 0
0 0 0 0 0 0 0 0 0
19 1414 0 0 0 0 0 0 0
62 3437 0 0 0 0 0 0 0
15 1542 0 0 0 0 0 0 0
22 1542 0 0 0 0 0 0 0
21 1428 0 0 0 0 0 0 0
0 0 0 0 0 0 0 0 0
41 1306 0 0 0 0 0 0 0
48 2618 0 0 0 0 0 0 0
0 528 0 0 0 0 0 0 0
7 356 0 0 0 0 0 0 0
6 253 0 0 0 0 0 0 0
0 0 0 0 0 0 0 0 0
10 139 0 0 0 0 0 0 0
46 469 0 0 0 0 0 0 0
0 89 0 0 0 0 0 0 0
0 68 0 0 0 0 0 0 0
1 27 0 0 0 0 0 0 0
0 0 0 0 0 0 0 0 0
5 241 0 0 0 0 0 0 0
3 70 0 0 0 0 0 0 0
0 225 0 0 0 0 0 0 0
0 299 0 0 0 0 0 0 0
3 419 0 0 0 0 0 0 0
0 0 0 0 0 0 0 0 0
1 1853 0 0 0 0 0 0 0
23 910 0 0 0 0 0 0 0
10 1097 0 0 0 0 0 0 0
7 1223 0 0 0 0 0 0 0
2 1474 0 0 0 0 0 0 0
0 0 0 0 0 0 0 0 0
13 3154 0 0 0 0 0 0 0
0 777 0 0 0 0 0 0 0
0 512 0 0 0 0 0 0 0
10 183 0 0 0 0 0 0 0
0 94 0 0 0 0 0 0 0
0 0 0 0 0 0 0 0 0
12 866 0 0 0 0 0 0 0
0 235 0 0 0 0 0 0 0
0 262 0 0 0 0 0 0 0
5 180 0 0 0 0 0 0 0
3 146 0 0 0 0 0 0 0
0 0 0 0 0 0 0 0 0
10 1105 0 0 0 0 0 0 0
1 221 0 0 0 0 0 0 0
0 222 0 0 0 0 0 0 0
0 262 0 0 0 0 0 0 0
0 227 0 0 0 0 0 0 0
0 0 0 0 0 0 0 0 0
0 842 0 0 0 0 0 0 0
0 52 0 0 0 0 0 0 0
8 15 0 0 0 0 0 0 0
0 12 0 0 0 0 0 0 0
0 3 0 0 0 0 0 0 0
0 0 0 0 0 0 0 0 0
9 70 0 0 0 0 0 0 0
11 1 0 0 0 0 0 0 0
4 7 0 0 0 0 0 0 0
4 1 0 0 0 0 0 0 0
2 6 0 0 0 0 0 0 0
0 0 0 0 0 0 0 0 0
10 8 0 0 0 0 0 0 0
47 5 0 0 0 0 0 0 0
14 0 0 0 0 0 0 0 0
11 0 0 0 0 0 0 0 0
17 0 0 0 0 0 0 0 0
0 0 0 0 0 0 0 0 0
178 0 0 0 0 0 0 0 0
0 0 0 0 0 0 0 0 0
182 1 0 0 0 0 0 0 0
30 1 0 0 0 0 0 0 0
10 0 0 0 0 0 0 0 0
0 0 0 0 0 0 0 0 0
142 38 0 0 0 0 0 0 0
1 5 0 0 0 0 0 0 0
8 2 0 0 0 0 0 0 0
14 0 0 0 0 0 0 0 0
10 1 0 0 0 0 0 0 0
0 0 0 0 0 0 0 0 0
0 0 0 0 0 0 0 0 0
28 0 0 0 0 0 0 0 0
4 0 0 0 0 0 0 0 0
1 10 0 0 0 0 0 0 0
0 17 0 0 0 0 0 0 0
0 0 0 0 0 0 0 0 0
0 8 0 0 0 0 0 0 0
21 32 0 0 0 0 0 0 0
6 0 0 0 0 0 0 0 0
0 0 0 0 0 0 0 0 0
5 0 0 0 0 0 0 0 0
0 0 0 0 0 0 0 0 0
22 0 0 0 0 0 0 0 0
95 10 0 0 0 0 0 0 0
42 0 0 0 0 0 0 0 0
107 0 0 0 0 0 0 0 0
262 0 0 0 0 0 0 0 0
0 0 0 0 0 0 0 0 0
312 1 0 0 0 0 0 0 0
556 24 0 0 0 0 0 0 0
258 11 0 0 0 0 0 0 0
222 5 0 0 0 0 0 0 0
109 1 0 0 0 0 0 0 0
0 0 0 0 0 0 0 0 0
119 30 0 0 0 0 0 0 0
11 5 0 0 0 0 0 0 0
7 0 0 0 0 0 0 0 0
27 4 0 0 0 0 0 0 0
99 4 0 0 0 0 0 0 0
0 0 0 0 0 0 0 0 0
406 15 0 0 0 0 0 0 0
150 11 0 0 0 0 0 0 0
166 0 0 0 0 0 0 0 0
84 4 0 0 0 0 0 0 0
67 0 0 0 0 0 0 0 0
0 0 0 0 0 0 0 0 0
605 12 0 0 0 0 0 0 0
219 6 0 0 0 0 0 0 0
194 1 0 0 0 0 0 0 0
109 2 0 0 0 0 0 0 0
106 0 0 0 0 0 0 0 0
0 0 0 0 0 0 0 0 0
188 6 0 0 0 0 0 0 0
211 6 0 0 0 0 0 0 0
287 3 0 0 0 0 0 0 0
155 7 0 0 0 0 0 0 0
62 5 0 0 0 0 0 0 0
0 0 0 0 0 0 0 0 0
545 9 0 0 0 0 0 0 0
110 0 0 0 0 0 0 0 0
51 5 0 0 0 0 0 0 0
40 9 0 0 0 0 0 0 0
83 5 0 0 0 0 0 0 0
0 0 0 0 0 0 0 0 0
281 39 0 0 0 0 0 0 0
656 11 0 0 0 0 0 0 0
241 0 0 0 0 0 0 0 0
199 2 0 0 0 0 0 0 0
246 1 0 0 0 0 0 0 0
0 0 0 0 0 0 0 0 0
598 69 0 0 0 0 0 0 0
147 13 0 0 0 0 0 0 0
6 22 0 0 0 0 0 0 0
36 25 0 0 0 0 0 0 0
15 16 0 0 0 0 0 0 0
0 0 0 0 0 0 0 0 0
77 37 0 0 0 0 0 0 0
29 0 0 0 0 0 0 0 0
37 4 0 0 0 0 0 0 0
25 1 0 0 0 0 0 0 0
14 1 0 0 0 0 0 0 0
0 0 0 0 0 0 0 0 0
34 9 0 0 0 0 0 0 0
0 0 0 0 0 0 0 0 0
0 7 0 0 0 0 0 0 0
0 5 0 0 0 0 0 0 0
0 0 0 0 0 0 0 0 0
0 0 0 0 0 0 0 0 0
6 0 0 0 0 0 0 0 0
0 1 0 0 0 0 0 0 0
3 0 0 0 0 0 0 0 0
9 0 0 0 0 0 0 0 0
0 0 0 0 0 0 0 0 0
0 0 0 0 0 0 0 0 0
54 0 0 0 0 0 0 0 0
2 0 0 0 0 0 0 0 0
7 0 0 0 0 0 0 0 0
13 0 0 0 0 0 0 0 0
9 1 0 0 0 0 0 0 0
0 0 0 0 0 0 0 0 0
23 0 0 0 0 0 0 0 0
50 0 0 0 0 0 0 0 0
6 3 0 0 0 0 0 0 0
5 0 0 0 0 0 0 0 0
2 6 0 0 0 0 0 0 0
0 0 0 0 0 0 0 0 0
9 0 0 0 0 0 0 0 0
9 0 0 0 0 0 0 0 0
65 0 0 0 0 0 0 0 0
17 1 0 0 0 0 0 0 0
51 22 0 0 0 0 0 0 0
0 0 0 0 0 0 0 0 0
51 168 0 0 0 0 0 0 0
28 251 0 0 0 0 0 0 0
122 1556 0 0 0 0 0 0 0
33 580 0 0 0 0 0 0 0
70 541 0 0 0 0 0 0 0
0 0 0 0 0 0 0 0 0
280 1260 0 0 0 0 0 0 0
37 339 0 0 0 0 0 0 0
2 369 0 0 0 0 0 0 0
19 447 0 0 0 0 0 0 0
51 569 0 0 0 0 0 0 0
0 0 0 0 0 0 0 0 0
115 2352 0 0 0 0 0 0 0
0 0 0 0 0 0 0 0 0
2688 13776 0 0 0 0 0 0 0
0 556 0 0 0 0 0 0 0
13 586 0 0 0 0 0 0 0
3 684 0 0 0 0 0 0 0
0 0 0 0 0 0 0 0 0
0 748 0 0 0 0 0 0 0
14 2216 0 0 0 0 0 0 0
32 560 0 0 0 0 0 0 0
70 423 0 0 0 0 0 0 0
187 291 0 0 0 0 0 0 0
0 0 0 0 0 0 0 0 0
231 253 0 0 0 0 0 0 0
641 1024 0 0 0 0 0 0 0
309 335 0 0 0 0 0 0 0
271 337 0 0 0 0 0 0 0
195 245 0 0 0 0 0 0 0
0 0 0 0 0 0 0 0 0
194 270 0 0 0 0 0 0 0
361 717 0 0 0 0 0 0 0
17 298 0 0 0 0 0 0 0
1 371 0 0 0 0 0 0 0
0 356 0 0 0 0 0 0 0
1155 11445 0 0 0 0 0 0 0
0 0 0 0 0 0 0 0 0
0 1249 0 0 0 0 0 0 0
11 2985 0 0 0 0 0 0 0
0 1307 0 0 0 0 0 0 0
3 1046 0 0 0 0 0 0 0
0 866 0 0 0 0 0 0 0
0 0 0 0 0 0 0 0 0
0 961 0 0 0 0 0 0 0
0 2813 0 0 0 0 0 0 0
0 998 0 0 0 0 0 0 0
0 880 0 0 0 0 0 0 0
0 700 0 0 0 0 0 0 0
0 0 0 0 0 0 0 0 0
0 513 0 0 0 0 0 0 0
5 812 0 0 0 0 0 0 0
0 204 0 0 0 0 0 0 0
0 228 0 0 0 0 0 0 0
0 291 0 0 0 0 0 0 0
0 0 0 0 0 0 0 0 0
1 349 0 0 0 0 0 0 0
0 926 0 0 0 0 0 0 0
0 199 0 0 0 0 0 0 0
0 90 0 0 0 0 0 0 0
0 49 0 0 0 0 0 0 0
0 0 0 0 0 0 0 0 0
7 155 0 0 0 0 0 0 0
0 1036 0 0 0 0 0 0 0
0 501 0 0 0 0 0 0 0
0 582 0 0 0 0 0 0 0
0 634 0 0 0 0 0 0 0
0 0 0 0 0 0 0 0 0
5 1871 0 0 0 0 0 0 0
0 408 0 0 0 0 0 0 0
0 308 0 0 0 0 0 0 0
0 171 0 0 0 0 0 0 0
0 104 0 0 0 0 0 0 0
0 0 0 0 0 0 0 0 0
0 624 0 0 0 0 0 0 0
0 111 0 0 0 0 0 0 0
7 117 0 0 0 0 0 0 0
0 211 0 0 0 0 0 0 0
0 477 0 0 0 0 0 0 0
0 0 0 0 0 0 0 0 0
0 800 0 0 0 0 0 0 0
26 1463 0 0 0 0 0 0 0
29 490 0 0 0 0 0 0 0
3 639 0 0 0 0 0 0 0
0 961 0 0 0 0 0 0 0
0 0 0 0 0 0 0 0 0
19 1081 0 0 0 0 0 0 0
12 2375 0 0 0 0 0 0 0
0 211 0 0 0 0 0 0 0
0 119 0 0 0 0 0 0 0
0 72 0 0 0 0 0 0 0
0 0 0 0 0 0 0 0 0
0 514 0 0 0 0 0 0 0
0 130 0 0 0 0 0 0 0
0 176 0 0 0 0 0 0 0
0 172 0 0 0 0 0 0 0
0 159 0 0 0 0 0 0 0
0 0 0 0 0 0 0 0 0
0 1176 0 0 0 0 0 0 0
0 641 0 0 0 0 0 0 0
0 720 0 0 0 0 0 0 0
0 662 0 0 0 0 0 0 0
1 528 0 0 0 0 0 0 0
0 0 0 0 0 0 0 0 0
6 1543 0 0 0 0 0 0 0
0 413 0 0 0 0 0 0 0
0 505 0 0 0 0 0 0 0
0 735 0 0 0 0 0 0 0
0 774 0 0 0 0 0 0 0
0 0 0 0 0 0 0 0 0
0 2831 0 0 0 0 0 0 0
0 1120 0 0 0 0 0 0 0
0 1179 0 0 0 0 0 0 0
0 1059 0 0 0 0 0 0 0
0 922 0 0 0 0 0 0 0
0 0 0 0 0 0 0 0 0
0 2479 0 0 0 0 0 0 0
0 546 0 0 0 0 0 0 0
0 527 0 0 0 0 0 0 0
6 338 0 0 0 0 0 0 0
0 289 0 0 0 0 0 0 0
0 0 0 0 0 0 0 0 0
0 1213 0 0 0 0 0 0 0
5 162 0 0 0 0 0 0 0
0 104 0 0 0 0 0 0 0
0 80 0 0 0 0 0 0 0
0 21 0 0 0 0 0 0 0
0 0 0 0 0 0 0 0 0
5 15 0 0 0 0 0 0 0
0 10 0 0 0 0 0 0 0
0 7 0 0 0 0 0 0 0
0 46 0 0 0 0 0 0 0
0 12 0 0 0 0 0 0 0
0 0 0 0 0 0 0 0 0
0 88 0 0 0 0 0 0 0
0 4 0 0 0 0 0 0 0
0 5 0 0 0 0 0 0 0
0 2 0 0 0 0 0 0 0
0 15 0 0 0 0 0 0 0
0 0 0 0 0 0 0 0 0
0 7 0 0 0 0 0 0 0
0 50 0 0 0 0 0 0 0
0 7 0 0 0 0 0 0 0
0 1 0 0 0 0 0 0 0
2 2 0 0 0 0 0 0 0
0 0 0 0 0 0 0 0 0
10 42 0 0 0 0 0 0 0
0 0 0 0 0 0 0 0 0
4 7 0 0 0 0 0 0 0
0 17 0 0 0 0 0 0 0
5 2 0 0 0 0 0 0 0
0 0 0 0 0 0 0 0 0
0 6 0 0 0 0 0 0 0
0 0 0 0 0 0 0 0 0
1 1 0 0 0 0 0 0 0
0 0 0 0 0 0 0 0 0
3 0 0 0 0 0 0 0 0
0 0 0 0 0 0 0 0 0
0 4 0 0 0 0 0 0 0
3 0 0 0 0 0 0 0 0
6 0 0 0 0 0 0 0 0
1 11 0 0 0 0 0 0 0
3 0 0 0 0 0 0 0 0
0 0 0 0 0 0 0 0 0
0 0 0 0 0 0 0 0 0
0 0 0 0 0 0 0 0 0
3 0 0 0 0 0 0 0 0
9 0 0 0 0 0 0 0 0
7 0 0 0 0 0 0 0 0
0 0 0 0 0 0 0 0 0
5 0 0 0 0 0 0 0 0
40 6 0 0 0 0 0 0 0
6 0 0 0 0 0 0 0 0
2 0 0 0 0 0 0 0 0
4 0 0 0 0 0 0 0 0
0 0 0 0 0 0 0 0 0
17 0 0 0 0 0 0 0 0
110 0 0 0 0 0 0 0 0
18 0 0 0 0 0 0 0 0
17 0 0 0 0 0 0 0 0
32 4 0 0 0 0 0 0 0
0 0 0 0 0 0 0 0 0
38 0 0 0 0 0 0 0 0
159 0 0 0 0 0 0 0 0
15 1 0 0 0 0 0 0 0
7 5 0 0 0 0 0 0 0
11 6 0 0 0 0 0 0 0
0 0 0 0 0 0 0 0 0
7 7 0 0 0 0 0 0 0
0 1 0 0 0 0 0 0 0
6 1 0 0 0 0 0 0 0
0 0 0 0 0 0 0 0 0
4 13 0 0 0 0 0 0 0
0 0 0 0 0 0 0 0 0
10 8 0 0 0 0 0 0 0
0 0 0 0 0 0 0 0 0
2 10 0 0 0 0 0 0 0
0 0 0 0 0 0 0 0 0
1 0 0 0 0 0 0 0 0
0 0 0 0 0 0 0 0 0
1 2 0 0 0 0 0 0 0
0 0 0 0 0 0 0 0 0
8 0 0 0 0 0 0 0 0
0 0 0 0 0 0 0 0 0
11 0 0 0 0 0 0 0 0
0 0 0 0 0 0 0 0 0
5 2 0 0 0 0 0 0 0
0 0 0 0 0 0 0 0 0
7 3 0 0 0 0 0 0 0
0 6 0 0 0 0 0 0 0
0 10 0 0 0 0 0 0 0
0 0 0 0 0 0 0 0 0
0 30 0 0 0 0 0 0 0
0 178 0 0 0 0 0 0 0
1 39 0 0 0 0 0 0 0
0 36 0 0 0 0 0 0 0
12 119 0 0 0 0 0 0 0
0 0 0 0 0 0 0 0 0
26 181 0 0 0 0 0 0 0
237 1031 0 0 0 0 0 0 0
61 402 0 0 0 0 0 0 0
19 349 0 0 0 0 0 0 0
28 389 0 0 0 0 0 0 0
0 0 0 0 0 0 0 0 0
12 448 0 0 0 0 0 0 0
32 1966 0 0 0 0 0 0 0
5 827 0 0 0 0 0 0 0
2497 9474 0 0 0 0 0 0 0
819 4231 0 0 0 0 0 0 0
409 2054 0 0 0 0 0 0 0
235 2155 0 0 0 0 0 0 0
146 1822 0 0 0 0 0 0 0
92 1501 0 0 0 0 0 0 0
0 0 0 0 0 0 0 0 0
74 3063 0 0 0 0 0 0 0
87 1208 0 0 0 0 0 0 0
103 1190 0 0 0 0 0 0 0
40 829 0 0 0 0 0 0 0
28 864 0 0 0 0 0 0 0
0 0 0 0 0 0 0 0 0
10 1810 0 0 0 0 0 0 0
0 734 0 0 0 0 0 0 0
27 670 0 0 0 0 0 0 0
44 370 0 0 0 0 0 0 0
55 257 0 0 0 0 0 0 0
0 0 0 0 0 0 0 0 0
196 816 0 0 0 0 0 0 0
2 403 0 0 0 0 0 0 0
11 535 0 0 0 0 0 0 0
0 640 0 0 0 0 0 0 0
13 1028 0 0 0 0 0 0 0
0 0 0 0 0 0 0 0 0
77 2689 0 0 0 0 0 0 0
22 1077 0 0 0 0 0 0 0
49 1194 0 0 0 0 0 0 0
29 1193 0 0 0 0 0 0 0
12 1142 0 0 0 0 0 0 0
0 0 0 0 0 0 0 0 0
81 2781 0 0 0 0 0 0 0
15 1035 0 0 0 0 0 0 0
6 848 0 0 0 0 0 0 0
0 755 0 0 0 0 0 0 0
31 926 0 0 0 0 0 0 0
0 0 0 0 0 0 0 0 0
15 1380 0 0 0 0 0 0 0
15 3974 0 0 0 0 0 0 0
0 1724 0 0 0 0 0 0 0
0 1349 0 0 0 0 0 0 0
0 925 0 0 0 0 0 0 0
0 0 0 0 0 0 0 0 0
0 478 0 0 0 0 0 0 0
0 1108 0 0 0 0 0 0 0
0 60 0 0 0 0 0 0 0
0 52 0 0 0 0 0 0 0
0 78 0 0 0 0 0 0 0
