0 0 0 0 0 0 0 0 0
749 17 0 0 0 0 0 0 0
0 0 0 0 0 0 0 0 0
309 0 0 0 0 0 0 0 0
374 16 0 0 0 0 0 0 0
311 44 0 0 0 0 0 0 0
240 184 0 0 0 0 0 0 0
479 1230 0 0 0 0 0 0 0
0 0 0 0 0 0 0 0 0
171 4 0 0 0 0 0 0 0
175 200 0 0 0 0 0 0 0
164 178 0 0 0 0 0 0 0
400 254 0 0 0 0 0 0 0
0 0 0 0 0 0 0 0 0
0 0 0 0 0 0 0 0 0
336 23 0 0 0 0 0 0 0
472 4 0 0 0 0 0 0 0
1041 63 0 0 0 0 0 0 0
599 7 0 0 0 0 0 0 0
0 0 0 0 0 0 0 0 0
0 0 0 0 0 0 0 0 0
1250 55 0 0 0 0 0 0 0
1326 122 0 0 0 0 0 0 0
0 0 0 0 0 0 0 0 0
1044 18 0 0 0 0 0 0 0
253 9 0 0 0 0 0 0 0
0 0 0 0 0 0 0 0 0
160 32 0 0 0 0 0 0 0
33 29 0 0 0 0 0 0 0
62 157 0 0 0 0 0 0 0
35 50 0 0 0 0 0 0 0
0 0 0 0 0 0 0 0 0
0 0 0 0 0 0 0 0 0
214 63 0 0 0 0 0 0 0
72 157 0 0 0 0 0 0 0
0 0 0 0 0 0 0 0 0
82 8307 0 0 0 0 0 0 0
92 10588 0 0 0 0 0 0 0
0 0 0 0 0 0 0 0 0
609 31444 0 0 0 0 0 0 0
0 0 0 0 0 0 0 0 0
355 35270 0 0 0 0 0 0 0
33 20074 0 0 0 0 0 0 0
92 20103 0 0 0 0 0 0 0
0 0 0 0 0 0 0 0 0
84 19915 0 0 0 0 0 0 0
76 32256 0 0 0 0 0 0 0
301 16134 0 0 0 0 0 0 0
526 18415 0 0 0 0 0 0 0
0 0 0 0 0 0 0 0 0
0 0 0 0 0 0 0 0 0
2390 37132 0 0 0 0 0 0 0
1205 19665 0 0 0 0 0 0 0
1447 19201 0 0 0 0 0 0 0
1561 20639 0 0 0 0 0 0 0
1038 19564 0 0 0 0 0 0 0
0 0 0 0 0 0 0 0 0
0 0 0 0 0 0 0 0 0
1708 32049 0 0 0 0 0 0 0
230 19011 0 0 0 0 0 0 0
107 18559 0 0 0 0 0 0 0
33 20092 0 0 0 0 0 0 0
0 0 0 0 0 0 0 0 0
427 34330 0 0 0 0 0 0 0
69 22050 0 0 0 0 0 0 0
85 22943 0 0 0 0 0 0 0
18140 53605 0 0 0 0 0 0 0
545 17331 0 0 0 0 0 0 0
987 15991 0 0 0 0 0 0 0
3311 17634 0 0 0 0 0 0 0
0 0 0 0 0 0 0 0 0
0 0 0 0 0 0 0 0 0
2795 4974 0 0 0 0 0 0 0
11 1 0 0 0 0 0 0 0
2991 13189 0 0 0 0 0 0 0
1149 418 0 0 0 0 0 0 0
0 0 0 0 0 0 0 0 0
1352 1902 0 0 0 0 0 0 0
1518 3941 0 0 0 0 0 0 0
1183 1045 0 0 0 0 0 0 0
1786 2752 0 0 0 0 0 0 0
1078 2617 0 0 0 0 0 0 0
18517 69550 0 0 0 0 0 0 0
657 15683 0 0 0 0 0 0 0
808 16356 0 0 0 0 0 0 0
0 0 0 0 0 0 0 0 0
2649 28180 0 0 0 0 0 0 0
863 15880 0 0 0 0 0 0 0
665 15765 0 0 0 0 0 0 0
257 15748 0 0 0 0 0 0 0
800 23980 0 0 0 0 0 0 0
0 0 0 0 0 0 0 0 0
165 15910 0 0 0 0 0 0 0
0 0 0 0 0 0 0 0 0
350 26941 0 0 0 0 0 0 0
451 18795 0 0 0 0 0 0 0
1841 33643 0 0 0 0 0 0 0
0 0 0 0 0 0 0 0 0
615 23361 0 0 0 0 0 0 0
590 21253 0 0 0 0 0 0 0
522 19918 0 0 0 0 0 0 0
0 0 0 0 0 0 0 0 0
1913 29626 0 0 0 0 0 0 0
0 0 0 0 0 0 0 0 0
534 10502 0 0 0 0 0 0 0
442 9907 0 0 0 0 0 0 0
528 15184 0 0 0 0 0 0 0
845 28592 0 0 0 0 0 0 0
510 22900 0 0 0 0 0 0 0
0 0 0 0 0 0 0 0 0
455 23553 0 0 0 0 0 0 0
0 0 0 0 0 0 0 0 0
1636 31907 0 0 0 0 0 0 0
722 20010 0 0 0 0 0 0 0
677 17413 0 0 0 0 0 0 0
0 0 0 0 0 0 0 0 0
897 10435 0 0 0 0 0 0 0
1010 7235 0 0 0 0 0 0 0
0 0 0 0 0 0 0 0 0
1831 13332 0 0 0 0 0 0 0
1845 5972 0 0 0 0 0 0 0
0 0 0 0 0 0 0 0 0
1565 2692 0 0 0 0 0 0 0
683 435 0 0 0 0 0 0 0
1164 1250 0 0 0 0 0 0 0
400 71 0 0 0 0 0 0 0
0 0 0 0 0 0 0 0 0
0 0 0 0 0 0 0 0 0
2957 4322 0 0 0 0 0 0 0
411 1135 0 0 0 0 0 0 0
1238 2918 0 0 0 0 0 0 0
790 518 0 0 0 0 0 0 0
719 404 0 0 0 0 0 0 0
0 0 0 0 0 0 0 0 0
786 314 0 0 0 0 0 0 0
770 26 0 0 0 0 0 0 0
1221 46 0 0 0 0 0 0 0
564 51 0 0 0 0 0 0 0
781 323 0 0 0 0 0 0 0
0 0 0 0 0 0 0 0 0
1003 104 0 0 0 0 0 0 0
943 9 0 0 0 0 0 0 0
1549 1429 0 0 0 0 0 0 0
0 0 0 0 0 0 0 0 0
2042 2193 0 0 0 0 0 0 0
0 0 0 0 0 0 0 0 0
2465 91 0 0 0 0 0 0 0
1093 164 0 0 0 0 0 0 0
1401 239 0 0 0 0 0 0 0
1528 72 0 0 0 0 0 0 0
3084 270 0 0 0 0 0 0 0
0 0 0 0 0 0 0 0 0
0 0 0 0 0 0 0 0 0
1855 568 0 0 0 0 0 0 0
683 42 0 0 0 0 0 0 0
0 0 0 0 0 0 0 0 0
2301 12 0 0 0 0 0 0 0
0 0 0 0 0 0 0 0 0
2863 121 0 0 0 0 0 0 0
888 2 0 0 0 0 0 0 0
577 1 0 0 0 0 0 0 0
0 0 0 0 0 0 0 0 0
3916 225 0 0 0 0 0 0 0
0 0 0 0 0 0 0 0 0
0 0 0 0 0 0 0 0 0
4183 10 0 0 0 0 0 0 0
1563 11 0 0 0 0 0 0 0
3545 152 0 0 0 0 0 0 0
0 0 0 0 0 0 0 0 0
0 0 0 0 0 0 0 0 0
1139 14 0 0 0 0 0 0 0
549 5 0 0 0 0 0 0 0
906 50 0 0 0 0 0 0 0
0 0 0 0 0 0 0 0 0
2707 830 0 0 0 0 0 0 0
0 0 0 0 0 0 0 0 0
911 70 0 0 0 0 0 0 0
1600 184 0 0 0 0 0 0 0
1553 343 0 0 0 0 0 0 0
741 69 0 0 0 0 0 0 0
518 123 0 0 0 0 0 0 0
0 0 0 0 0 0 0 0 0
248 120 0 0 0 0 0 0 0
346 1392 0 0 0 0 0 0 0
149 4952 0 0 0 0 0 0 0
73 10445 0 0 0 0 0 0 0
928 17954 0 0 0 0 0 0 0
0 0 0 0 0 0 0 0 0
649 5220 0 0 0 0 0 0 0
342 2416 0 0 0 0 0 0 0
303 5862 0 0 0 0 0 0 0
1241 21977 0 0 0 0 0 0 0
496 13107 0 0 0 0 0 0 0
0 0 0 0 0 0 0 0 0
321 9719 0 0 0 0 0 0 0
418 6243 0 0 0 0 0 0 0
890 3322 0 0 0 0 0 0 0
0 0 0 0 0 0 0 0 0
2074 26502 0 0 0 0 0 0 0
0 0 0 0 0 0 0 0 0
267 16175 0 0 0 0 0 0 0
548 23798 0 0 0 0 0 0 0
38 6958 0 0 0 0 0 0 0
34 2393 0 0 0 0 0 0 0
9 753 0 0 0 0 0 0 0
44 3434 0 0 0 0 0 0 0
116 4000 0 0 0 0 0 0 0
66 4782 0 0 0 0 0 0 0
8 4737 0 0 0 0 0 0 0
270 14597 0 0 0 0 0 0 0
0 0 0 0 0 0 0 0 0
0 0 0 0 0 0 0 0 0
21 296 0 0 0 0 0 0 0
300 17622 0 0 0 0 0 0 0
970 12167 0 0 0 0 0 0 0
434 2898 0 0 0 0 0 0 0
0 0 0 0 0 0 0 0 0
387 1071 0 0 0 0 0 0 0
716 4268 0 0 0 0 0 0 0
417 235 0 0 0 0 0 0 0
626 1429 0 0 0 0 0 0 0
254 127 0 0 0 0 0 0 0
0 0 0 0 0 0 0 0 0
353 145 0 0 0 0 0 0 0
1118 778 0 0 0 0 0 0 0
592 415 0 0 0 0 0 0 0
48 32 0 0 0 0 0 0 0
188 16 0 0 0 0 0 0 0
0 0 0 0 0 0 0 0 0
422 196 0 0 0 0 0 0 0
601 92 0 0 0 0 0 0 0
0 0 0 0 0 0 0 0 0
1015 26 0 0 0 0 0 0 0
991 43 0 0 0 0 0 0 0
0 0 0 0 0 0 0 0 0
481 25 0 0 0 0 0 0 0
574 28 0 0 0 0 0 0 0
593 10 0 0 0 0 0 0 0
536 141 0 0 0 0 0 0 0
571 98 0 0 0 0 0 0 0
0 0 0 0 0 0 0 0 0
805 644 0 0 0 0 0 0 0
352 107 0 0 0 0 0 0 0
425 166 0 0 0 0 0 0 0
449 117 0 0 0 0 0 0 0
458 178 0 0 0 0 0 0 0
0 0 0 0 0 0 0 0 0
0 0 0 0 0 0 0 0 0
546 892 0 0 0 0 0 0 0
162 55 0 0 0 0 0 0 0
419 220 0 0 0 0 0 0 0
0 0 0 0 0 0 0 0 0
0 0 0 0 0 0 0 0 0
1024 395 0 0 0 0 0 0 0
275 286 0 0 0 0 0 0 0
247 287 0 0 0 0 0 0 0
316 76 0 0 0 0 0 0 0
242 131 0 0 0 0 0 0 0
0 0 0 0 0 0 0 0 0
240 1103 0 0 0 0 0 0 0
17 17 0 0 0 0 0 0 0
1 40 0 0 0 0 0 0 0
34 19 0 0 0 0 0 0 0
2 58 0 0 0 0 0 0 0
0 0 0 0 0 0 0 0 0
0 0 0 0 0 0 0 0 0
283 129 0 0 0 0 0 0 0
224 5 0 0 0 0 0 0 0
404 210 0 0 0 0 0 0 0
271 22 0 0 0 0 0 0 0
0 0 0 0 0 0 0 0 0
16308 70713 0 0 0 0 0 0 0
0 0 0 0 0 0 0 0 0
2118 26627 0 0 0 0 0 0 0
1137 18645 0 0 0 0 0 0 0
823 16290 0 0 0 0 0 0 0
758 12840 0 0 0 0 0 0 0
1769 21149 0 0 0 0 0 0 0
0 0 0 0 0 0 0 0 0
0 0 0 0 0 0 0 0 0
2026 20342 0 0 0 0 0 0 0
967 4214 0 0 0 0 0 0 0
1048 2742 0 0 0 0 0 0 0
828 1900 0 0 0 0 0 0 0
0 0 0 0 0 0 0 0 0
1875 9358 0 0 0 0 0 0 0
2469 9738 0 0 0 0 0 0 0
1245 4548 0 0 0 0 0 0 0
983 7125 0 0 0 0 0 0 0
0 433 0 0 0 0 0 0 0
0 0 0 0 0 0 0 0 0
0 0 0 0 0 0 0 0 0
1084 25396 0 0 0 0 0 0 0
510 10757 0 0 0 0 0 0 0
299 2570 0 0 0 0 0 0 0
0 0 0 0 0 0 0 0 0
0 0 0 0 0 0 0 0 0
1350 2618 0 0 0 0 0 0 0
756 2202 0 0 0 0 0 0 0
86 170 0 0 0 0 0 0 0
184 30 0 0 0 0 0 0 0
158 82 0 0 0 0 0 0 0
0 0 0 0 0 0 0 0 0
109 178 0 0 0 0 0 0 0
407 611 0 0 0 0 0 0 0
588 387 0 0 0 0 0 0 0
431 51 0 0 0 0 0 0 0
643 86 0 0 0 0 0 0 0
0 0 0 0 0 0 0 0 0
840 414 0 0 0 0 0 0 0
493 43 0 0 0 0 0 0 0
0 0 0 0 0 0 0 0 0
1591 1346 0 0 0 0 0 0 0
195 35 0 0 0 0 0 0 0
0 0 0 0 0 0 0 0 0
798 37 0 0 0 0 0 0 0
0 0 0 0 0 0 0 0 0
1367 68 0 0 0 0 0 0 0
898 25 0 0 0 0 0 0 0
774 1 0 0 0 0 0 0 0
0 0 0 0 0 0 0 0 0
636 10 0 0 0 0 0 0 0
894 2 0 0 0 0 0 0 0
2120 14 0 0 0 0 0 0 0
516 0 0 0 0 0 0 0 0
231 0 0 0 0 0 0 0 0
0 0 0 0 0 0 0 0 0
467 37 0 0 0 0 0 0 0
0 0 0 0 0 0 0 0 0
517 30 0 0 0 0 0 0 0
213 2 0 0 0 0 0 0 0
224 0 0 0 0 0 0 0 0
0 0 0 0 0 0 0 0 0
1168 5 0 0 0 0 0 0 0
669 1 0 0 0 0 0 0 0
348 0 0 0 0 0 0 0 0
348 0 0 0 0 0 0 0 0
378 0 0 0 0 0 0 0 0
0 0 0 0 0 0 0 0 0
633 7 0 0 0 0 0 0 0
0 0 0 0 0 0 0 0 0
558 9 0 0 0 0 0 0 0
262 0 0 0 0 0 0 0 0
878 1 0 0 0 0 0 0 0
0 0 0 0 0 0 0 0 0
423 0 0 0 0 0 0 0 0
393 0 0 0 0 0 0 0 0
0 0 0 0 0 0 0 0 0
1595 13 0 0 0 0 0 0 0
125 10 0 0 0 0 0 0 0
0 0 0 0 0 0 0 0 0
159 2 0 0 0 0 0 0 0
98 2 0 0 0 0 0 0 0
34 0 0 0 0 0 0 0 0
127 5 0 0 0 0 0 0 0
86 2 0 0 0 0 0 0 0
0 0 0 0 0 0 0 0 0
353 0 0 0 0 0 0 0 0
49 4 0 0 0 0 0 0 0
0 0 0 0 0 0 0 0 0
447 9 0 0 0 0 0 0 0
63 0 0 0 0 0 0 0 0
0 0 0 0 0 0 0 0 0
265 461 0 0 0 0 0 0 0
262 268 0 0 0 0 0 0 0
201 46 0 0 0 0 0 0 0
227 310 0 0 0 0 0 0 0
350 2990 0 0 0 0 0 0 0
0 0 0 0 0 0 0 0 0
105 2769 0 0 0 0 0 0 0
110 2657 0 0 0 0 0 0 0
90 2883 0 0 0 0 0 0 0
273 9246 0 0 0 0 0 0 0
23 5181 0 0 0 0 0 0 0
0 0 0 0 0 0 0 0 0
117 8875 0 0 0 0 0 0 0
181 9924 0 0 0 0 0 0 0
600 16475 0 0 0 0 0 0 0
0 0 0 0 0 0 0 0 0
786 1380 0 0 0 0 0 0 0
0 0 0 0 0 0 0 0 0
283 3818 0 0 0 0 0 0 0
966 19674 0 0 0 0 0 0 0
448 11334 0 0 0 0 0 0 0
371 10054 0 0 0 0 0 0 0
442 7202 0 0 0 0 0 0 0
18544 52363 0 0 0 0 0 0 0
0 0 0 0 0 0 0 0 0
616 19097 0 0 0 0 0 0 0
373 17311 0 0 0 0 0 0 0
1624 20530 0 0 0 0 0 0 0
773 2243 0 0 0 0 0 0 0
468 3537 0 0 0 0 0 0 0
0 0 0 0 0 0 0 0 0
747 13138 0 0 0 0 0 0 0
533 10137 0 0 0 0 0 0 0
0 0 0 0 0 0 0 0 0
906 14950 0 0 0 0 0 0 0
2037 8005 0 0 0 0 0 0 0
0 0 0 0 0 0 0 0 0
2138 10185 0 0 0 0 0 0 0
4723 15413 0 0 0 0 0 0 0
2889 9015 0 0 0 0 0 0 0
4931 16218 0 0 0 0 0 0 0
0 0 0 0 0 0 0 0 0
0 0 0 0 0 0 0 0 0
3887 9307 0 0 0 0 0 0 0
525 5686 0 0 0 0 0 0 0
602 26181 0 0 0 0 0 0 0
726 12202 0 0 0 0 0 0 0
1393 10219 0 0 0 0 0 0 0
0 0 0 0 0 0 0 0 0
2390 8189 0 0 0 0 0 0 0
3120 3272 0 0 0 0 0 0 0
4182 9782 0 0 0 0 0 0 0
1506 13920 0 0 0 0 0 0 0
0 0 0 0 0 0 0 0 0
0 0 0 0 0 0 0 0 0
2884 28874 0 0 0 0 0 0 0
1776 26194 0 0 0 0 0 0 0
648 7367 0 0 0 0 0 0 0
0 0 0 0 0 0 0 0 0
1140 3834 0 0 0 0 0 0 0
0 0 0 0 0 0 0 0 0
416 9558 0 0 0 0 0 0 0
410 4900 0 0 0 0 0 0 0
568 5015 0 0 0 0 0 0 0
424 1146 0 0 0 0 0 0 0
342 1005 0 0 0 0 0 0 0
0 0 0 0 0 0 0 0 0
308 921 0 0 0 0 0 0 0
728 2261 0 0 0 0 0 0 0
113 662 0 0 0 0 0 0 0
80 1578 0 0 0 0 0 0 0
27 1318 0 0 0 0 0 0 0
0 0 0 0 0 0 0 0 0
63 1470 0 0 0 0 0 0 0
0 0 0 0 0 0 0 0 0
48 8094 0 0 0 0 0 0 0
0 155 0 0 0 0 0 0 0
492 23710 0 0 0 0 0 0 0
0 0 0 0 0 0 0 0 0
0 0 0 0 0 0 0 0 0
430 13605 0 0 0 0 0 0 0
49 2440 0 0 0 0 0 0 0
179 3377 0 0 0 0 0 0 0
154 8549 0 0 0 0 0 0 0
0 0 0 0 0 0 0 0 0
127 10860 0 0 0 0 0 0 0
353 11786 0 0 0 0 0 0 0
265 859 0 0 0 0 0 0 0
91 429 0 0 0 0 0 0 0
143 3888 0 0 0 0 0 0 0
0 0 0 0 0 0 0 0 0
214 4895 0 0 0 0 0 0 0
574 9849 0 0 0 0 0 0 0
100 769 0 0 0 0 0 0 0
79 719 0 0 0 0 0 0 0
336 1320 0 0 0 0 0 0 0
0 0 0 0 0 0 0 0 0
142 138 0 0 0 0 0 0 0
35 45 0 0 0 0 0 0 0
38 233 0 0 0 0 0 0 0
164 1961 0 0 0 0 0 0 0
688 2847 0 0 0 0 0 0 0
0 0 0 0 0 0 0 0 0
0 0 0 0 0 0 0 0 0
1531 423 0 0 0 0 0 0 0
1115 72 0 0 0 0 0 0 0
3214 82 0 0 0 0 0 0 0
1695 40 0 0 0 0 0 0 0
0 0 0 0 0 0 0 0 0
2211 24 0 0 0 0 0 0 0
0 0 0 0 0 0 0 0 0
7899 398 0 0 0 0 0 0 0
4215 32 0 0 0 0 0 0 0
4550 1 0 0 0 0 0 0 0
0 0 0 0 0 0 0 0 0
4422 48 0 0 0 0 0 0 0
4597 8 0 0 0 0 0 0 0
2529 0 0 0 0 0 0 0 0
3001 0 0 0 0 0 0 0 0
4823 0 0 0 0 0 0 0 0
0 0 0 0 0 0 0 0 0
3200 0 0 0 0 0 0 0 0
0 0 0 0 0 0 0 0 0
1814 2 0 0 0 0 0 0 0
1554 0 0 0 0 0 0 0 0
1262 0 0 0 0 0 0 0 0
0 0 0 0 0 0 0 0 0
624 0 0 0 0 0 0 0 0
850 0 0 0 0 0 0 0 0
733 0 0 0 0 0 0 0 0
1564 5 0 0 0 0 0 0 0
800 0 0 0 0 0 0 0 0
0 0 0 0 0 0 0 0 0
1075 0 0 0 0 0 0 0 0
1340 0 0 0 0 0 0 0 0
1901 2 0 0 0 0 0 0 0
712 0 0 0 0 0 0 0 0
602 0 0 0 0 0 0 0 0
0 0 0 0 0 0 0 0 0
787 0 0 0 0 0 0 0 0
1462 20 0 0 0 0 0 0 0
0 0 0 0 0 0 0 0 0
991 0 0 0 0 0 0 0 0
290 1 0 0 0 0 0 0 0
0 0 0 0 0 0 0 0 0
540 2 0 0 0 0 0 0 0
346 4 0 0 0 0 0 0 0
729 0 0 0 0 0 0 0 0
1074 5 0 0 0 0 0 0 0
1277 0 0 0 0 0 0 0 0
0 0 0 0 0 0 0 0 0
0 0 0 0 0 0 0 0 0
3879 0 0 0 0 0 0 0 0
787 0 0 0 0 0 0 0 0
623 0 0 0 0 0 0 0 0
457 0 0 0 0 0 0 0 0
0 0 0 0 0 0 0 0 0
1155 0 0 0 0 0 0 0 0
0 0 0 0 0 0 0 0 0
430 0 0 0 0 0 0 0 0
1335 0 0 0 0 0 0 0 0
1162 0 0 0 0 0 0 0 0
0 0 0 0 0 0 0 0 0
0 0 0 0 0 0 0 0 0
544 0 0 0 0 0 0 0 0
0 0 0 0 0 0 0 0 0
105 0 0 0 0 0 0 0 0
158 0 0 0 0 0 0 0 0
0 0 0 0 0 0 0 0 0
67 0 0 0 0 0 0 0 0
13 0 0 0 0 0 0 0 0
92 0 0 0 0 0 0 0 0
125 0 0 0 0 0 0 0 0
135 0 0 0 0 0 0 0 0
0 0 0 0 0 0 0 0 0
38 0 0 0 0 0 0 0 0
158 0 0 0 0 0 0 0 0
206 0 0 0 0 0 0 0 0
334 0 0 0 0 0 0 0 0
935 0 0 0 0 0 0 0 0
0 0 0 0 0 0 0 0 0
262 3 0 0 0 0 0 0 0
228 0 0 0 0 0 0 0 0
237 0 0 0 0 0 0 0 0
206 1 0 0 0 0 0 0 0
1156 28 0 0 0 0 0 0 0
0 0 0 0 0 0 0 0 0
831 3 0 0 0 0 0 0 0
1148 0 0 0 0 0 0 0 0
1300 1 0 0 0 0 0 0 0
2444 15 0 0 0 0 0 0 0
0 0 0 0 0 0 0 0 0
0 0 0 0 0 0 0 0 0
1733 13 0 0 0 0 0 0 0
501 0 0 0 0 0 0 0 0
1076 0 0 0 0 0 0 0 0
266 1 0 0 0 0 0 0 0
114 0 0 0 0 0 0 0 0
0 0 0 0 0 0 0 0 0
79 0 0 0 0 0 0 0 0
42 2 0 0 0 0 0 0 0
93 0 0 0 0 0 0 0 0
1469 2 0 0 0 0 0 0 0
0 0 0 0 0 0 0 0 0
0 0 0 0 0 0 0 0 0
2459 0 0 0 0 0 0 0 0
1325 0 0 0 0 0 0 0 0
813 0 0 0 0 0 0 0 0
598 9 0 0 0 0 0 0 0
0 0 0 0 0 0 0 0 0
0 0 0 0 0 0 0 0 0
633 15 0 0 0 0 0 0 0
392 5 0 0 0 0 0 0 0
577 81 0 0 0 0 0 0 0
120 7 0 0 0 0 0 0 0
268 0 0 0 0 0 0 0 0
0 0 0 0 0 0 0 0 0
40 3 0 0 0 0 0 0 0
0 5 0 0 0 0 0 0 0
304 240 0 0 0 0 0 0 0
101 332 0 0 0 0 0 0 0
0 0 0 0 0 0 0 0 0
0 0 0 0 0 0 0 0 0
45 755 0 0 0 0 0 0 0
8 791 0 0 0 0 0 0 0
9 765 0 0 0 0 0 0 0
14 1594 0 0 0 0 0 0 0
26 3591 0 0 0 0 0 0 0
0 0 0 0 0 0 0 0 0
325 1804 0 0 0 0 0 0 0
418 520 0 0 0 0 0 0 0
137 3153 0 0 0 0 0 0 0
1 1677 0 0 0 0 0 0 0
2 74 0 0 0 0 0 0 0
0 0 0 0 0 0 0 0 0
123 49 0 0 0 0 0 0 0
564 755 0 0 0 0 0 0 0
8 64 0 0 0 0 0 0 0
2 4 0 0 0 0 0 0 0
0 0 0 0 0 0 0 0 0
0 0 0 0 0 0 0 0 0
997 123 0 0 0 0 0 0 0
253 66 0 0 0 0 0 0 0
155 35 0 0 0 0 0 0 0
73 36 0 0 0 0 0 0 0
107 30 0 0 0 0 0 0 0
0 0 0 0 0 0 0 0 0
0 0 0 0 0 0 0 0 0
1438 539 0 0 0 0 0 0 0
672 0 0 0 0 0 0 0 0
1940 5 0 0 0 0 0 0 0
0 0 0 0 0 0 0 0 0
0 0 0 0 0 0 0 0 0
1810 1 0 0 0 0 0 0 0
627 0 0 0 0 0 0 0 0
407 3 0 0 0 0 0 0 0
398 2 0 0 0 0 0 0 0
337 0 0 0 0 0 0 0 0
0 0 0 0 0 0 0 0 0
1190 6 0 0 0 0 0 0 0
301 0 0 0 0 0 0 0 0
336 0 0 0 0 0 0 0 0
642 0 0 0 0 0 0 0 0
1561 0 0 0 0 0 0 0 0
0 0 0 0 0 0 0 0 0
968 0 0 0 0 0 0 0 0
953 0 0 0 0 0 0 0 0
854 0 0 0 0 0 0 0 0
909 0 0 0 0 0 0 0 0
1304 18 0 0 0 0 0 0 0
0 0 0 0 0 0 0 0 0
738 0 0 0 0 0 0 0 0
724 0 0 0 0 0 0 0 0
0 0 0 0 0 0 0 0 0
1784 13 0 0 0 0 0 0 0
320 0 0 0 0 0 0 0 0
0 0 0 0 0 0 0 0 0
131 0 0 0 0 0 0 0 0
47 0 0 0 0 0 0 0 0
123 1 0 0 0 0 0 0 0
0 0 0 0 0 0 0 0 0
92 32 0 0 0 0 0 0 0
0 0 0 0 0 0 0 0 0
124 0 0 0 0 0 0 0 0
1378 9 0 0 0 0 0 0 0
0 0 0 0 0 0 0 0 0
1550 2 0 0 0 0 0 0 0
291 0 0 0 0 0 0 0 0
0 0 0 0 0 0 0 0 0
109 0 0 0 0 0 0 0 0
0 0 0 0 0 0 0 0 0
115 0 0 0 0 0 0 0 0
99 0 0 0 0 0 0 0 0
137 0 0 0 0 0 0 0 0
0 0 0 0 0 0 0 0 0
200 0 0 0 0 0 0 0 0
201 1 0 0 0 0 0 0 0
391 1415 0 0 0 0 0 0 0
0 0 0 0 0 0 0 0 0
1886 7555 0 0 0 0 0 0 0
0 0 0 0 0 0 0 0 0
1156 969 0 0 0 0 0 0 0
973 1547 0 0 0 0 0 0 0
1559 7159 0 0 0 0 0 0 0
942 2503 0 0 0 0 0 0 0
1390 3750 0 0 0 0 0 0 0
0 0 0 0 0 0 0 0 0
1873 3678 0 0 0 0 0 0 0
4817 13884 0 0 0 0 0 0 0
3007 6074 0 0 0 0 0 0 0
2680 8138 0 0 0 0 0 0 0
1845 11356 0 0 0 0 0 0 0
0 0 0 0 0 0 0 0 0
3394 23622 0 0 0 0 0 0 0
0 0 0 0 0 0 0 0 0
3548 26780 0 0 0 0 0 0 0
1762 17960 0 0 0 0 0 0 0
3785 26968 0 0 0 0 0 0 0
0 0 0 0 0 0 0 0 0
2109 16314 0 0 0 0 0 0 0
1831 15920 0 0 0 0 0 0 0
1742 15056 0 0 0 0 0 0 0
1401 13692 0 0 0 0 0 0 0
1563 12965 0 0 0 0 0 0 0
0 0 0 0 0 0 0 0 0
1857 21479 0 0 0 0 0 0 0
0 0 0 0 0 0 0 0 0
453 21756 0 0 0 0 0 0 0
0 0 0 0 0 0 0 0 0
2285 31506 0 0 0 0 0 0 0
0 0 0 0 0 0 0 0 0
0 0 0 0 0 0 0 0 0
1279 27643 0 0 0 0 0 0 0
326 16853 0 0 0 0 0 0 0
1317 30954 0 0 0 0 0 0 0
0 0 0 0 0 0 0 0 0
0 0 0 0 0 0 0 0 0
13924 64362 0 0 0 0 0 0 0
267 7982 0 0 0 0 0 0 0
204 11858 0 0 0 0 0 0 0
59 2899 0 0 0 0 0 0 0
162 1728 0 0 0 0 0 0 0
68 967 0 0 0 0 0 0 0
0 0 0 0 0 0 0 0 0
135 971 0 0 0 0 0 0 0
210 652 0 0 0 0 0 0 0
287 562 0 0 0 0 0 0 0
237 395 0 0 0 0 0 0 0
817 1533 0 0 0 0 0 0 0
0 0 0 0 0 0 0 0 0
162 31 0 0 0 0 0 0 0
170 56 0 0 0 0 0 0 0
554 552 0 0 0 0 0 0 0
0 0 0 0 0 0 0 0 0
610 697 0 0 0 0 0 0 0
0 0 0 0 0 0 0 0 0
136 77 0 0 0 0 0 0 0
402 1308 0 0 0 0 0 0 0
135 43 0 0 0 0 0 0 0
177 38 0 0 0 0 0 0 0
169 13 0 0 0 0 0 0 0
0 0 0 0 0 0 0 0 0
520 46 0 0 0 0 0 0 0
2386 96 0 0 0 0 0 0 0
1355 7 0 0 0 0 0 0 0
0 0 0 0 0 0 0 0 0
3045 73 0 0 0 0 0 0 0
0 0 0 0 0 0 0 0 0
2497 78 0 0 0 0 0 0 0
1405 7 0 0 0 0 0 0 0
1767 45 0 0 0 0 0 0 0
1957 6 0 0 0 0 0 0 0
3534 188 0 0 0 0 0 0 0
0 0 0 0 0 0 0 0 0
1629 2 0 0 0 0 0 0 0
1282 12 0 0 0 0 0 0 0
959 10 0 0 0 0 0 0 0
512 0 0 0 0 0 0 0 0
0 0 0 0 0 0 0 0 0
0 0 0 0 0 0 0 0 0
2006 340 0 0 0 0 0 0 0
913 11 0 0 0 0 0 0 0
830 66 0 0 0 0 0 0 0
848 47 0 0 0 0 0 0 0
1954 221 0 0 0 0 0 0 0
0 0 0 0 0 0 0 0 0
988 17 0 0 0 0 0 0 0
1066 146 0 0 0 0 0 0 0
1245 481 0 0 0 0 0 0 0
1530 928 0 0 0 0 0 0 0
0 0 0 0 0 0 0 0 0
0 0 0 0 0 0 0 0 0
3592 13656 0 0 0 0 0 0 0
921 1602 0 0 0 0 0 0 0
2023 3512 0 0 0 0 0 0 0
0 0 0 0 0 0 0 0 0
1588 3502 0 0 0 0 0 0 0
0 0 0 0 0 0 0 0 0
1565 1039 0 0 0 0 0 0 0
987 1729 0 0 0 0 0 0 0
850 2973 0 0 0 0 0 0 0
754 4515 0 0 0 0 0 0 0
1350 5705 0 0 0 0 0 0 0
0 0 0 0 0 0 0 0 0
672 75 0 0 0 0 0 0 0
749 29 0 0 0 0 0 0 0
733 385 0 0 0 0 0 0 0
1101 3003 0 0 0 0 0 0 0
655 145 0 0 0 0 0 0 0
0 0 0 0 0 0 0 0 0
1197 27 0 0 0 0 0 0 0
1222 23 0 0 0 0 0 0 0
971 8 0 0 0 0 0 0 0
1697 11 0 0 0 0 0 0 0
245 0 0 0 0 0 0 0 0
0 0 0 0 0 0 0 0 0
92 17 0 0 0 0 0 0 0
0 0 0 0 0 0 0 0 0
1608 12 0 0 0 0 0 0 0
474 0 0 0 0 0 0 0 0
334 4 0 0 0 0 0 0 0
0 0 0 0 0 0 0 0 0
313 6 0 0 0 0 0 0 0
1050 16 0 0 0 0 0 0 0
0 0 0 0 0 0 0 0 0
1260 196 0 0 0 0 0 0 0
340 16 0 0 0 0 0 0 0
0 0 0 0 0 0 0 0 0
1394 48 0 0 0 0 0 0 0
0 0 0 0 0 0 0 0 0
2454 3 0 0 0 0 0 0 0
1344 0 0 0 0 0 0 0 0
1775 0 0 0 0 0 0 0 0
0 0 0 0 0 0 0 0 0
0 0 0 0 0 0 0 0 0
2829 2 0 0 0 0 0 0 0
1617 2 0 0 0 0 0 0 0
1800 0 0 0 0 0 0 0 0
433 0 0 0 0 0 0 0 0
14846 26742 0 0 0 0 0 0 0
106 42 0 0 0 0 0 0 0
44 8 0 0 0 0 0 0 0
97 0 0 0 0 0 0 0 0
0 0 0 0 0 0 0 0 0
14 0 0 0 0 0 0 0 0
0 0 0 0 0 0 0 0 0
227 4 0 0 0 0 0 0 0
234 35 0 0 0 0 0 0 0
0 0 0 0 0 0 0 0 0
0 0 0 0 0 0 0 0 0
133 2133 0 0 0 0 0 0 0
177 12377 0 0 0 0 0 0 0
107 9131 0 0 0 0 0 0 0
34 10405 0 0 0 0 0 0 0
28 11843 0 0 0 0 0 0 0
0 0 0 0 0 0 0 0 0
14 27182 0 0 0 0 0 0 0
0 0 0 0 0 0 0 0 0
93 32941 0 0 0 0 0 0 0
155 22472 0 0 0 0 0 0 0
901 32964 0 0 0 0 0 0 0
0 0 0 0 0 0 0 0 0
919 23560 0 0 0 0 0 0 0
1611 23429 0 0 0 0 0 0 0
2148 22774 0 0 0 0 0 0 0
2587 21890 0 0 0 0 0 0 0
3940 30875 0 0 0 0 0 0 0
0 0 0 0 0 0 0 0 0
2221 21154 0 0 0 0 0 0 0
1500 20138 0 0 0 0 0 0 0
963 18644 0 0 0 0 0 0 0
2392 26797 0 0 0 0 0 0 0
1365 16053 0 0 0 0 0 0 0
0 0 0 0 0 0 0 0 0
1523 13939 0 0 0 0 0 0 0
1633 11901 0 0 0 0 0 0 0
2748 19477 0 0 0 0 0 0 0
1433 14107 0 0 0 0 0 0 0
1498 14616 0 0 0 0 0 0 0
0 0 0 0 0 0 0 0 0
1250 14375 0 0 0 0 0 0 0
1337 14155 0 0 0 0 0 0 0
966 14457 0 0 0 0 0 0 0
1688 20518 0 0 0 0 0 0 0
0 0 0 0 0 0 0 0 0
0 0 0 0 0 0 0 0 0
1083 12678 0 0 0 0 0 0 0
0 0 0 0 0 0 0 0 0
635 3894 0 0 0 0 0 0 0
184 6149 0 0 0 0 0 0 0
173 10404 0 0 0 0 0 0 0
0 0 0 0 0 0 0 0 0
187 9486 0 0 0 0 0 0 0
1087 13726 0 0 0 0 0 0 0
0 0 0 0 0 0 0 0 0
527 12369 0 0 0 0 0 0 0
2256 22627 0 0 0 0 0 0 0
0 0 0 0 0 0 0 0 0
743 15356 0 0 0 0 0 0 0
685 14774 0 0 0 0 0 0 0
1300 22165 0 0 0 0 0 0 0
43 13068 0 0 0 0 0 0 0
27 12356 0 0 0 0 0 0 0
0 0 0 0 0 0 0 0 0
122 13404 0 0 0 0 0 0 0
0 16839 0 0 0 0 0 0 0
219 28760 0 0 0 0 0 0 0
158 15242 0 0 0 0 0 0 0
160 13277 0 0 0 0 0 0 0
0 0 0 0 0 0 0 0 0
25 11303 0 0 0 0 0 0 0
394 20788 0 0 0 0 0 0 0
571 14099 0 0 0 0 0 0 0
561 14918 0 0 0 0 0 0 0
428 15672 0 0 0 0 0 0 0
0 0 0 0 0 0 0 0 0
466 16072 0 0 0 0 0 0 0
1350 25867 0 0 0 0 0 0 0
575 14894 0 0 0 0 0 0 0
360 14329 0 0 0 0 0 0 0
159 14176 0 0 0 0 0 0 0
0 0 0 0 0 0 0 0 0
252 13700 0 0 0 0 0 0 0
1025 19151 0 0 0 0 0 0 0
531 10494 0 0 0 0 0 0 0
322 8867 0 0 0 0 0 0 0
730 12002 0 0 0 0 0 0 0
0 0 0 0 0 0 0 0 0
1513 7415 0 0 0 0 0 0 0
2433 9633 0 0 0 0 0 0 0
3061 11856 0 0 0 0 0 0 0
0 0 0 0 0 0 0 0 0
3214 22113 0 0 0 0 0 0 0
0 0 0 0 0 0 0 0 0
2292 16216 0 0 0 0 0 0 0
2360 24459 0 0 0 0 0 0 0
237 13819 0 0 0 0 0 0 0
184 12452 0 0 0 0 0 0 0
159 9579 0 0 0 0 0 0 0
0 0 0 0 0 0 0 0 0
470 15183 0 0 0 0 0 0 0
0 0 0 0 0 0 0 0 0
735 12513 0 0 0 0 0 0 0
510 3086 0 0 0 0 0 0 0
189 7218 0 0 0 0 0 0 0
0 0 0 0 0 0 0 0 0
261 1367 0 0 0 0 0 0 0
668 3384 0 0 0 0 0 0 0
463 1092 0 0 0 0 0 0 0
399 667 0 0 0 0 0 0 0
3 855 0 0 0 0 0 0 0
0 0 0 0 0 0 0 0 0
43 544 0 0 0 0 0 0 0
0 0 0 0 0 0 0 0 0
213 3848 0 0 0 0 0 0 0
1041 6707 0 0 0 0 0 0 0
652 3497 0 0 0 0 0 0 0
0 0 0 0 0 0 0 0 0
0 0 0 0 0 0 0 0 0
1785 9760 0 0 0 0 0 0 0
531 11216 0 0 0 0 0 0 0
123 8392 0 0 0 0 0 0 0
337 9176 0 0 0 0 0 0 0
0 0 0 0 0 0 0 0 0
332 10302 0 0 0 0 0 0 0
49 11513 0 0 0 0 0 0 0
0 0 0 0 0 0 0 0 0
49 13204 0 0 0 0 0 0 0
134 22871 0 0 0 0 0 0 0
0 0 0 0 0 0 0 0 0
375 22799 0 0 0 0 0 0 0
79 14825 0 0 0 0 0 0 0
30 14424 0 0 0 0 0 0 0
81 14285 0 0 0 0 0 0 0
303 21240 0 0 0 0 0 0 0
0 0 0 0 0 0 0 0 0
0 0 0 0 0 0 0 0 0
444 20119 0 0 0 0 0 0 0
442 10705 0 0 0 0 0 0 0
807 14758 0 0 0 0 0 0 0
68 2951 0 0 0 0 0 0 0
0 0 0 0 0 0 0 0 0
101 509 0 0 0 0 0 0 0
60 89 0 0 0 0 0 0 0
86 156 0 0 0 0 0 0 0
147 8776 0 0 0 0 0 0 0
80 6231 0 0 0 0 0 0 0
0 0 0 0 0 0 0 0 0
78 7723 0 0 0 0 0 0 0
104 9964 0 0 0 0 0 0 0
80 11576 0 0 0 0 0 0 0
379 19598 0 0 0 0 0 0 0
37 11779 0 0 0 0 0 0 0
0 0 0 0 0 0 0 0 0
75 13609 0 0 0 0 0 0 0
288 24044 0 0 0 0 0 0 0
28 17355 0 0 0 0 0 0 0
43 18096 0 0 0 0 0 0 0
24 18344 0 0 0 0 0 0 0
0 0 0 0 0 0 0 0 0
27 17391 0 0 0 0 0 0 0
19 16884 0 0 0 0 0 0 0
0 16069 0 0 0 0 0 0 0
70 25103 0 0 0 0 0 0 0
54 14945 0 0 0 0 0 0 0
0 0 0 0 0 0 0 0 0
90 15129 0 0 0 0 0 0 0
307 30438 0 0 0 0 0 0 0
277 25655 0 0 0 0 0 0 0
0 0 0 0 0 0 0 0 0
132 39719 0 0 0 0 0 0 0
0 0 0 0 0 0 0 0 0
282 41758 0 0 0 0 0 0 0
0 0 0 0 0 0 0 0 0
395 42451 0 0 0 0 0 0 0
61 24477 0 0 0 0 0 0 0
1385 22203 0 0 0 0 0 0 0
0 0 0 0 0 0 0 0 0
1676 20809 0 0 0 0 0 0 0
3381 31249 0 0 0 0 0 0 0
979 17948 0 0 0 0 0 0 0
0 0 0 0 0 0 0 0 0
2114 28832 0 0 0 0 0 0 0
0 0 0 0 0 0 0 0 0
791 11910 0 0 0 0 0 0 0
1262 19868 0 0 0 0 0 0 0
681 5177 0 0 0 0 0 0 0
110 2833 0 0 0 0 0 0 0
728 1490 0 0 0 0 0 0 0
0 0 0 0 0 0 0 0 0
173 9414 0 0 0 0 0 0 0
0 1 0 0 0 0 0 0 0
592 9429 0 0 0 0 0 0 0
631 658 0 0 0 0 0 0 0
513 435 0 0 0 0 0 0 0
0 0 0 0 0 0 0 0 0
2704 7694 0 0 0 0 0 0 0
952 530 0 0 0 0 0 0 0
1150 612 0 0 0 0 0 0 0
1045 187 0 0 0 0 0 0 0
1696 1587 0 0 0 0 0 0 0
0 0 0 0 0 0 0 0 0
2534 2701 0 0 0 0 0 0 0
1500 2136 0 0 0 0 0 0 0
1179 56 0 0 0 0 0 0 0
1976 1487 0 0 0 0 0 0 0
341 6 0 0 0 0 0 0 0
0 0 0 0 0 0 0 0 0
346 883 0 0 0 0 0 0 0
0 0 0 0 0 0 0 0 0
407 11704 0 0 0 0 0 0 0
273 13664 0 0 0 0 0 0 0
276 20087 0 0 0 0 0 0 0
0 0 0 0 0 0 0 0 0
431 30348 0 0 0 0 0 0 0
200 23223 0 0 0 0 0 0 0
408 23660 0 0 0 0 0 0 0
280 23202 0 0 0 0 0 0 0
565 22517 0 0 0 0 0 0 0
0 0 0 0 0 0 0 0 0
1884 29455 0 0 0 0 0 0 0
1445 13799 0 0 0 0 0 0 0
1083 14136 0 0 0 0 0 0 0
1853 27452 0 0 0 0 0 0 0
859 15491 0 0 0 0 0 0 0
0 0 0 0 0 0 0 0 0
0 0 0 0 0 0 0 0 0
2504 18143 0 0 0 0 0 0 0
810 4434 0 0 0 0 0 0 0
902 11349 0 0 0 0 0 0 0
1455 11620 0 0 0 0 0 0 0
0 0 0 0 0 0 0 0 0
496 943 0 0 0 0 0 0 0
863 822 0 0 0 0 0 0 0
1772 1693 0 0 0 0 0 0 0
1056 1874 0 0 0 0 0 0 0
520 25 0 0 0 0 0 0 0
0 0 0 0 0 0 0 0 0
455 609 0 0 0 0 0 0 0
1175 729 0 0 0 0 0 0 0
507 792 0 0 0 0 0 0 0
177 26 0 0 0 0 0 0 0
493 91 0 0 0 0 0 0 0
0 0 0 0 0 0 0 0 0
0 0 0 0 0 0 0 0 0
1298 101 0 0 0 0 0 0 0
1115 454 0 0 0 0 0 0 0
359 65 0 0 0 0 0 0 0
284 57 0 0 0 0 0 0 0
0 0 0 0 0 0 0 0 0
60 8 0 0 0 0 0 0 0
496 1133 0 0 0 0 0 0 0
200 2 0 0 0 0 0 0 0
128 6 0 0 0 0 0 0 0
101 0 0 0 0 0 0 0 0
0 0 0 0 0 0 0 0 0
271 282 0 0 0 0 0 0 0
0 0 0 0 0 0 0 0 0
364 17 0 0 0 0 0 0 0
162 0 0 0 0 0 0 0 0
235 41 0 0 0 0 0 0 0
0 0 0 0 0 0 0 0 0
195 4 0 0 0 0 0 0 0
676 2 0 0 0 0 0 0 0
0 0 0 0 0 0 0 0 0
1280 319 0 0 0 0 0 0 0
870 11 0 0 0 0 0 0 0
0 0 0 0 0 0 0 0 0
2158 106 0 0 0 0 0 0 0
1231 33 0 0 0 0 0 0 0
0 0 0 0 0 0 0 0 0
2394 943 0 0 0 0 0 0 0
1353 87 0 0 0 0 0 0 0
0 0 0 0 0 0 0 0 0
1515 61 0 0 0 0 0 0 0
912 0 0 0 0 0 0 0 0
1043 3 0 0 0 0 0 0 0
1427 25 0 0 0 0 0 0 0
1569 2 0 0 0 0 0 0 0
0 0 0 0 0 0 0 0 0
3026 22 0 0 0 0 0 0 0
1657 2 0 0 0 0 0 0 0
0 0 0 0 0 0 0 0 0
1979 16 0 0 0 0 0 0 0
1291 131 0 0 0 0 0 0 0
0 0 0 0 0 0 0 0 0
622 0 0 0 0 0 0 0 0
341 1 0 0 0 0 0 0 0
0 0 0 0 0 0 0 0 0
1422 42 0 0 0 0 0 0 0
88 0 0 0 0 0 0 0 0
0 0 0 0 0 0 0 0 0
78 0 0 0 0 0 0 0 0
95 0 0 0 0 0 0 0 0
50 0 0 0 0 0 0 0 0
165 0 0 0 0 0 0 0 0
922 5 0 0 0 0 0 0 0
0 0 0 0 0 0 0 0 0
865 0 0 0 0 0 0 0 0
1458 0 0 0 0 0 0 0 0
0 0 0 0 0 0 0 0 0
4233 20 0 0 0 0 0 0 0
4299 27 0 0 0 0 0 0 0
0 0 0 0 0 0 0 0 0
1671 2 0 0 0 0 0 0 0
759 0 0 0 0 0 0 0 0
642 0 0 0 0 0 0 0 0
1091 1 0 0 0 0 0 0 0
3054 0 0 0 0 0 0 0 0
0 0 0 0 0 0 0 0 0
1311 0 0 0 0 0 0 0 0
1114 0 0 0 0 0 0 0 0
495 0 0 0 0 0 0 0 0
1121 0 0 0 0 0 0 0 0
539 0 0 0 0 0 0 0 0
0 0 0 0 0 0 0 0 0
481 0 0 0 0 0 0 0 0
656 0 0 0 0 0 0 0 0
560 0 0 0 0 0 0 0 0
1432 1 0 0 0 0 0 0 0
0 0 0 0 0 0 0 0 0
0 0 0 0 0 0 0 0 0
568 0 0 0 0 0 0 0 0
973 0 0 0 0 0 0 0 0
763 0 0 0 0 0 0 0 0
1041 0 0 0 0 0 0 0 0
1397 2 0 0 0 0 0 0 0
0 0 0 0 0 0 0 0 0
3243 0 0 0 0 0 0 0 0
0 0 0 0 0 0 0 0 0
3113 1 0 0 0 0 0 0 0
1938 0 0 0 0 0 0 0 0
2100 0 0 0 0 0 0 0 0
0 0 0 0 0 0 0 0 0
2075 7 0 0 0 0 0 0 0
2780 630 0 0 0 0 0 0 0
939 304 0 0 0 0 0 0 0
680 345 0 0 0 0 0 0 0
0 0 0 0 0 0 0 0 0
0 0 0 0 0 0 0 0 0
2830 1024 0 0 0 0 0 0 0
0 0 0 0 0 0 0 0 0
2787 378 0 0 0 0 0 0 0
1223 0 0 0 0 0 0 0 0
902 5 0 0 0 0 0 0 0
0 0 0 0 0 0 0 0 0
0 0 0 0 0 0 0 0 0
2265 51 0 0 0 0 0 0 0
157 0 0 0 0 0 0 0 0
77 0 0 0 0 0 0 0 0
26 0 0 0 0 0 0 0 0
0 0 0 0 0 0 0 0 0
229 5 0 0 0 0 0 0 0
141 0 0 0 0 0 0 0 0
70 0 0 0 0 0 0 0 0
52 0 0 0 0 0 0 0 0
329 2 0 0 0 0 0 0 0
0 0 0 0 0 0 0 0 0
82 0 0 0 0 0 0 0 0
154 0 0 0 0 0 0 0 0
245 0 0 0 0 0 0 0 0
326 0 0 0 0 0 0 0 0
433 0 0 0 0 0 0 0 0
0 0 0 0 0 0 0 0 0
1866 0 0 0 0 0 0 0 0
0 0 0 0 0 0 0 0 0
1269 0 0 0 0 0 0 0 0
352 0 0 0 0 0 0 0 0
767 0 0 0 0 0 0 0 0
0 0 0 0 0 0 0 0 0
140 0 0 0 0 0 0 0 0
45 0 0 0 0 0 0 0 0
0 0 0 0 0 0 0 0 0
938 0 0 0 0 0 0 0 0
112 0 0 0 0 0 0 0 0
0 0 0 0 0 0 0 0 0
130 0 0 0 0 0 0 0 0
270 0 0 0 0 0 0 0 0
1061 6 0 0 0 0 0 0 0
685 0 0 0 0 0 0 0 0
683 1 0 0 0 0 0 0 0
0 0 0 0 0 0 0 0 0
829 5 0 0 0 0 0 0 0
1284 3 0 0 0 0 0 0 0
2176 2 0 0 0 0 0 0 0
2685 0 0 0 0 0 0 0 0
2853 0 0 0 0 0 0 0 0
0 0 0 0 0 0 0 0 0
4753 3 0 0 0 0 0 0 0
0 0 0 0 0 0 0 0 0
5088 9 0 0 0 0 0 0 0
5826 0 0 0 0 0 0 0 0
3800 0 0 0 0 0 0 0 0
0 0 0 0 0 0 0 0 0
3874 0 0 0 0 0 0 0 0
3655 0 0 0 0 0 0 0 0
5880 0 0 0 0 0 0 0 0
3511 0 0 0 0 0 0 0 0
3533 0 0 0 0 0 0 0 0
0 0 0 0 0 0 0 0 0
3283 0 0 0 0 0 0 0 0
0 0 0 0 0 0 0 0 0
6498 0 0 0 0 0 0 0 0
2756 0 0 0 0 0 0 0 0
2606 0 0 0 0 0 0 0 0
0 0 0 0 0 0 0 0 0
2057 3 0 0 0 0 0 0 0
2825 31 0 0 0 0 0 0 0
736 0 0 0 0 0 0 0 0
484 0 0 0 0 0 0 0 0
525 0 0 0 0 0 0 0 0
0 0 0 0 0 0 0 0 0
1276 11 0 0 0 0 0 0 0
959 7 0 0 0 0 0 0 0
1327 0 0 0 0 0 0 0 0
1718 0 0 0 0 0 0 0 0
1944 0 0 0 0 0 0 0 0
0 0 0 0 0 0 0 0 0
2203 1 0 0 0 0 0 0 0
3687 66 0 0 0 0 0 0 0
1261 80 0 0 0 0 0 0 0
1003 52 0 0 0 0 0 0 0
779 260 0 0 0 0 0 0 0
0 0 0 0 0 0 0 0 0
647 1139 0 0 0 0 0 0 0
1471 24408 0 0 0 0 0 0 0
15819 62392 0 0 0 0 0 0 0
788 3348 0 0 0 0 0 0 0
603 2675 0 0 0 0 0 0 0
455 7751 0 0 0 0 0 0 0
0 0 0 0 0 0 0 0 0
0 0 0 0 0 0 0 0 0
934 16244 0 0 0 0 0 0 0
1794 21064 0 0 0 0 0 0 0
336 12123 0 0 0 0 0 0 0
394 10567 0 0 0 0 0 0 0
1729 16422 0 0 0 0 0 0 0
0 0 0 0 0 0 0 0 0
1000 6814 0 0 0 0 0 0 0
1448 6789 0 0 0 0 0 0 0
1363 5226 0 0 0 0 0 0 0
3710 4239 0 0 0 0 0 0 0
391 0 0 0 0 0 0 0 0
0 0 0 0 0 0 0 0 0
0 0 0 0 0 0 0 0 0
4243 6729 0 0 0 0 0 0 0
803 3427 0 0 0 0 0 0 0
1523 7950 0 0 0 0 0 0 0
489 3867 0 0 0 0 0 0 0
0 0 0 0 0 0 0 0 0
377 4963 0 0 0 0 0 0 0
265 6097 0 0 0 0 0 0 0
0 0 0 0 0 0 0 0 0
1937 14122 0 0 0 0 0 0 0
914 4856 0 0 0 0 0 0 0
0 0 0 0 0 0 0 0 0
845 5252 0 0 0 0 0 0 0
889 5533 0 0 0 0 0 0 0
1649 6883 0 0 0 0 0 0 0
679 283 0 0 0 0 0 0 0
65 0 0 0 0 0 0 0 0
0 0 0 0 0 0 0 0 0
1243 517 0 0 0 0 0 0 0
264 1709 0 0 0 0 0 0 0
714 4552 0 0 0 0 0 0 0
286 2615 0 0 0 0 0 0 0
801 2353 0 0 0 0 0 0 0
0 0 0 0 0 0 0 0 0
767 834 0 0 0 0 0 0 0
1159 3012 0 0 0 0 0 0 0
1198 5492 0 0 0 0 0 0 0
3623 15143 0 0 0 0 0 0 0
2949 11962 0 0 0 0 0 0 0
0 0 0 0 0 0 0 0 0
3398 10945 0 0 0 0 0 0 0
3618 6679 0 0 0 0 0 0 0
5717 19785 0 0 0 0 0 0 0
3118 15816 0 0 0 0 0 0 0
2850 14683 0 0 0 0 0 0 0
0 0 0 0 0 0 0 0 0
1990 12533 0 0 0 0 0 0 0
1175 21776 0 0 0 0 0 0 0
0 0 0 0 0 0 0 0 0
1204 23868 0 0 0 0 0 0 0
534 14624 0 0 0 0 0 0 0
0 0 0 0 0 0 0 0 0
468 12782 0 0 0 0 0 0 0
1021 18627 0 0 0 0 0 0 0
854 5144 0 0 0 0 0 0 0
1070 1740 0 0 0 0 0 0 0
934 247 0 0 0 0 0 0 0
0 0 0 0 0 0 0 0 0
870 33 0 0 0 0 0 0 0
682 13 0 0 0 0 0 0 0
846 261 0 0 0 0 0 0 0
781 1027 0 0 0 0 0 0 0
1503 1109 0 0 0 0 0 0 0
0 0 0 0 0 0 0 0 0
327 6 0 0 0 0 0 0 0
485 124 0 0 0 0 0 0 0
425 1 0 0 0 0 0 0 0
664 16 0 0 0 0 0 0 0
0 0 0 0 0 0 0 0 0
0 0 0 0 0 0 0 0 0
3035 292 0 0 0 0 0 0 0
775 12 0 0 0 0 0 0 0
514 0 0 0 0 0 0 0 0
649 0 0 0 0 0 0 0 0
661 0 0 0 0 0 0 0 0
0 0 0 0 0 0 0 0 0
1697 929 0 0 0 0 0 0 0
1048 0 0 0 0 0 0 0 0
1142 0 0 0 0 0 0 0 0
3231 72 0 0 0 0 0 0 0
0 0 0 0 0 0 0 0 0
0 0 0 0 0 0 0 0 0
3688 9 0 0 0 0 0 0 0
2301 0 0 0 0 0 0 0 0
2207 0 0 0 0 0 0 0 0
2451 5 0 0 0 0 0 0 0
4466 23 0 0 0 0 0 0 0
0 0 0 0 0 0 0 0 0
1604 0 0 0 0 0 0 0 0
1589 4 0 0 0 0 0 0 0
0 0 0 0 0 0 0 0 0
4873 92 0 0 0 0 0 0 0
4966 0 0 0 0 0 0 0 0
0 0 0 0 0 0 0 0 0
2209 0 0 0 0 0 0 0 0
2042 0 0 0 0 0 0 0 0
2003 2 0 0 0 0 0 0 0
1975 9 0 0 0 0 0 0 0
2686 4 0 0 0 0 0 0 0
0 0 0 0 0 0 0 0 0
1231 0 0 0 0 0 0 0 0
434 0 0 0 0 0 0 0 0
180 10 0 0 0 0 0 0 0
629 10 0 0 0 0 0 0 0
99 0 0 0 0 0 0 0 0
0 0 0 0 0 0 0 0 0
223 1 0 0 0 0 0 0 0
385 0 0 0 0 0 0 0 0
1007 0 0 0 0 0 0 0 0
0 0 0 0 0 0 0 0 0
1814 0 0 0 0 0 0 0 0
0 0 0 0 0 0 0 0 0
852 0 0 0 0 0 0 0 0
1432 1 0 0 0 0 0 0 0
29 0 0 0 0 0 0 0 0
13 14 0 0 0 0 0 0 0
0 0 0 0 0 0 0 0 0
0 0 0 0 0 0 0 0 0
934 35 0 0 0 0 0 0 0
205 16 0 0 0 0 0 0 0
137 8 0 0 0 0 0 0 0
1102 20 0 0 0 0 0 0 0
915 0 0 0 0 0 0 0 0
0 0 0 0 0 0 0 0 0
904 0 0 0 0 0 0 0 0
811 2 0 0 0 0 0 0 0
1183 0 0 0 0 0 0 0 0
0 0 0 0 0 0 0 0 0
534 0 0 0 0 0 0 0 0
0 0 0 0 0 0 0 0 0
105 0 0 0 0 0 0 0 0
976 0 0 0 0 0 0 0 0
359 0 0 0 0 0 0 0 0
605 0 0 0 0 0 0 0 0
0 0 0 0 0 0 0 0 0
0 0 0 0 0 0 0 0 0
2569 6 0 0 0 0 0 0 0
2278 0 0 0 0 0 0 0 0
625 0 0 0 0 0 0 0 0
628 0 0 0 0 0 0 0 0
720 0 0 0 0 0 0 0 0
0 0 0 0 0 0 0 0 0
2119 0 0 0 0 0 0 0 0
1257 0 0 0 0 0 0 0 0
1057 0 0 0 0 0 0 0 0
1059 0 0 0 0 0 0 0 0
1607 0 0 0 0 0 0 0 0
0 0 0 0 0 0 0 0 0
876 0 0 0 0 0 0 0 0
893 0 0 0 0 0 0 0 0
801 0 0 0 0 0 0 0 0
809 0 0 0 0 0 0 0 0
939 0 0 0 0 0 0 0 0
0 0 0 0 0 0 0 0 0
2631 0 0 0 0 0 0 0 0
1255 0 0 0 0 0 0 0 0
1275 1 0 0 0 0 0 0 0
1266 0 0 0 0 0 0 0 0
2031 0 0 0 0 0 0 0 0
0 0 0 0 0 0 0 0 0
511 0 0 0 0 0 0 0 0
665 0 0 0 0 0 0 0 0
936 0 0 0 0 0 0 0 0
2728 26 0 0 0 0 0 0 0
0 0 0 0 0 0 0 0 0
0 0 0 0 0 0 0 0 0
2700 3 0 0 0 0 0 0 0
1025 0 0 0 0 0 0 0 0
762 8 0 0 0 0 0 0 0
0 0 0 0 0 0 0 0 0
1637 5175 0 0 0 0 0 0 0
0 0 0 0 0 0 0 0 0
355 4518 0 0 0 0 0 0 0
292 7209 0 0 0 0 0 0 0
270 13028 0 0 0 0 0 0 0
1414 31172 0 0 0 0 0 0 0
560 17980 0 0 0 0 0 0 0
0 0 0 0 0 0 0 0 0
0 0 0 0 0 0 0 0 0
2054 26593 0 0 0 0 0 0 0
2978 15955 0 0 0 0 0 0 0
1930 7229 0 0 0 0 0 0 0
2086 10282 0 0 0 0 0 0 0
0 0 0 0 0 0 0 0 0
2784 14402 0 0 0 0 0 0 0
4882 29350 0 0 0 0 0 0 0
2379 19370 0 0 0 0 0 0 0
2063 19694 0 0 0 0 0 0 0
1710 19245 0 0 0 0 0 0 0
0 0 0 0 0 0 0 0 0
0 0 0 0 0 0 0 0 0
4754 32027 0 0 0 0 0 0 0
2820 9264 0 0 0 0 0 0 0
3047 4650 0 0 0 0 0 0 0
3544 2539 0 0 0 0 0 0 0
0 0 0 0 0 0 0 0 0
5156 4718 0 0 0 0 0 0 0
1093 897 0 0 0 0 0 0 0
475 54 0 0 0 0 0 0 0
2332 2743 0 0 0 0 0 0 0
2485 1002 0 0 0 0 0 0 0
0 0 0 0 0 0 0 0 0
1298 389 0 0 0 0 0 0 0
1242 2147 0 0 0 0 0 0 0
902 2754 0 0 0 0 0 0 0
922 3355 0 0 0 0 0 0 0
1352 1353 0 0 0 0 0 0 0
0 0 0 0 0 0 0 0 0
2831 1979 0 0 0 0 0 0 0
1057 6 0 0 0 0 0 0 0
957 7 0 0 0 0 0 0 0
1077 30 0 0 0 0 0 0 0
2290 601 0 0 0 0 0 0 0
0 0 0 0 0 0 0 0 0
0 0 0 0 0 0 0 0 0
1026 233 0 0 0 0 0 0 0
2335 4916 0 0 0 0 0 0 0
2180 17238 0 0 0 0 0 0 0
0 0 0 0 0 0 0 0 0
0 0 0 0 0 0 0 0 0
2119 19592 0 0 0 0 0 0 0
1498 13179 0 0 0 0 0 0 0
1693 15637 0 0 0 0 0 0 0
2093 18068 0 0 0 0 0 0 0
5532 32409 0 0 0 0 0 0 0
0 0 0 0 0 0 0 0 0
0 0 0 0 0 0 0 0 0
5049 32184 0 0 0 0 0 0 0
0 0 0 0 0 0 0 0 0
6072 31305 0 0 0 0 0 0 0
6251 27526 0 0 0 0 0 0 0
0 0 0 0 0 0 0 0 0
3143 13144 0 0 0 0 0 0 0
2651 12016 0 0 0 0 0 0 0
2073 10942 0 0 0 0 0 0 0
3587 20330 0 0 0 0 0 0 0
1729 11379 0 0 0 0 0 0 0
0 0 0 0 0 0 0 0 0
2027 12388 0 0 0 0 0 0 0
2036 12125 0 0 0 0 0 0 0
2329 10715 0 0 0 0 0 0 0
4182 18920 0 0 0 0 0 0 0
1620 9222 0 0 0 0 0 0 0
0 0 0 0 0 0 0 0 0
1700 8977 0 0 0 0 0 0 0
1462 7493 0 0 0 0 0 0 0
2793 13304 0 0 0 0 0 0 0
1245 2847 0 0 0 0 0 0 0
644 214 0 0 0 0 0 0 0
0 0 0 0 0 0 0 0 0
39 1 0 0 0 0 0 0 0
3031 813 0 0 0 0 0 0 0
0 0 0 0 0 0 0 0 0
13322 66644 0 0 0 0 0 0 0
0 0 0 0 0 0 0 0 0
1415 40 0 0 0 0 0 0 0
0 0 0 0 0 0 0 0 0
1171 3 0 0 0 0 0 0 0
558 1 0 0 0 0 0 0 0
1092 0 0 0 0 0 0 0 0
0 0 0 0 0 0 0 0 0
574 14 0 0 0 0 0 0 0
1016 2 0 0 0 0 0 0 0
1446 0 0 0 0 0 0 0 0
1799 0 0 0 0 0 0 0 0
3643 21 0 0 0 0 0 0 0
0 0 0 0 0 0 0 0 0
1733 5 0 0 0 0 0 0 0
1833 0 0 0 0 0 0 0 0
1491 47 0 0 0 0 0 0 0
5473 1246 0 0 0 0 0 0 0
2974 1186 0 0 0 0 0 0 0
0 0 0 0 0 0 0 0 0
2931 1394 0 0 0 0 0 0 0
2934 1494 0 0 0 0 0 0 0
2838 1512 0 0 0 0 0 0 0
1325 749 0 0 0 0 0 0 0
2847 1970 0 0 0 0 0 0 0
0 0 0 0 0 0 0 0 0
915 770 0 0 0 0 0 0 0
54 6 0 0 0 0 0 0 0
3222 1766 0 0 0 0 0 0 0
0 0 0 0 0 0 0 0 0
2508 53 0 0 0 0 0 0 0
0 0 0 0 0 0 0 0 0
1021 23 0 0 0 0 0 0 0
2872 6 0 0 0 0 0 0 0
1560 4 0 0 0 0 0 0 0
1730 0 0 0 0 0 0 0 0
1736 9 0 0 0 0 0 0 0
0 0 0 0 0 0 0 0 0
1655 13 0 0 0 0 0 0 0
1303 34 0 0 0 0 0 0 0
1431 64 0 0 0 0 0 0 0
1845 92 0 0 0 0 0 0 0
3600 4922 0 0 0 0 0 0 0
0 0 0 0 0 0 0 0 0
770 1706 0 0 0 0 0 0 0
473 3808 0 0 0 0 0 0 0
596 16186 0 0 0 0 0 0 0
376 11311 0 0 0 0 0 0 0
0 0 0 0 0 0 0 0 0
0 0 0 0 0 0 0 0 0
1540 31467 0 0 0 0 0 0 0
234 20301 0 0 0 0 0 0 0
718 30423 0 0 0 0 0 0 0
386 23530 0 0 0 0 0 0 0
252 22628 0 0 0 0 0 0 0
0 0 0 0 0 0 0 0 0
117 23284 0 0 0 0 0 0 0
504 33693 0 0 0 0 0 0 0
372 22889 0 0 0 0 0 0 0
102 24966 0 0 0 0 0 0 0
0 0 0 0 0 0 0 0 0
0 0 0 0 0 0 0 0 0
861 36178 0 0 0 0 0 0 0
700 28807 0 0 0 0 0 0 0
93 6786 0 0 0 0 0 0 0
589 6295 0 0 0 0 0 0 0
248 23199 0 0 0 0 0 0 0
0 0 0 0 0 0 0 0 0
0 0 0 0 0 0 0 0 0
93 25344 0 0 0 0 0 0 0
262 12510 0 0 0 0 0 0 0
145 15853 0 0 0 0 0 0 0
191 16583 0 0 0 0 0 0 0
0 0 0 0 0 0 0 0 0
14551 50374 0 0 0 0 0 0 0
1209 6123 0 0 0 0 0 0 0
1765 18672 0 0 0 0 0 0 0
0 0 0 0 0 0 0 0 0
90 12074 0 0 0 0 0 0 0
320 12758 0 0 0 0 0 0 0
34 11337 0 0 0 0 0 0 0
454 15362 0 0 0 0 0 0 0
0 0 0 0 0 0 0 0 0
0 0 0 0 0 0 0 0 0
580 6505 0 0 0 0 0 0 0
0 2 0 0 0 0 0 0 0
1212 5326 0 0 0 0 0 0 0
0 0 0 0 0 0 0 0 0
1675 10809 0 0 0 0 0 0 0
0 0 0 0 0 0 0 0 0
856 1517 0 0 0 0 0 0 0
1088 844 0 0 0 0 0 0 0
1191 1285 0 0 0 0 0 0 0
1684 4931 0 0 0 0 0 0 0
0 0 0 0 0 0 0 0 0
0 0 0 0 0 0 0 0 0
1935 4093 0 0 0 0 0 0 0
389 1526 0 0 0 0 0 0 0
715 5185 0 0 0 0 0 0 0
0 0 0 0 0 0 0 0 0
391 3633 0 0 0 0 0 0 0
0 0 0 0 0 0 0 0 0
115 513 0 0 0 0 0 0 0
125 1347 0 0 0 0 0 0 0
40 302 0 0 0 0 0 0 0
255 64 0 0 0 0 0 0 0
31 140 0 0 0 0 0 0 0
0 0 0 0 0 0 0 0 0
73 209 0 0 0 0 0 0 0
83 202 0 0 0 0 0 0 0
190 728 0 0 0 0 0 0 0
290 558 0 0 0 0 0 0 0
939 511 0 0 0 0 0 0 0
0 0 0 0 0 0 0 0 0
290 26 0 0 0 0 0 0 0
368 64 0 0 0 0 0 0 0
1036 101 0 0 0 0 0 0 0
255 2 0 0 0 0 0 0 0
206 5 0 0 0 0 0 0 0
0 0 0 0 0 0 0 0 0
279 453 0 0 0 0 0 0 0
241 2180 0 0 0 0 0 0 0
966 16545 0 0 0 0 0 0 0
0 0 0 0 0 0 0 0 0
1903 13629 0 0 0 0 0 0 0
0 0 0 0 0 0 0 0 0
1453 2696 0 0 0 0 0 0 0
3983 14456 0 0 0 0 0 0 0
0 0 0 0 0 0 0 0 0
4233 16886 0 0 0 0 0 0 0
1824 11564 0 0 0 0 0 0 0
0 0 0 0 0 0 0 0 0
3824 21565 0 0 0 0 0 0 0
1350 13200 0 0 0 0 0 0 0
1263 13873 0 0 0 0 0 0 0
1165 11561 0 0 0 0 0 0 0
872 9083 0 0 0 0 0 0 0
0 0 0 0 0 0 0 0 0
0 0 0 0 0 0 0 0 0
1794 9483 0 0 0 0 0 0 0
740 4324 0 0 0 0 0 0 0
532 11450 0 0 0 0 0 0 0
1167 20649 0 0 0 0 0 0 0
0 0 0 0 0 0 0 0 0
206 16042 0 0 0 0 0 0 0
971 31509 0 0 0 0 0 0 0
22721 69787 0 0 0 0 0 0 0
3828 21 0 0 0 0 0 0 0
3390 33 0 0 0 0 0 0 0
3937 3 0 0 0 0 0 0 0
4139 98 0 0 0 0 0 0 0
0 0 0 0 0 0 0 0 0
7043 31 0 0 0 0 0 0 0
0 0 0 0 0 0 0 0 0
5254 24 0 0 0 0 0 0 0
137 0 0 0 0 0 0 0 0
8081 184 0 0 0 0 0 0 0
0 0 0 0 0 0 0 0 0
2021 4 0 0 0 0 0 0 0
2788 2 0 0 0 0 0 0 0
3965 17 0 0 0 0 0 0 0
4268 2 0 0 0 0 0 0 0
7353 33 0 0 0 0 0 0 0
0 0 0 0 0 0 0 0 0
3653 0 0 0 0 0 0 0 0
230 1 0 0 0 0 0 0 0
1 0 0 0 0 0 0 0 0
7219 978 0 0 0 0 0 0 0
6027 6016 0 0 0 0 0 0 0
0 0 0 0 0 0 0 0 0
3695 6906 0 0 0 0 0 0 0
0 0 0 0 0 0 0 0 0
7656 20574 0 0 0 0 0 0 0
3576 7970 0 0 0 0 0 0 0
2988 9512 0 0 0 0 0 0 0
0 0 0 0 0 0 0 0 0
2930 10221 0 0 0 0 0 0 0
2788 9688 0 0 0 0 0 0 0
2663 8691 0 0 0 0 0 0 0
2642 6604 0 0 0 0 0 0 0
5406 18734 0 0 0 0 0 0 0
0 0 0 0 0 0 0 0 0
2137 6297 0 0 0 0 0 0 0
1177 7299 0 0 0 0 0 0 0
1182 15335 0 0 0 0 0 0 0
0 0 0 0 0 0 0 0 0
576 2964 0 0 0 0 0 0 0
0 0 0 0 0 0 0 0 0
1008 2824 0 0 0 0 0 0 0
140 13978 0 0 0 0 0 0 0
0 0 0 0 0 0 0 0 0
966 18002 0 0 0 0 0 0 0
195 3751 0 0 0 0 0 0 0
0 0 0 0 0 0 0 0 0
268 2965 0 0 0 0 0 0 0
63 116 0 0 0 0 0 0 0
1873 1967 0 0 0 0 0 0 0
196 5413 0 0 0 0 0 0 0
0 0 0 0 0 0 0 0 0
0 0 0 0 0 0 0 0 0
831 10217 0 0 0 0 0 0 0
284 1170 0 0 0 0 0 0 0
2260 13867 0 0 0 0 0 0 0
1998 17789 0 0 0 0 0 0 0
2523 18422 0 0 0 0 0 0 0
0 0 0 0 0 0 0 0 0
2454 20811 0 0 0 0 0 0 0
4612 36250 0 0 0 0 0 0 0
4020 20319 0 0 0 0 0 0 0
4852 16995 0 0 0 0 0 0 0
4794 16029 0 0 0 0 0 0 0
0 0 0 0 0 0 0 0 0
4386 16365 0 0 0 0 0 0 0
5785 26211 0 0 0 0 0 0 0
2304 19012 0 0 0 0 0 0 0
2028 19806 0 0 0 0 0 0 0
1766 16981 0 0 0 0 0 0 0
0 0 0 0 0 0 0 0 0
1461 11042 0 0 0 0 0 0 0
2597 19055 0 0 0 0 0 0 0
1300 3702 0 0 0 0 0 0 0
1500 1772 0 0 0 0 0 0 0
2562 13167 0 0 0 0 0 0 0
0 0 0 0 0 0 0 0 0
860 20 0 0 0 0 0 0 0
2463 4641 0 0 0 0 0 0 0
0 0 0 0 0 0 0 0 0
3648 10070 0 0 0 0 0 0 0
1645 131 0 0 0 0 0 0 0
0 0 0 0 0 0 0 0 0
3455 517 0 0 0 0 0 0 0
5803 1603 0 0 0 0 0 0 0
2005 11 0 0 0 0 0 0 0
5951 5188 0 0 0 0 0 0 0
4233 842 0 0 0 0 0 0 0
0 0 0 0 0 0 0 0 0
4285 990 0 0 0 0 0 0 0
7131 3236 0 0 0 0 0 0 0
2744 52 0 0 0 0 0 0 0
4740 52 0 0 0 0 0 0 0
8562 178 0 0 0 0 0 0 0
0 0 0 0 0 0 0 0 0
3853 28 0 0 0 0 0 0 0
0 0 0 0 0 0 0 0 0
5211 134 0 0 0 0 0 0 0
422 0 0 0 0 0 0 0 0
10025 342 0 0 0 0 0 0 0
0 0 0 0 0 0 0 0 0
2015 168 0 0 0 0 0 0 0
1694 0 0 0 0 0 0 0 0
1363 72 0 0 0 0 0 0 0
1514 61 0 0 0 0 0 0 0
975 188 0 0 0 0 0 0 0
0 0 0 0 0 0 0 0 0
1587 4 0 0 0 0 0 0 0
1756 5 0 0 0 0 0 0 0
4028 5 0 0 0 0 0 0 0
1615 8 0 0 0 0 0 0 0
850 56 0 0 0 0 0 0 0
0 0 0 0 0 0 0 0 0
712 12 0 0 0 0 0 0 0
416 0 0 0 0 0 0 0 0
237 0 0 0 0 0 0 0 0
1246 48 0 0 0 0 0 0 0
886 1 0 0 0 0 0 0 0
0 0 0 0 0 0 0 0 0
1240 0 0 0 0 0 0 0 0
0 0 0 0 0 0 0 0 0
3825 19 0 0 0 0 0 0 0
913 1 0 0 0 0 0 0 0
738 0 0 0 0 0 0 0 0
0 0 0 0 0 0 0 0 0
0 0 0 0 0 0 0 0 0
3949 24 0 0 0 0 0 0 0
0 0 0 0 0 0 0 0 0
2698 2 0 0 0 0 0 0 0
1342 6 0 0 0 0 0 0 0
0 0 0 0 0 0 0 0 0
1167 9 0 0 0 0 0 0 0
796 9 0 0 0 0 0 0 0
673 0 0 0 0 0 0 0 0
1711 61 0 0 0 0 0 0 0
618 4 0 0 0 0 0 0 0
0 0 0 0 0 0 0 0 0
741 1 0 0 0 0 0 0 0
1627 10 0 0 0 0 0 0 0
0 0 0 0 0 0 0 0 0
2013 29 0 0 0 0 0 0 0
808 1 0 0 0 0 0 0 0
0 0 0 0 0 0 0 0 0
1002 0 0 0 0 0 0 0 0
3937 36 0 0 0 0 0 0 0
2310 5 0 0 0 0 0 0 0
3197 0 0 0 0 0 0 0 0
3727 1 0 0 0 0 0 0 0
0 0 0 0 0 0 0 0 0
4277 0 0 0 0 0 0 0 0
8131 2 0 0 0 0 0 0 0
0 0 0 0 0 0 0 0 0
5269 0 0 0 0 0 0 0 0
706 0 0 0 0 0 0 0 0
0 0 0 0 0 0 0 0 0
4092 0 0 0 0 0 0 0 0
5025 0 0 0 0 0 0 0 0
2242 0 0 0 0 0 0 0 0
0 0 0 0 0 0 0 0 0
4944 12 0 0 0 0 0 0 0
0 0 0 0 0 0 0 0 0
2964 0 0 0 0 0 0 0 0
3637 3 0 0 0 0 0 0 0
3285 0 0 0 0 0 0 0 0
2338 3 0 0 0 0 0 0 0
3318 0 0 0 0 0 0 0 0
0 0 0 0 0 0 0 0 0
3193 1 0 0 0 0 0 0 0
2798 0 0 0 0 0 0 0 0
0 0 0 0 0 0 0 0 0
3173 0 0 0 0 0 0 0 0
1208 0 0 0 0 0 0 0 0
0 0 0 0 0 0 0 0 0
2663 0 0 0 0 0 0 0 0
1488 0 0 0 0 0 0 0 0
1499 0 0 0 0 0 0 0 0
0 0 0 0 0 0 0 0 0
4773 0 0 0 0 0 0 0 0
0 0 0 0 0 0 0 0 0
2730 0 0 0 0 0 0 0 0
3024 0 0 0 0 0 0 0 0
2849 0 0 0 0 0 0 0 0
2960 2 0 0 0 0 0 0 0
5630 0 0 0 0 0 0 0 0
0 0 0 0 0 0 0 0 0
2792 0 0 0 0 0 0 0 0
2382 0 0 0 0 0 0 0 0
2153 0 0 0 0 0 0 0 0
3270 7 0 0 0 0 0 0 0
0 0 0 0 0 0 0 0 0
0 0 0 0 0 0 0 0 0
3299 0 0 0 0 0 0 0 0
1952 0 0 0 0 0 0 0 0
3700 0 0 0 0 0 0 0 0
1490 0 0 0 0 0 0 0 0
0 0 0 0 0 0 0 0 0
0 0 0 0 0 0 0 0 0
1866 0 0 0 0 0 0 0 0
549 2 0 0 0 0 0 0 0
444 0 0 0 0 0 0 0 0
859 39 0 0 0 0 0 0 0
102 0 0 0 0 0 0 0 0
0 0 0 0 0 0 0 0 0
468 0 0 0 0 0 0 0 0
852 9 0 0 0 0 0 0 0
2793 16 0 0 0 0 0 0 0
2094 8 0 0 0 0 0 0 0
0 0 0 0 0 0 0 0 0
0 0 0 0 0 0 0 0 0
6273 14 0 0 0 0 0 0 0
7845 5 0 0 0 0 0 0 0
0 0 0 0 0 0 0 0 0
8794 40 0 0 0 0 0 0 0
3618 0 0 0 0 0 0 0 0
0 0 0 0 0 0 0 0 0
0 0 0 0 0 0 0 0 0
9162 48 0 0 0 0 0 0 0
9905 0 0 0 0 0 0 0 0
5483 3 0 0 0 0 0 0 0
4789 0 0 0 0 0 0 0 0
0 0 0 0 0 0 0 0 0
3505 0 0 0 0 0 0 0 0
7268 0 0 0 0 0 0 0 0
5239 1 0 0 0 0 0 0 0
4601 0 0 0 0 0 0 0 0
0 0 0 0 0 0 0 0 0
0 0 0 0 0 0 0 0 0
6222 48 0 0 0 0 0 0 0
3881 0 0 0 0 0 0 0 0
5028 0 0 0 0 0 0 0 0
4882 1 0 0 0 0 0 0 0
3441 0 0 0 0 0 0 0 0
0 0 0 0 0 0 0 0 0
0 0 0 0 0 0 0 0 0
5490 0 0 0 0 0 0 0 0
1130 0 0 0 0 0 0 0 0
759 1 0 0 0 0 0 0 0
853 0 0 0 0 0 0 0 0
0 0 0 0 0 0 0 0 0
2476 0 0 0 0 0 0 0 0
1620 1 0 0 0 0 0 0 0
2024 0 0 0 0 0 0 0 0
2007 0 0 0 0 0 0 0 0
1928 0 0 0 0 0 0 0 0
0 0 0 0 0 0 0 0 0
5137 0 0 0 0 0 0 0 0
3264 0 0 0 0 0 0 0 0
3581 0 0 0 0 0 0 0 0
6904 1 0 0 0 0 0 0 0
0 0 0 0 0 0 0 0 0
0 0 0 0 0 0 0 0 0
3531 0 0 0 0 0 0 0 0
1882 0 0 0 0 0 0 0 0
3567 0 0 0 0 0 0 0 0
6703 0 0 0 0 0 0 0 0
3309 22 0 0 0 0 0 0 0
0 0 0 0 0 0 0 0 0
3555 63 0 0 0 0 0 0 0
0 0 0 0 0 0 0 0 0
5050 56 0 0 0 0 0 0 0
3360 0 0 0 0 0 0 0 0
6300 14 0 0 0 0 0 0 0
0 0 0 0 0 0 0 0 0
3211 0 0 0 0 0 0 0 0
3082 5 0 0 0 0 0 0 0
2295 0 0 0 0 0 0 0 0
2650 11 0 0 0 0 0 0 0
5257 2 0 0 0 0 0 0 0
0 0 0 0 0 0 0 0 0
1852 0 0 0 0 0 0 0 0
2048 0 0 0 0 0 0 0 0
2385 0 0 0 0 0 0 0 0
5093 1 0 0 0 0 0 0 0
3229 0 0 0 0 0 0 0 0
0 0 0 0 0 0 0 0 0
3624 0 0 0 0 0 0 0 0
4550 0 0 0 0 0 0 0 0
6707 0 0 0 0 0 0 0 0
3457 1 0 0 0 0 0 0 0
2540 0 0 0 0 0 0 0 0
0 0 0 0 0 0 0 0 0
1891 0 0 0 0 0 0 0 0
3122 0 0 0 0 0 0 0 0
296 0 0 0 0 0 0 0 0
709 0 0 0 0 0 0 0 0
911 0 0 0 0 0 0 0 0
0 0 0 0 0 0 0 0 0
684 0 0 0 0 0 0 0 0
0 0 0 0 0 0 0 0 0
4160 251 0 0 0 0 0 0 0
1685 855 0 0 0 0 0 0 0
1293 3786 0 0 0 0 0 0 0
0 0 0 0 0 0 0 0 0
1100 8046 0 0 0 0 0 0 0
2224 3192 0 0 0 0 0 0 0
0 0 0 0 0 0 0 0 0
1110 1451 0 0 0 0 0 0 0
359 2682 0 0 0 0 0 0 0
0 0 0 0 0 0 0 0 0
1131 13693 0 0 0 0 0 0 0
0 0 0 0 0 0 0 0 0
4447 11628 0 0 0 0 0 0 0
3641 764 0 0 0 0 0 0 0
4574 825 0 0 0 0 0 0 0
0 0 0 0 0 0 0 0 0
4978 242 0 0 0 0 0 0 0
5567 274 0 0 0 0 0 0 0
396 0 0 0 0 0 0 0 0
2820 8 0 0 0 0 0 0 0
324 0 0 0 0 0 0 0 0
0 0 0 0 0 0 0 0 0
1558 119 0 0 0 0 0 0 0
63 5 0 0 0 0 0 0 0
4847 17014 0 0 0 0 0 0 0
21890 51654 0 0 0 0 0 0 0
0 0 0 0 0 0 0 0 0
6123 16034 0 0 0 0 0 0 0
4524 15297 0 0 0 0 0 0 0
453 91 0 0 0 0 0 0 0
1900 6017 0 0 0 0 0 0 0
0 0 0 0 0 0 0 0 0
0 0 0 0 0 0 0 0 0
3871 3502 0 0 0 0 0 0 0
1251 15 0 0 0 0 0 0 0
1216 1298 0 0 0 0 0 0 0
898 1039 0 0 0 0 0 0 0
998 43 0 0 0 0 0 0 0
0 0 0 0 0 0 0 0 0
1932 2148 0 0 0 0 0 0 0
2338 235 0 0 0 0 0 0 0
960 1371 0 0 0 0 0 0 0
913 44 0 0 0 0 0 0 0
2149 2776 0 0 0 0 0 0 0
0 0 0 0 0 0 0 0 0
335 36 0 0 0 0 0 0 0
302 296 0 0 0 0 0 0 0
200 17 0 0 0 0 0 0 0
626 267 0 0 0 0 0 0 0
762 568 0 0 0 0 0 0 0
0 0 0 0 0 0 0 0 0
1388 3976 0 0 0 0 0 0 0
306 6 0 0 0 0 0 0 0
1586 4836 0 0 0 0 0 0 0
221 137 0 0 0 0 0 0 0
683 1020 0 0 0 0 0 0 0
0 0 0 0 0 0 0 0 0
404 18 0 0 0 0 0 0 0
785 938 0 0 0 0 0 0 0
494 45 0 0 0 0 0 0 0
887 34 0 0 0 0 0 0 0
1023 114 0 0 0 0 0 0 0
0 0 0 0 0 0 0 0 0
2348 785 0 0 0 0 0 0 0
0 0 0 0 0 0 0 0 0
2397 154 0 0 0 0 0 0 0
0 0 0 0 0 0 0 0 0
1259 235 0 0 0 0 0 0 0
0 0 0 0 0 0 0 0 0
163 7 0 0 0 0 0 0 0
792 76 0 0 0 0 0 0 0
0 0 0 0 0 0 0 0 0
1524 397 0 0 0 0 0 0 0
775 2 0 0 0 0 0 0 0
0 0 0 0 0 0 0 0 0
709 41 0 0 0 0 0 0 0
425 15 0 0 0 0 0 0 0
416 7 0 0 0 0 0 0 0
489 340 0 0 0 0 0 0 0
139 127 0 0 0 0 0 0 0
0 0 0 0 0 0 0 0 0
175 61 0 0 0 0 0 0 0
807 1393 0 0 0 0 0 0 0
55 1 0 0 0 0 0 0 0
477 685 0 0 0 0 0 0 0
55 6 0 0 0 0 0 0 0
0 0 0 0 0 0 0 0 0
147 86 0 0 0 0 0 0 0
303 148 0 0 0 0 0 0 0
1665 533 0 0 0 0 0 0 0
816 32 0 0 0 0 0 0 0
1099 261 0 0 0 0 0 0 0
13961 48672 0 0 0 0 0 0 0
1532 164 0 0 0 0 0 0 0
886 1357 0 0 0 0 0 0 0
0 0 0 0 0 0 0 0 0
391 7 0 0 0 0 0 0 0
624 118 0 0 0 0 0 0 0
0 0 0 0 0 0 0 0 0
858 63 0 0 0 0 0 0 0
691 3 0 0 0 0 0 0 0
0 0 0 0 0 0 0 0 0
335 48 0 0 0 0 0 0 0
122 0 0 0 0 0 0 0 0
182 25 0 0 0 0 0 0 0
660 5 0 0 0 0 0 0 0
615 73 0 0 0 0 0 0 0
0 0 0 0 0 0 0 0 0
389 0 0 0 0 0 0 0 0
314 44 0 0 0 0 0 0 0
832 0 0 0 0 0 0 0 0
355 53 0 0 0 0 0 0 0
175 0 0 0 0 0 0 0 0
0 0 0 0 0 0 0 0 0
275 59 0 0 0 0 0 0 0
358 3 0 0 0 0 0 0 0
524 0 0 0 0 0 0 0 0
986 34 0 0 0 0 0 0 0
0 0 0 0 0 0 0 0 0
0 0 0 0 0 0 0 0 0
671 77 0 0 0 0 0 0 0
456 24 0 0 0 0 0 0 0
806 44 0 0 0 0 0 0 0
191 9 0 0 0 0 0 0 0
0 0 0 0 0 0 0 0 0
0 0 0 0 0 0 0 0 0
846 16 0 0 0 0 0 0 0
597 15 0 0 0 0 0 0 0
0 0 0 0 0 0 0 0 0
229 112 0 0 0 0 0 0 0
11 0 0 0 0 0 0 0 0
0 0 0 0 0 0 0 0 0
16 2 0 0 0 0 0 0 0
38 0 0 0 0 0 0 0 0
37 29 0 0 0 0 0 0 0
28 9 0 0 0 0 0 0 0
0 0 0 0 0 0 0 0 0
0 0 0 0 0 0 0 0 0
137 2 0 0 0 0 0 0 0
582 7 0 0 0 0 0 0 0
552 0 0 0 0 0 0 0 0
420 0 0 0 0 0 0 0 0
107 0 0 0 0 0 0 0 0
0 0 0 0 0 0 0 0 0
81 1 0 0 0 0 0 0 0
478 1 0 0 0 0 0 0 0
52 11 0 0 0 0 0 0 0
139 0 0 0 0 0 0 0 0
235 17 0 0 0 0 0 0 0
0 0 0 0 0 0 0 0 0
60 5 0 0 0 0 0 0 0
250 20 0 0 0 0 0 0 0
51 0 0 0 0 0 0 0 0
45 17 0 0 0 0 0 0 0
0 0 0 0 0 0 0 0 0
0 0 0 0 0 0 0 0 0
74 34 0 0 0 0 0 0 0
0 0 0 0 0 0 0 0 0
153 68 0 0 0 0 0 0 0
4 1 0 0 0 0 0 0 0
237 37 0 0 0 0 0 0 0
0 0 0 0 0 0 0 0 0
2 0 0 0 0 0 0 0 0
81 27 0 0 0 0 0 0 0
0 0 0 0 0 0 0 0 0
212 42 0 0 0 0 0 0 0
0 0 0 0 0 0 0 0 0
0 0 0 0 0 0 0 0 0
0 0 0 0 0 0 0 0 0
44 1 0 0 0 0 0 0 0
9 0 0 0 0 0 0 0 0
4 1 0 0 0 0 0 0 0
0 0 0 0 0 0 0 0 0
0 0 0 0 0 0 0 0 0
37 16 0 0 0 0 0 0 0
0 0 0 0 0 0 0 0 0
66 32 0 0 0 0 0 0 0
0 1 0 0 0 0 0 0 0
10 3 0 0 0 0 0 0 0
0 0 0 0 0 0 0 0 0
73 2 0 0 0 0 0 0 0
107 53 0 0 0 0 0 0 0
0 0 0 0 0 0 0 0 0
248 2608 0 0 0 0 0 0 0
571 9228 0 0 0 0 0 0 0
0 0 0 0 0 0 0 0 0
510 5781 0 0 0 0 0 0 0
877 3363 0 0 0 0 0 0 0
1036 1595 0 0 0 0 0 0 0
13334 50125 0 0 0 0 0 0 0
1 1594 0 0 0 0 0 0 0
0 0 0 0 0 0 0 0 0
1 4565 0 0 0 0 0 0 0
2 420 0 0 0 0 0 0 0
0 0 0 0 0 0 0 0 0
14 1236 0 0 0 0 0 0 0
122 661 0 0 0 0 0 0 0
0 0 0 0 0 0 0 0 0
11 157 0 0 0 0 0 0 0
25 419 0 0 0 0 0 0 0
0 0 0 0 0 0 0 0 0
24 2211 0 0 0 0 0 0 0
0 681 0 0 0 0 0 0 0
0 0 0 0 0 0 0 0 0
251 3129 0 0 0 0 0 0 0
189 1411 0 0 0 0 0 0 0
0 0 0 0 0 0 0 0 0
745 10181 0 0 0 0 0 0 0
788 9702 0 0 0 0 0 0 0
0 0 0 0 0 0 0 0 0
172 745 0 0 0 0 0 0 0
107 400 0 0 0 0 0 0 0
0 0 0 0 0 0 0 0 0
927 2034 0 0 0 0 0 0 0
0 0 0 0 0 0 0 0 0
0 0 0 0 0 0 0 0 0
241 182 0 0 0 0 0 0 0
46 29 0 0 0 0 0 0 0
0 0 0 0 0 0 0 0 0
482 224 0 0 0 0 0 0 0
358 158 0 0 0 0 0 0 0
0 0 0 0 0 0 0 0 0
28 17 0 0 0 0 0 0 0
44 24 0 0 0 0 0 0 0
0 0 0 0 0 0 0 0 0
449 586 0 0 0 0 0 0 0
1102 3768 0 0 0 0 0 0 0
0 0 0 0 0 0 0 0 0
510 496 0 0 0 0 0 0 0
561 262 0 0 0 0 0 0 0
0 0 0 0 0 0 0 0 0
2285 4975 0 0 0 0 0 0 0
0 0 0 0 0 0 0 0 0
0 0 0 0 0 0 0 0 0
939 190 0 0 0 0 0 0 0
487 31 0 0 0 0 0 0 0
0 0 0 0 0 0 0 0 0
1819 1530 0 0 0 0 0 0 0
129 28 0 0 0 0 0 0 0
0 0 0 0 0 0 0 0 0
37 9 0 0 0 0 0 0 0
82 18 0 0 0 0 0 0 0
0 0 0 0 0 0 0 0 0
1305 256 0 0 0 0 0 0 0
58 13 0 0 0 0 0 0 0
0 0 0 0 0 0 0 0 0
0 0 0 0 0 0 0 0 0
322 370 0 0 0 0 0 0 0
0 0 0 0 0 0 0 0 0
305 1448 0 0 0 0 0 0 0
0 0 0 0 0 0 0 0 0
0 0 0 0 0 0 0 0 0
221 1724 0 0 0 0 0 0 0
98 653 0 0 0 0 0 0 0
0 0 0 0 0 0 0 0 0
331 10537 0 0 0 0 0 0 0
4 2223 0 0 0 0 0 0 0
0 0 0 0 0 0 0 0 0
0 0 0 0 0 0 0 0 0
174 9925 0 0 0 0 0 0 0
0 0 0 0 0 0 0 0 0
418 7151 0 0 0 0 0 0 0
0 0 0 0 0 0 0 0 0
0 0 0 0 0 0 0 0 0
1358 3545 0 0 0 0 0 0 0
1168 283 0 0 0 0 0 0 0
0 0 0 0 0 0 0 0 0
1013 54 0 0 0 0 0 0 0
1883 10 0 0 0 0 0 0 0
0 0 0 0 0 0 0 0 0
1720 1 0 0 0 0 0 0 0
2096 49 0 0 0 0 0 0 0
0 0 0 0 0 0 0 0 0
5073 392 0 0 0 0 0 0 0
3978 577 0 0 0 0 0 0 0
0 0 0 0 0 0 0 0 0
4693 2470 0 0 0 0 0 0 0
2360 87 0 0 0 0 0 0 0
0 0 0 0 0 0 0 0 0
2616 279 0 0 0 0 0 0 0
2391 301 0 0 0 0 0 0 0
0 0 0 0 0 0 0 0 0
1143 81 0 0 0 0 0 0 0
747 15 0 0 0 0 0 0 0
0 0 0 0 0 0 0 0 0
721 2 0 0 0 0 0 0 0
164 0 0 0 0 0 0 0 0
0 0 0 0 0 0 0 0 0
1766 229 0 0 0 0 0 0 0
1515 216 0 0 0 0 0 0 0
0 0 0 0 0 0 0 0 0
1213 436 0 0 0 0 0 0 0
1192 2810 0 0 0 0 0 0 0
0 0 0 0 0 0 0 0 0
546 589 0 0 0 0 0 0 0
0 0 0 0 0 0 0 0 0
0 0 0 0 0 0 0 0 0
1926 8009 0 0 0 0 0 0 0
10544 20760 0 0 0 0 0 0 0
0 0 0 0 0 0 0 0 0
336 12568 0 0 0 0 0 0 0
0 0 0 0 0 0 0 0 0
28 307 0 0 0 0 0 0 0
331 7607 0 0 0 0 0 0 0
19 1474 0 0 0 0 0 0 0
37 2447 0 0 0 0 0 0 0
0 0 0 0 0 0 0 0 0
0 0 0 0 0 0 0 0 0
697 4598 0 0 0 0 0 0 0
1173 3360 0 0 0 0 0 0 0
487 926 0 0 0 0 0 0 0
518 1725 0 0 0 0 0 0 0
352 766 0 0 0 0 0 0 0
0 0 0 0 0 0 0 0 0
1486 4633 0 0 0 0 0 0 0
860 876 0 0 0 0 0 0 0
309 84 0 0 0 0 0 0 0
365 30 0 0 0 0 0 0 0
971 203 0 0 0 0 0 0 0
0 0 0 0 0 0 0 0 0
714 331 0 0 0 0 0 0 0
245 0 0 0 0 0 0 0 0
261 11 0 0 0 0 0 0 0
273 80 0 0 0 0 0 0 0
379 17 0 0 0 0 0 0 0
0 0 0 0 0 0 0 0 0
1248 3906 0 0 0 0 0 0 0
629 156 0 0 0 0 0 0 0
0 0 0 0 0 0 0 0 0
1066 341 0 0 0 0 0 0 0
2417 596 0 0 0 0 0 0 0
0 0 0 0 0 0 0 0 0
2384 0 0 0 0 0 0 0 0
2895 40 0 0 0 0 0 0 0
2697 0 0 0 0 0 0 0 0
2841 117 0 0 0 0 0 0 0
0 0 0 0 0 0 0 0 0
0 0 0 0 0 0 0 0 0
4696 683 0 0 0 0 0 0 0
1384 2 0 0 0 0 0 0 0
2225 703 0 0 0 0 0 0 0
0 0 0 0 0 0 0 0 0
1753 1021 0 0 0 0 0 0 0
0 0 0 0 0 0 0 0 0
695 6 0 0 0 0 0 0 0
1096 210 0 0 0 0 0 0 0
1194 7 0 0 0 0 0 0 0
1804 31 0 0 0 0 0 0 0
4043 43 0 0 0 0 0 0 0
0 0 0 0 0 0 0 0 0
0 0 0 0 0 0 0 0 0
4531 101 0 0 0 0 0 0 0
5430 808 0 0 0 0 0 0 0
3458 2 0 0 0 0 0 0 0
3259 48 0 0 0 0 0 0 0
0 0 0 0 0 0 0 0 0
3029 3 0 0 0 0 0 0 0
2782 118 0 0 0 0 0 0 0
2207 13 0 0 0 0 0 0 0
3820 561 0 0 0 0 0 0 0
2407 3 0 0 0 0 0 0 0
0 0 0 0 0 0 0 0 0
0 0 0 0 0 0 0 0 0
5841 455 0 0 0 0 0 0 0
6199 116 0 0 0 0 0 0 0
3680 0 0 0 0 0 0 0 0
3940 71 0 0 0 0 0 0 0
0 0 0 0 0 0 0 0 0
0 0 0 0 0 0 0 0 0
2995 19 0 0 0 0 0 0 0
5647 131 0 0 0 0 0 0 0
5816 158 0 0 0 0 0 0 0
3603 109 0 0 0 0 0 0 0
0 0 0 0 0 0 0 0 0
1193 96 0 0 0 0 0 0 0
0 0 0 0 0 0 0 0 0
3775 4612 0 0 0 0 0 0 0
670 931 0 0 0 0 0 0 0
440 231 0 0 0 0 0 0 0
0 0 0 0 0 0 0 0 0
0 0 0 0 0 0 0 0 0
1700 2575 0 0 0 0 0 0 0
895 804 0 0 0 0 0 0 0
908 76 0 0 0 0 0 0 0
1191 629 0 0 0 0 0 0 0
0 0 0 0 0 0 0 0 0
0 0 0 0 0 0 0 0 0
2363 5025 0 0 0 0 0 0 0
748 1375 0 0 0 0 0 0 0
928 3636 0 0 0 0 0 0 0
794 2113 0 0 0 0 0 0 0
0 0 0 0 0 0 0 0 0
1139 4688 0 0 0 0 0 0 0
2333 9839 0 0 0 0 0 0 0
950 779 0 0 0 0 0 0 0
1113 556 0 0 0 0 0 0 0
1143 643 0 0 0 0 0 0 0
0 0 0 0 0 0 0 0 0
2702 1783 0 0 0 0 0 0 0
1177 593 0 0 0 0 0 0 0
1526 867 0 0 0 0 0 0 0
1651 221 0 0 0 0 0 0 0
3882 1119 0 0 0 0 0 0 0
0 0 0 0 0 0 0 0 0
0 0 0 0 0 0 0 0 0
4503 2130 0 0 0 0 0 0 0
2158 324 0 0 0 0 0 0 0
3183 1519 0 0 0 0 0 0 0
989 305 0 0 0 0 0 0 0
0 0 0 0 0 0 0 0 0
615 219 0 0 0 0 0 0 0
475 782 0 0 0 0 0 0 0
224 534 0 0 0 0 0 0 0
318 285 0 0 0 0 0 0 0
1005 693 0 0 0 0 0 0 0
0 0 0 0 0 0 0 0 0
0 0 0 0 0 0 0 0 0
1379 931 0 0 0 0 0 0 0
0 0 0 0 0 0 0 0 0
1700 2447 0 0 0 0 0 0 0
365 1156 0 0 0 0 0 0 0
0 0 0 0 0 0 0 0 0
283 374 0 0 0 0 0 0 0
203 433 0 0 0 0 0 0 0
480 3059 0 0 0 0 0 0 0
0 0 0 0 0 0 0 0 0
43 16257 0 0 0 0 0 0 0
0 0 0 0 0 0 0 0 0
29 6073 0 0 0 0 0 0 0
239 3116 0 0 0 0 0 0 0
659 162 0 0 0 0 0 0 0
1241 3314 0 0 0 0 0 0 0
761 990 0 0 0 0 0 0 0
0 0 0 0 0 0 0 0 0
578 452 0 0 0 0 0 0 0
258 63 0 0 0 0 0 0 0
806 570 0 0 0 0 0 0 0
480 49 0 0 0 0 0 0 0
84 0 0 0 0 0 0 0 0
0 0 0 0 0 0 0 0 0
280 14 0 0 0 0 0 0 0
1125 374 0 0 0 0 0 0 0
0 0 0 0 0 0 0 0 0
1276 350 0 0 0 0 0 0 0
384 35 0 0 0 0 0 0 0
0 0 0 0 0 0 0 0 0
31 8 0 0 0 0 0 0 0
39 100 0 0 0 0 0 0 0
49 14 0 0 0 0 0 0 0
860 175 0 0 0 0 0 0 0
76 0 0 0 0 0 0 0 0
0 0 0 0 0 0 0 0 0
211 132 0 0 0 0 0 0 0
113 44 0 0 0 0 0 0 0
452 167 0 0 0 0 0 0 0
52 120 0 0 0 0 0 0 0
52 268 0 0 0 0 0 0 0
0 0 0 0 0 0 0 0 0
27 303 0 0 0 0 0 0 0
1 28 0 0 0 0 0 0 0
57 319 0 0 0 0 0 0 0
185 356 0 0 0 0 0 0 0
0 0 0 0 0 0 0 0 0
0 0 0 0 0 0 0 0 0
96 638 0 0 0 0 0 0 0
