22 3428 0 0 0 0 0 0 0
0 2802 0 0 0 0 0 0 0
255 7653 0 0 0 0 0 0 0
125 1337 0 0 0 0 0 0 0
0 0 0 0 0 0 0 0 0
285 996 0 0 0 0 0 0 0
411 462 0 0 0 0 0 0 0
1434 1514 0 0 0 0 0 0 0
0 0 0 0 0 0 0 0 0
2028 558 0 0 0 0 0 0 0
0 0 0 0 0 0 0 0 0
1136 91 0 0 0 0 0 0 0
1132 156 0 0 0 0 0 0 0
2175 972 0 0 0 0 0 0 0
939 181 0 0 0 0 0 0 0
1031 227 0 0 0 0 0 0 0
0 0 0 0 0 0 0 0 0
1288 236 0 0 0 0 0 0 0
1111 308 0 0 0 0 0 0 0
2605 1328 0 0 0 0 0 0 0
909 274 0 0 0 0 0 0 0
860 280 0 0 0 0 0 0 0
0 0 0 0 0 0 0 0 0
865 153 0 0 0 0 0 0 0
828 86 0 0 0 0 0 0 0
2475 449 0 0 0 0 0 0 0
844 17 0 0 0 0 0 0 0
830 2 0 0 0 0 0 0 0
0 0 0 0 0 0 0 0 0
0 0 0 0 0 0 0 0 0
1226 86 0 0 0 0 0 0 0
250 0 0 0 0 0 0 0 0
1312 39 0 0 0 0 0 0 0
325 0 0 0 0 0 0 0 0
0 0 0 0 0 0 0 0 0
317 3 0 0 0 0 0 0 0
302 6 0 0 0 0 0 0 0
1586 995 0 0 0 0 0 0 0
945 48 0 0 0 0 0 0 0
890 11 0 0 0 0 0 0 0
0 0 0 0 0 0 0 0 0
885 9 0 0 0 0 0 0 0
683 0 0 0 0 0 0 0 0
1592 176 0 0 0 0 0 0 0
511 2 0 0 0 0 0 0 0
92 6 0 0 0 0 0 0 0
0 0 0 0 0 0 0 0 0
2 5 0 0 0 0 0 0 0
234 120 0 0 0 0 0 0 0
14 0 0 0 0 0 0 0 0
0 0 0 0 0 0 0 0 0
191 32 0 0 0 0 0 0 0
0 0 0 0 0 0 0 0 0
22 0 0 0 0 0 0 0 0
104 0 0 0 0 0 0 0 0
5 6 0 0 0 0 0 0 0
83 0 0 0 0 0 0 0 0
72 1 0 0 0 0 0 0 0
0 0 0 0 0 0 0 0 0
52 4 0 0 0 0 0 0 0
60 10 3 0 0 0 0 0 0
1008 8 0 0 0 0 0 0 0
893 4 0 0 0 0 0 0 0
698 0 0 0 0 0 0 0 0
0 0 0 0 0 0 0 0 0
1700 29 0 0 0 0 0 0 0
1294 1 0 0 0 0 0 0 0
1749 5 0 0 0 0 0 0 0
2183 3 0 0 0 0 0 0 0
2147 0 0 0 0 0 0 0 0
0 0 0 0 0 0 0 0 0
3434 9 0 0 0 0 0 0 0
1812 4 0 0 0 0 0 0 0
1959 0 0 0 0 0 0 0 0
2321 0 0 0 0 0 0 0 0
4551 0 0 0 0 0 0 0 0
0 0 0 0 0 0 0 0 0
1478 0 0 0 0 0 0 0 0
0 0 0 0 0 0 0 0 0
1402 19 0 0 0 0 0 0 0
1263 1 0 0 0 0 0 0 0
2318 9 0 0 0 0 0 0 0
0 0 0 0 0 0 0 0 0
1424 0 0 0 0 0 0 0 0
0 0 0 0 0 0 0 0 0
1561 6 0 0 0 0 0 0 0
1821 0 0 0 0 0 0 0 0
4204 73 0 0 0 0 0 0 0
0 0 0 0 0 0 0 0 0
839 15 0 0 0 0 0 0 0
904 0 0 0 0 0 0 0 0
892 3 0 0 0 0 0 0 0
867 1 0 0 0 0 0 0 0
1489 108 0 0 0 0 0 0 0
0 0 0 0 0 0 0 0 0
817 11 0 0 0 0 0 0 0
845 15 0 0 0 0 0 0 0
1915 507 0 0 0 0 0 0 0
1064 23 0 0 0 0 0 0 0
0 0 0 0 0 0 0 0 0
0 0 0 0 0 0 0 0 0
1767 1053 0 0 0 0 0 0 0
483 172 0 0 0 0 0 0 0
1769 1147 0 0 0 0 0 0 0
572 43 0 0 0 0 0 0 0
562 84 0 0 0 0 0 0 0
0 0 0 0 0 0 0 0 0
433 223 0 0 0 0 0 0 0
345 194 0 0 0 0 0 0 0
407 105 0 0 0 0 0 0 0
1354 686 0 0 0 0 0 0 0
664 5 0 0 0 0 0 0 0
0 0 0 0 0 0 0 0 0
458 0 0 0 0 0 0 0 0
399 4 0 0 0 0 0 0 0
607 0 0 0 0 0 0 0 0
175 0 0 0 0 0 0 0 0
182 0 0 0 0 0 0 0 0
0 0 0 0 0 0 0 0 0
180 4 0 0 0 0 0 0 0
0 0 0 0 0 0 0 0 0
692 61 0 0 0 0 0 0 0
84 0 0 0 0 0 0 0 0
134 0 0 0 0 0 0 0 0
0 0 0 0 0 0 0 0 0
255 0 0 0 0 0 0 0 0
693 57 0 0 0 0 0 0 0
0 0 0 0 0 0 0 0 0
1646 1890 0 0 0 0 0 0 0
1340 3733 0 0 0 0 0 0 0
0 0 0 0 0 0 0 0 0
1501 7865 0 0 0 0 0 0 0
1813 10196 0 0 0 0 0 0 0
3571 16856 0 0 0 0 0 0 0
1353 10928 0 0 0 0 0 0 0
1315 10078 0 0 0 0 0 0 0
0 0 0 0 0 0 0 0 0
2222 15009 0 0 0 0 0 0 0
495 8380 0 0 0 0 0 0 0
100 8170 0 0 0 0 0 0 0
720 8126 0 0 0 0 0 0 0
1373 7874 0 0 0 0 0 0 0
0 0 0 0 0 0 0 0 0
1756 7454 0 0 0 0 0 0 0
13101 29757 5 0 0 0 0 0 0
106 10186 0 0 0 0 0 0 0
0 0 0 0 0 0 0 0 0
15 3220 0 0 0 0 0 0 0
65 3169 0 0 0 0 0 0 0
227 2441 0 0 0 0 0 0 0
340 1254 0 0 0 0 0 0 0
389 793 0 0 0 0 0 0 0
0 0 0 0 0 0 0 0 0
1277 2187 0 0 0 0 0 0 0
456 689 0 0 0 0 0 0 0
443 1054 0 0 0 0 0 0 0
951 4504 0 0 0 0 0 0 0
213 1755 0 0 0 0 0 0 0
0 0 0 0 0 0 0 0 0
188 1933 0 0 0 0 0 0 0
239 1876 0 0 0 0 0 0 0
142 1712 0 0 0 0 0 0 0
371 5021 0 0 0 0 0 0 0
399 330 2 0 0 0 0 0 0
0 0 0 0 0 0 0 0 0
993 178 14 0 0 0 0 0 0
2019 32 0 0 0 0 0 0 0
0 0 0 0 0 0 0 0 0
6364 221 211 0 0 0 0 0 0
7224 187 65 0 0 0 0 0 0
0 0 0 0 0 0 0 0 0
3118 133 45 0 0 0 0 0 0
2473 283 40 0 0 0 0 0 0
2380 138 46 0 0 0 0 0 0
3873 594 50 0 0 0 0 0 0
0 0 0 0 0 0 0 0 0
0 0 0 0 0 0 0 0 0
5979 72 383 0 0 0 0 0 0
4807 10 566 0 0 0 0 0 0
3581 1 141 0 0 0 0 0 0
2283 203 110 0 0 0 0 0 0
780 3 41 0 0 0 0 0 0
0 0 0 0 0 0 0 0 0
946 0 8 0 0 0 0 0 0
1569 27 42 0 0 0 0 0 0
3706 61 42 0 0 0 0 0 0
1692 8 8 0 0 0 0 0 0
1749 8 17 0 0 0 0 0 0
0 0 0 0 0 0 0 0 0
2358 2 53 0 0 0 0 0 0
3354 10 73 0 0 0 0 0 0
4487 20 75 0 0 0 0 0 0
9947 223 38 0 0 0 0 0 0
6208 33 34 0 0 0 0 0 0
0 0 0 0 0 0 0 0 0
6057 17 39 0 0 0 0 0 0
5872 35 55 0 0 0 0 0 0
9260 1131 19 0 0 0 0 0 0
4724 89 0 0 0 0 0 0 0
4829 175 0 0 0 0 0 0 0
0 0 0 0 0 0 0 0 0
5636 232 0 0 0 0 0 0 0
10666 2116 0 0 0 0 0 0 0
6740 484 0 0 0 0 0 0 0
7191 1173 0 0 0 0 0 0 0
7461 1944 0 0 0 0 0 0 0
0 0 0 0 0 0 0 0 0
7918 3311 0 0 0 0 0 0 0
12156 10741 0 0 0 0 0 0 0
6950 6498 0 0 0 0 0 0 0
6387 7138 0 0 0 0 0 0 0
6135 7095 0 0 0 0 0 0 0
0 0 0 0 0 0 0 0 0
6191 7062 0 0 0 0 0 0 0
6063 6517 0 0 0 0 0 0 0
11830 10632 0 0 0 0 0 0 0
8309 5067 0 0 0 0 0 0 0
14417 9299 0 0 0 0 0 0 0
0 0 0 0 0 0 0 0 0
11167 3757 0 0 0 0 0 0 0
10806 3579 0 0 0 0 0 0 0
10177 3816 0 0 0 0 0 0 0
9891 3698 0 0 0 0 0 0 0
10661 3931 0 0 0 0 0 0 0
0 0 0 0 0 0 0 0 0
19755 8708 6 0 0 0 0 0 0
14540 3432 0 0 0 0 0 0 0
15325 3135 0 0 0 0 0 0 0
0 0 0 0 0 0 0 0 0
16296 2650 0 0 0 0 0 0 0
0 0 0 0 0 0 0 0 0
25308 5767 2 0 0 0 0 0 0
11349 1908 7 0 0 0 0 0 0
11278 1578 0 0 0 0 0 0 0
13209 1181 0 0 0 0 0 0 0
13023 620 0 0 0 0 0 0 0
0 0 0 0 0 0 0 0 0
14653 891 0 0 0 0 0 0 0
7403 133 0 0 0 0 0 0 0
7166 86 11 0 0 0 0 0 0
6154 119 0 0 0 0 0 0 0
4289 346 0 0 0 0 0 0 0
0 0 0 0 0 0 0 0 0
5801 1139 0 0 0 0 0 0 0
1680 158 0 0 0 0 0 0 0
1834 263 0 0 0 0 0 0 0
2141 476 0 0 0 0 0 0 0
4847 1973 9 0 0 0 0 0 0
0 0 0 0 0 0 0 0 0
1626 597 0 0 0 0 0 0 0
1060 403 0 0 0 0 0 0 0
706 742 4 0 0 0 0 0 0
520 998 0 0 0 0 0 0 0
2215 3941 0 0 0 0 0 0 0
0 0 0 0 0 0 0 0 0
1051 2322 0 0 0 0 0 0 0
689 2379 0 0 0 0 0 0 0
282 2121 0 0 0 0 0 0 0
1382 5853 0 0 0 0 0 0 0
594 1402 0 0 0 0 0 0 0
0 0 0 0 0 0 0 0 0
0 0 0 0 0 0 0 0 0
804 4735 0 0 0 0 0 0 0
284 1215 0 0 0 0 0 0 0
2303 3927 0 0 0 0 0 0 0
1140 1444 0 0 0 0 0 0 0
0 0 0 0 0 0 0 0 0
1445 1279 0 0 0 0 0 0 0
1009 1403 0 0 0 0 0 0 0
834 1111 0 0 0 0 0 0 0
2448 1446 0 0 0 0 0 0 0
814 798 0 0 0 0 0 0 0
0 0 0 0 0 0 0 0 0
1164 1350 0 0 0 0 0 0 0
3528 7086 0 0 0 0 0 0 0
1710 4168 0 0 0 0 0 0 0
1965 5187 0 0 0 0 0 0 0
2746 5093 0 0 0 0 0 0 0
0 0 0 0 0 0 0 0 0
34164 38452 1042 0 0 0 0 0 0
721 10040 0 0 0 0 0 0 0
772 17245 0 0 0 0 0 0 0
0 0 0 0 0 0 0 0 0
0 0 0 0 0 0 0 0 0
683 16879 0 0 0 0 0 0 0
194 8558 0 0 0 0 0 0 0
0 0 0 0 0 0 0 0 0
2139 22338 0 0 0 0 0 0 0
0 0 0 0 0 0 0 0 0
1585 8532 0 0 0 0 0 0 0
635 8798 0 0 0 0 0 0 0
435 8721 0 0 0 0 0 0 0
246 17218 0 0 0 0 0 0 0
51 8000 0 0 0 0 0 0 0
0 0 0 0 0 0 0 0 0
349 7624 0 0 0 0 0 0 0
378 7411 0 0 0 0 0 0 0
0 0 0 0 0 0 0 0 0
1014 19956 0 0 0 0 0 0 0
410 4940 0 0 0 0 0 0 0
0 0 0 0 0 0 0 0 0
1607 4512 0 0 0 0 0 0 0
2613 4241 0 0 0 0 0 0 0
2713 3815 0 0 0 0 0 0 0
3248 4179 0 0 0 0 0 0 0
7237 9042 16 0 0 0 0 0 0
0 0 0 0 0 0 0 0 0
3198 1910 0 0 0 0 0 0 0
3045 1187 0 0 0 0 0 0 0
3740 5260 0 0 0 0 0 0 0
0 0 0 0 0 0 0 0 0
2262 4537 0 0 0 0 0 0 0
0 0 0 0 0 0 0 0 0
1127 429 0 0 0 0 0 0 0
622 486 0 0 0 0 0 0 0
488 1282 0 0 0 0 0 0 0
37 40 0 0 0 0 0 0 0
93 28 0 0 0 0 0 0 0
0 0 0 0 0 0 0 0 0
354 30 0 0 0 0 0 0 0
680 196 0 0 0 0 0 0 0
2372 1918 0 0 0 0 0 0 0
885 1078 0 0 0 0 0 0 0
0 0 0 0 0 0 0 0 0
0 0 0 0 0 0 0 0 0
2111 5101 0 0 0 0 0 0 0
4245 4375 0 0 0 0 0 0 0
1150 973 0 0 0 0 0 0 0
599 731 0 0 0 0 0 0 0
181 416 0 0 0 0 0 0 0
0 0 0 0 0 0 0 0 0
145 498 0 0 0 0 0 0 0
285 867 1 0 0 0 0 0 0
149 357 0 0 0 0 0 0 0
0 0 0 0 0 0 0 0 0
1858 1855 0 0 0 0 0 0 0
0 0 0 0 0 0 0 0 0
1258 1853 0 0 0 0 0 0 0
289 446 0 0 0 0 0 0 0
801 695 0 0 0 0 0 0 0
1123 872 0 0 0 0 0 0 0
960 1182 0 0 0 0 0 0 0
0 0 0 0 0 0 0 0 0
610 1500 0 0 0 0 0 0 0
678 6673 0 0 0 0 0 0 0
217 2366 0 0 0 0 0 0 0
201 2577 0 0 0 0 0 0 0
181 2526 0 0 0 0 0 0 0
0 0 0 0 0 0 0 0 0
230 2379 0 0 0 0 0 0 0
2099 6330 0 0 0 0 0 0 0
0 0 0 0 0 0 0 0 0
3042 3501 4 0 0 0 0 0 0
919 88 0 0 0 0 0 0 0
0 0 0 0 0 0 0 0 0
1071 40 0 0 0 0 0 0 0
1073 23 0 0 0 0 0 0 0
3750 172 0 0 0 0 0 0 0
1712 8 0 0 0 0 0 0 0
2963 540 0 0 0 0 0 0 0
0 0 0 0 0 0 0 0 0
356 75 0 0 0 0 0 0 0
189 96 0 0 0 0 0 0 0
0 0 0 0 0 0 0 0 0
816 1076 0 0 0 0 0 0 0
812 1116 0 0 0 0 0 0 0
0 0 0 0 0 0 0 0 0
141 62 0 0 0 0 0 0 0
389 34 0 0 0 0 0 0 0
636 11 0 0 0 0 0 0 0
998 21 0 0 0 0 0 0 0
1047 19 0 0 0 0 0 0 0
0 0 0 0 0 0 0 0 0
3128 2230 0 0 0 0 0 0 0
0 0 0 0 0 0 0 0 0
2594 2416 0 0 0 0 0 0 0
2398 1865 0 0 0 0 0 0 0
941 63 0 0 0 0 0 0 0
0 0 0 0 0 0 0 0 0
1591 65 0 0 0 0 0 0 0
1734 47 0 0 0 0 0 0 0
1608 26 0 0 0 0 0 0 0
4173 45 0 0 0 0 0 0 0
2044 0 0 0 0 0 0 0 0
0 0 0 0 0 0 0 0 0
2184 2 0 0 0 0 0 0 0
1371 2 0 0 0 0 0 0 0
787 0 0 0 0 0 0 0 0
3043 1 0 0 0 0 0 0 0
1131 0 0 0 0 0 0 0 0
0 0 0 0 0 0 0 0 0
1201 0 0 0 0 0 0 0 0
1459 0 0 0 0 0 0 0 0
0 0 0 0 0 0 0 0 0
4400 0 0 0 0 0 0 0 0
5112 0 0 0 0 0 0 0 0
0 0 0 0 0 0 0 0 0
2771 0 0 0 0 0 0 0 0
3452 7 0 0 0 0 0 0 0
3417 2 0 0 0 0 0 0 0
6567 22 0 0 0 0 0 0 0
2758 0 0 0 0 0 0 0 0
0 0 0 0 0 0 0 0 0
2455 0 0 0 0 0 0 0 0
2154 0 0 0 0 0 0 0 0
3421 0 0 0 0 0 0 0 0
882 0 0 0 0 0 0 0 0
519 0 0 0 0 0 0 0 0
0 0 0 0 0 0 0 0 0
194 4 0 0 0 0 0 0 0
0 0 0 0 0 0 0 0 0
1047 310 0 0 0 0 0 0 0
220 4 0 0 0 0 0 0 0
292 0 0 0 0 0 0 0 0
0 0 0 0 0 0 0 0 0
649 0 0 0 0 0 0 0 0
1220 0 0 0 0 0 0 0 0
3509 0 0 0 0 0 0 0 0
2133 0 0 0 0 0 0 0 0
0 0 0 0 0 0 0 0 0
0 0 0 0 0 0 0 0 0
5567 5 0 0 0 0 0 0 0
2889 0 0 0 0 0 0 0 0
0 0 0 0 0 0 0 0 0
5494 0 0 0 0 0 0 0 0
1167 0 0 0 0 0 0 0 0
0 0 0 0 0 0 0 0 0
2592 7 0 0 0 0 0 0 0
904 3 0 0 0 0 0 0 0
874 0 0 0 0 0 0 0 0
1229 0 0 0 0 0 0 0 0
1354 0 0 0 0 0 0 0 0
0 0 0 0 0 0 0 0 0
1366 0 0 0 0 0 0 0 0
4471 68 0 0 0 0 0 0 0
3738 1 0 0 0 0 0 0 0
4977 0 0 0 0 0 0 0 0
5974 2 0 0 0 0 0 0 0
0 0 0 0 0 0 0 0 0
6177 0 0 0 0 0 0 0 0
9969 62 0 0 0 0 0 0 0
4812 3 0 0 0 0 0 0 0
0 0 0 0 0 0 0 0 0
8339 24 0 0 0 0 0 0 0
0 0 0 0 0 0 0 0 0
8751 49 0 0 0 0 0 0 0
5315 2 0 0 0 0 0 0 0
4560 0 0 0 0 0 0 0 0
4429 0 0 0 0 0 0 0 0
4004 0 0 0 0 0 0 0 0
0 0 0 0 0 0 0 0 0
7370 38 0 0 0 0 0 0 0
3667 0 0 0 0 0 0 0 0
3372 0 0 0 0 0 0 0 0
3257 0 0 0 0 0 0 0 0
3255 0 0 0 0 0 0 0 0
0 0 0 0 0 0 0 0 0
5681 6 0 0 0 0 0 0 0
2284 3 0 0 0 0 0 0 0
1992 0 0 0 0 0 0 0 0
0 0 0 0 0 0 0 0 0
4816 16 0 0 0 0 0 0 0
0 0 0 0 0 0 0 0 0
811 0 0 0 0 0 0 0 0
1041 15 0 0 0 0 0 0 0
1103 1 0 0 0 0 0 0 0
2163 422 22 0 0 0 0 0 0
749 17 0 0 0 0 0 0 0
0 0 0 0 0 0 0 0 0
0 0 0 0 0 0 0 0 0
2047 410 0 0 0 0 0 0 0
1428 4 0 0 0 0 0 0 0
2871 583 0 0 0 0 0 0 0
1518 18 0 0 0 0 0 0 0
0 0 0 0 0 0 0 0 0
1391 7 0 0 0 0 0 0 0
1148 1 0 0 0 0 0 0 0
1030 1 0 0 0 0 0 0 0
903 2 0 0 0 0 0 0 0
2302 160 0 0 0 0 0 0 0
0 0 0 0 0 0 0 0 0
729 0 0 0 0 0 0 0 0
829 6 0 0 0 0 0 0 0
748 6 0 0 0 0 0 0 0
2441 196 0 0 0 0 0 0 0
1003 16 0 0 0 0 0 0 0
0 0 0 0 0 0 0 0 0
1167 3 0 0 0 0 0 0 0
3253 236 0 0 0 0 0 0 0
0 0 0 0 0 0 0 0 0
3381 134 0 0 0 0 0 0 0
1179 15 0 0 0 0 0 0 0
0 0 0 0 0 0 0 0 0
1216 14 0 0 0 0 0 0 0
3591 87 0 0 0 0 0 0 0
1785 0 0 0 0 0 0 0 0
2074 4 0 0 0 0 0 0 0
2114 0 0 0 0 0 0 0 0
0 0 0 0 0 0 0 0 0
1996 1 0 0 0 0 0 0 0
1150 1 0 0 0 0 0 0 0
1863 6 0 0 0 0 0 0 0
1048 0 0 0 0 0 0 0 0
1056 0 0 0 0 0 0 0 0
0 0 0 0 0 0 0 0 0
1132 4 0 0 0 0 0 0 0
2603 4 34 0 0 0 0 0 0
361 4 30 0 0 0 0 0 0
373 0 0 0 0 0 0 0 0
956 0 0 0 0 0 0 0 0
0 0 0 0 0 0 0 0 0
0 0 0 0 0 0 0 0 0
2785 0 62 0 0 0 0 0 0
1489 0 90 0 0 0 0 0 0
1586 1 123 0 0 0 0 0 0
1437 0 125 0 0 0 0 0 0
0 0 0 0 0 0 0 0 0
2054 1 216 0 0 0 0 0 0
140 0 113 0 0 0 0 0 0
460 1 79 0 0 0 0 0 0
472 5 29 0 0 0 0 0 0
403 10 0 0 0 0 0 0 0
0 0 0 0 0 0 0 0 0
1326 499 0 0 0 0 0 0 0
515 36 1 0 0 0 0 0 0
351 34 73 0 0 0 0 0 0
317 15 174 0 0 0 0 0 0
265 26 162 0 0 0 0 0 0
0 0 0 0 0 0 0 0 0
1274 473 299 0 0 0 0 0 0
163 6 175 0 0 0 0 0 0
197 45 184 0 0 0 0 0 0
273 45 208 0 0 0 0 0 0
1489 947 246 0 0 0 0 0 0
0 0 0 0 0 0 0 0 0
0 0 0 0 0 0 0 0 0
1398 562 139 0 0 0 0 0 0
397 0 57 0 0 0 0 0 0
353 1 37 0 0 0 0 0 0
706 10 41 0 0 0 0 0 0
0 0 0 0 0 0 0 0 0
114 1 17 0 0 0 0 0 0
292 0 8 0 0 0 0 0 0
368 0 4 0 0 0 0 0 0
322 1 9 0 0 0 0 0 0
946 136 8 0 0 0 0 0 0
0 0 0 0 0 0 0 0 0
470 10 45 0 0 0 0 0 0
561 0 18 0 0 0 0 0 0
407 4 0 0 0 0 0 0 0
342 0 0 0 0 0 0 0 0
431 7 0 0 0 0 0 0 0
0 0 0 0 0 0 0 0 0
1654 279 0 0 0 0 0 0 0
790 4 0 0 0 0 0 0 0
847 8 0 0 0 0 0 0 0
843 2 0 0 0 0 0 0 0
1698 0 0 0 0 0 0 0 0
0 0 0 0 0 0 0 0 0
0 0 0 0 0 0 0 0 0
1360 0 0 0 0 0 0 0 0
148 0 0 0 0 0 0 0 0
779 0 0 0 0 0 0 0 0
202 0 0 0 0 0 0 0 0
0 0 0 0 0 0 0 0 0
220 0 0 0 0 0 0 0 0
158 3 0 0 0 0 0 0 0
0 0 0 0 0 0 0 0 0
1620 3 0 0 0 0 0 0 0
196 0 0 0 0 0 0 0 0
0 0 0 0 0 0 0 0 0
271 0 0 0 0 0 0 0 0
344 0 0 0 0 0 0 0 0
1477 1 0 0 0 0 0 0 0
465 0 0 0 0 0 0 0 0
316 0 0 0 0 0 0 0 0
0 0 0 0 0 0 0 0 0
0 0 0 0 0 0 0 0 0
1813 5 0 0 0 0 0 0 0
151 0 0 0 0 0 0 0 0
94 0 0 0 0 0 0 0 0
149 0 0 0 0 0 0 0 0
0 0 0 0 0 0 0 0 0
201 0 0 0 0 0 0 0 0
184 0 0 0 0 0 0 0 0
361 0 0 0 0 0 0 0 0
76 0 0 0 0 0 0 0 0
0 0 0 0 0 0 0 0 0
0 0 0 0 0 0 0 0 0
310 0 0 0 0 0 0 0 0
18 1 0 0 0 0 0 0 0
12 8 0 0 0 0 0 0 0
0 6 0 0 0 0 0 0 0
1 0 0 0 0 0 0 0 0
0 0 0 0 0 0 0 0 0
40 3 0 0 0 0 0 0 0
112 4 0 0 0 0 0 0 0
766 4 0 0 0 0 0 0 0
148 0 0 0 0 0 0 0 0
35 0 0 0 0 0 0 0 0
0 0 0 0 0 0 0 0 0
0 0 0 0 0 0 0 0 0
47 0 0 0 0 0 0 0 0
146 2 0 0 0 0 0 0 0
194 0 0 0 0 0 0 0 0
141 0 0 0 0 0 0 0 0
0 0 0 0 0 0 0 0 0
123 0 0 0 0 0 0 0 0
490 0 0 0 0 0 0 0 0
0 0 0 0 0 0 0 0 0
20 0 0 0 0 0 0 0 0
30 0 0 0 0 0 0 0 0
0 0 0 0 0 0 0 0 0
44 0 0 0 0 0 0 0 0
123 3 0 0 0 0 0 0 0
932 0 0 0 0 0 0 0 0
165 0 0 0 0 0 0 0 0
1 0 0 0 0 0 0 0 0
0 0 0 0 0 0 0 0 0
50 1 0 0 0 0 0 0 0
151 38 0 0 0 0 0 0 0
586 202 0 0 0 0 0 0 0
1491 709 0 0 0 0 0 0 0
2429 2419 0 0 0 0 0 0 0
0 0 0 0 0 0 0 0 0
6981 17616 0 0 0 0 0 0 0
5259 14773 0 0 0 0 0 0 0
5066 16576 0 0 0 0 0 0 0
0 0 0 0 0 0 0 0 0
8361 26296 0 0 0 0 0 0 0
0 0 0 0 0 0 0 0 0
7578 27494 0 0 0 0 0 0 0
4183 17431 0 0 0 0 0 0 0
4267 17707 0 0 0 0 0 0 0
3306 17496 0 0 0 0 0 0 0
2648 16678 0 0 0 0 0 0 0
0 0 0 0 0 0 0 0 0
6643 22456 751 0 0 0 0 0 0
0 0 0 0 0 0 0 0 0
20252 24477 1316 0 0 0 0 0 0
343 16122 1 0 0 0 0 0 0
141 9113 0 0 0 0 0 0 0
158 9614 0 0 0 0 0 0 0
0 0 0 0 0 0 0 0 0
836 16840 0 0 0 0 0 0 0
0 0 0 0 0 0 0 0 0
286 16321 0 0 0 0 0 0 0
2 9021 0 0 0 0 0 0 0
0 0 0 0 0 0 0 0 0
138 15539 88 0 0 0 0 0 0
151 7735 97 0 0 0 0 0 0
0 0 0 0 0 0 0 0 0
1122 15353 106 0 0 0 0 0 0
272 7300 24 0 0 0 0 0 0
418 7580 0 0 0 0 0 0 0
625 8280 0 0 0 0 0 0 0
2404 16964 0 0 0 0 0 0 0
0 0 0 0 0 0 0 0 0
0 0 0 0 0 0 0 0 0
2583 17535 188 0 0 0 0 0 0
772 9765 16 0 0 0 0 0 0
622 10267 0 0 0 0 0 0 0
1512 18578 0 0 0 0 0 0 0
0 0 0 0 0 0 0 0 0
214 9751 3 0 0 0 0 0 0
154 9671 8 0 0 0 0 0 0
204 9060 12 0 0 0 0 0 0
280 8663 8 0 0 0 0 0 0
806 15601 0 0 0 0 0 0 0
0 0 0 0 0 0 0 0 0
388 6666 7 0 0 0 0 0 0
481 5853 0 0 0 0 0 0 0
0 0 0 0 0 0 0 0 0
758 5241 60 0 0 0 0 0 0
1055 4584 66 0 0 0 0 0 0
0 0 0 0 0 0 0 0 0
2686 10435 368 0 0 0 0 0 0
1312 3112 193 0 0 0 0 0 0
1204 2512 171 0 0 0 0 0 0
2035 6759 264 0 0 0 0 0 0
1069 1171 99 0 0 0 0 0 0
0 0 0 0 0 0 0 0 0
1072 637 70 0 0 0 0 0 0
1036 462 39 0 0 0 0 0 0
1001 207 25 0 0 0 0 0 0
2317 852 6 0 0 0 0 0 0
1197 1 0 0 0 0 0 0 0
0 0 0 0 0 0 0 0 0
1184 13 0 0 0 0 0 0 0
1066 16 0 0 0 0 0 0 0
993 18 0 0 0 0 0 0 0
1052 39 0 0 0 0 0 0 0
1951 384 0 0 0 0 0 0 0
0 0 0 0 0 0 0 0 0
454 124 0 0 0 0 0 0 0
222 251 0 0 0 0 0 0 0
0 0 0 0 0 0 0 0 0
1984 5951 0 0 0 0 0 0 0
319 652 0 0 0 0 0 0 0
0 0 0 0 0 0 0 0 0
297 710 0 0 0 0 0 0 0
325 776 0 0 0 0 0 0 0
257 693 0 0 0 0 0 0 0
296 625 0 0 0 0 0 0 0
1488 2436 0 0 0 0 0 0 0
0 0 0 0 0 0 0 0 0
1245 252 0 0 0 0 0 0 0
1278 187 0 0 0 0 0 0 0
3258 990 0 0 0 0 0 0 0
1641 20 0 0 0 0 0 0 0
1577 6 0 0 0 0 0 0 0
0 0 0 0 0 0 0 0 0
0 0 0 0 0 0 0 0 0
3353 379 0 0 0 0 0 0 0
2086 1070 0 0 0 0 0 0 0
669 246 0 0 0 0 0 0 0
0 0 0 0 0 0 0 0 0
0 0 0 0 0 0 0 0 0
1522 1682 0 0 0 0 0 0 0
320 190 0 0 0 0 0 0 0
764 1267 0 0 0 0 0 0 0
86 41 0 0 0 0 0 0 0
84 0 0 0 0 0 0 0 0
0 0 0 0 0 0 0 0 0
518 10 0 0 0 0 0 0 0
262 0 0 0 0 0 0 0 0
358 3 0 0 0 0 0 0 0
527 2 0 0 0 0 0 0 0
580 2 0 0 0 0 0 0 0
0 0 0 0 0 0 0 0 0
1594 213 0 0 0 0 0 0 0
830 21 0 0 0 0 0 0 0
985 21 0 0 0 0 0 0 0
1043 2 0 0 0 0 0 0 0
0 0 0 0 0 0 0 0 0
0 0 0 0 0 0 0 0 0
2045 44 19 0 0 0 0 0 0
1337 0 28 0 0 0 0 0 0
437 0 0 0 0 0 0 0 0
385 0 0 0 0 0 0 0 0
241 0 0 0 0 0 0 0 0
0 0 0 0 0 0 0 0 0
133 0 0 0 0 0 0 0 0
85 2 0 0 0 0 0 0 0
57 9 0 0 0 0 0 0 0
460 201 0 0 0 0 0 0 0
71 64 0 0 0 0 0 0 0
0 0 0 0 0 0 0 0 0
1281 192 0 0 0 0 0 0 0
949 1 0 0 0 0 0 0 0
962 0 0 0 0 0 0 0 0
1028 0 0 0 0 0 0 0 0
1614 0 0 0 0 0 0 0 0
0 0 0 0 0 0 0 0 0
14 3 0 0 0 0 0 0 0
323 3 0 0 0 0 0 0 0
676 2 0 0 0 0 0 0 0
754 0 0 0 0 0 0 0 0
433 0 0 0 0 0 0 0 0
0 0 0 0 0 0 0 0 0
236 1 0 0 0 0 0 0 0
145 0 0 0 0 0 0 0 0
370 4 0 0 0 0 0 0 0
274 0 0 0 0 0 0 0 0
384 242 0 0 0 0 0 0 0
0 0 0 0 0 0 0 0 0
135 122 0 0 0 0 0 0 0
36 104 0 0 0 0 0 0 0
116 149 0 0 0 0 0 0 0
247 101 0 0 0 0 0 0 0
373 91 0 0 0 0 0 0 0
0 0 0 0 0 0 0 0 0
867 517 0 0 0 0 0 0 0
392 9 0 0 0 0 0 0 0
491 6 0 0 0 0 0 0 0
1723 207 0 0 0 0 0 0 0
400 0 0 0 0 0 0 0 0
0 0 0 0 0 0 0 0 0
364 24 0 0 0 0 0 0 0
434 1 0 0 0 0 0 0 0
0 0 0 0 0 0 0 0 0
2052 247 0 0 0 0 0 0 0
913 372 0 0 0 0 0 0 0
0 0 0 0 0 0 0 0 0
48 6 0 0 0 0 0 0 0
0 0 0 0 0 0 0 0 0
548 102 0 0 0 0 0 0 0
423 0 0 0 0 0 0 0 0
12 0 0 0 0 0 0 0 0
0 0 0 0 0 0 0 0 0
12 0 0 0 0 0 0 0 0
65 0 0 0 0 0 0 0 0
299 0 0 0 0 0 0 0 0
1019 4 0 0 0 0 0 0 0
423 0 0 0 0 0 0 0 0
0 0 0 0 0 0 0 0 0
779 0 0 0 0 0 0 0 0
1107 0 0 0 0 0 0 0 0
2425 0 0 0 0 0 0 0 0
443 0 0 0 0 0 0 0 0
899 0 0 0 0 0 0 0 0
0 0 0 0 0 0 0 0 0
967 0 0 0 0 0 0 0 0
0 0 0 0 0 0 0 0 0
2434 1 0 0 0 0 0 0 0
239 0 0 0 0 0 0 0 0
378 0 0 0 0 0 0 0 0
0 0 0 0 0 0 0 0 0
472 0 0 0 0 0 0 0 0
410 0 0 0 0 0 0 0 0
1263 0 0 0 0 0 0 0 0
763 0 0 0 0 0 0 0 0
0 0 0 0 0 0 0 0 0
0 0 0 0 0 0 0 0 0
1561 6 0 0 0 0 0 0 0
656 0 0 0 0 0 0 0 0
1234 0 0 0 0 0 0 0 0
53 0 0 0 0 0 0 0 0
346 0 0 0 0 0 0 0 0
0 0 0 0 0 0 0 0 0
544 0 0 0 0 0 0 0 0
1846 47 0 0 0 0 0 0 0
352 0 0 0 0 0 0 0 0
178 1 0 0 0 0 0 0 0
190 1 0 0 0 0 0 0 0
0 0 0 0 0 0 0 0 0
444 3 0 0 0 0 0 0 0
922 0 0 0 0 0 0 0 0
2777 61 0 0 0 0 0 0 0
225 0 0 0 0 0 0 0 0
0 0 0 0 0 0 0 0 0
0 0 0 0 0 0 0 0 0
1309 65 0 0 0 0 0 0 0
212 0 0 0 0 0 0 0 0
685 21 0 0 0 0 0 0 0
427 0 0 0 0 0 0 0 0
214 0 0 0 0 0 0 0 0
0 0 0 0 0 0 0 0 0
163 0 0 0 0 0 0 0 0
899 1 0 0 0 0 0 0 0
189 0 0 0 0 0 0 0 0
197 0 0 0 0 0 0 0 0
121 0 0 0 0 0 0 0 0
0 0 0 0 0 0 0 0 0
271 0 0 0 0 0 0 0 0
1161 0 0 0 0 0 0 0 0
143 0 0 0 0 0 0 0 0
172 0 0 0 0 0 0 0 0
0 0 0 0 0 0 0 0 0
0 0 0 0 0 0 0 0 0
555 0 0 0 0 0 0 0 0
211 0 0 0 0 0 0 0 0
229 0 0 0 0 0 0 0 0
281 1 0 0 0 0 0 0 0
254 93 0 0 0 0 0 0 0
0 1 0 0 0 0 0 0 0
866 1589 0 0 0 0 0 0 0
277 84 0 0 0 0 0 0 0
153 166 0 0 0 0 0 0 0
418 83 0 0 0 0 0 0 0
573 116 0 0 0 0 0 0 0
0 0 0 0 0 0 0 0 0
2080 1647 6 0 0 0 0 0 0
797 284 0 0 0 0 0 0 0
669 263 0 0 0 0 0 0 0
637 176 7 0 0 0 0 0 0
1027 347 32 0 0 0 0 0 0
0 0 0 0 0 0 0 0 0
91 6 2 0 0 0 0 0 0
395 19 0 0 0 0 0 0 0
464 31 0 0 0 0 0 0 0
0 0 0 0 0 0 0 0 0
1217 1885 17 0 0 0 0 0 0
0 0 0 0 0 0 0 0 0
77 15 0 0 0 0 0 0 0
89 5 0 0 0 0 0 0 0
99 0 0 0 0 0 0 0 0
496 73 5 0 0 0 0 0 0
0 0 0 0 0 0 0 0 0
0 0 0 0 0 0 0 0 0
504 42 3 0 0 0 0 0 0
145 0 0 0 0 0 0 0 0
164 4 0 0 0 0 0 0 0
485 1238 0 0 0 0 0 0 0
227 280 0 0 0 0 0 0 0
0 0 0 0 0 0 0 0 0
396 359 0 0 0 0 0 0 0
668 245 0 0 0 0 0 0 0
800 174 0 0 0 0 0 0 0
824 144 0 0 0 0 0 0 0
1524 890 6 0 0 0 0 0 0
0 0 0 0 0 0 0 0 0
951 52 0 0 0 0 0 0 0
967 80 0 0 0 0 0 0 0
906 70 0 0 0 0 0 0 0
1347 899 0 0 0 0 0 0 0
497 68 0 0 0 0 0 0 0
0 0 0 0 0 0 0 0 0
258 102 0 0 0 0 0 0 0
0 0 0 0 0 0 0 0 0
200 599 40 0 0 0 0 0 0
717 302 59 0 0 0 0 0 0
146 2 21 0 0 0 0 0 0
0 0 0 0 0 0 0 0 0
25 0 29 0 0 0 0 0 0
166 0 17 0 0 0 0 0 0
126 1 65 0 0 0 0 0 0
0 0 0 0 0 0 0 0 0
490 2 119 0 0 0 0 0 0
0 0 0 0 0 0 0 0 0
91 0 99 0 0 0 0 0 0
310 0 116 0 0 0 0 0 0
827 0 182 0 0 0 0 0 0
491 0 59 0 0 0 0 0 0
545 0 5 0 0 0 0 0 0
0 0 0 0 0 0 0 0 0
583 0 0 0 0 0 0 0 0
1316 135 8 0 0 0 0 0 0
683 1 0 0 0 0 0 0 0
670 1 1 0 0 0 0 0 0
552 0 0 0 0 0 0 0 0
0 0 0 0 0 0 0 0 0
0 0 0 0 0 0 0 0 0
2130 155 8 0 0 0 0 0 0
412 3 0 0 0 0 0 0 0
426 0 0 0 0 0 0 0 0
639 2 0 0 0 0 0 0 0
0 0 0 0 0 0 0 0 0
705 0 0 0 0 0 0 0 0
1678 2 95 0 0 0 0 0 0
467 0 78 0 0 0 0 0 0
509 0 70 0 0 0 0 0 0
0 0 0 0 0 0 0 0 0
0 0 0 0 0 0 0 0 0
1411 7 140 0 0 0 0 0 0
623 9 145 0 0 0 0 0 0
236 0 87 0 0 0 0 0 0
0 0 0 0 0 0 0 0 0
347 5 91 0 0 0 0 0 0
0 0 0 0 0 0 0 0 0
420 0 79 0 0 0 0 0 0
2208 169 170 0 0 0 0 0 0
806 0 5 0 0 0 0 0 0
817 0 0 0 0 0 0 0 0
2691 0 5 0 0 0 0 0 0
0 0 0 0 0 0 0 0 0
792 0 0 0 0 0 0 0 0
748 0 0 0 0 0 0 0 0
0 0 0 0 0 0 0 0 0
2442 2 0 0 0 0 0 0 0
1086 0 0 0 0 0 0 0 0
0 0 0 0 0 0 0 0 0
1610 0 0 0 0 0 0 0 0
250 0 0 0 0 0 0 0 0
171 0 0 0 0 0 0 0 0
140 2 0 0 0 0 0 0 0
957 0 0 0 0 0 0 0 0
0 0 0 0 0 0 0 0 0
356 0 0 0 0 0 0 0 0
0 0 0 0 0 0 0 0 0
2746 0 0 0 0 0 0 0 0
683 0 0 0 0 0 0 0 0
678 0 0 0 0 0 0 0 0
0 0 0 0 0 0 0 0 0
2690 0 0 0 0 0 0 0 0
643 0 0 0 0 0 0 0 0
312 0 0 0 0 0 0 0 0
352 0 0 0 0 0 0 0 0
1329 4 0 0 0 0 0 0 0
0 0 0 0 0 0 0 0 0
149 0 0 0 0 0 0 0 0
36 0 0 0 0 0 0 0 0
258 0 0 0 0 0 0 0 0
2127 0 0 0 0 0 0 0 0
1488 0 0 0 0 0 0 0 0
0 0 0 0 0 0 0 0 0
1269 0 0 0 0 0 0 0 0
0 0 0 0 0 0 0 0 0
2611 1 0 0 0 0 0 0 0
2306 0 0 0 0 0 0 0 0
776 0 0 0 0 0 0 0 0
0 0 0 0 0 0 0 0 0
864 0 0 0 0 0 0 0 0
900 0 0 0 0 0 0 0 0
959 0 0 0 0 0 0 0 0
1333 0 0 0 0 0 0 0 0
246 0 0 0 0 0 0 0 0
0 0 0 0 0 0 0 0 0
0 0 0 0 0 0 0 0 0
938 0 0 0 0 0 0 0 0
595 0 0 0 0 0 0 0 0
147 0 0 0 0 0 0 0 0
434 0 0 0 0 0 0 0 0
0 0 0 0 0 0 0 0 0
128 0 0 0 0 0 0 0 0
57 0 0 0 0 0 0 0 0
83 0 0 0 0 0 0 0 0
214 2 0 0 0 0 0 0 0
18 0 0 0 0 0 0 0 0
0 0 0 0 0 0 0 0 0
36 0 0 0 0 0 0 0 0
182 0 0 0 0 0 0 0 0
22 0 0 0 0 0 0 0 0
64 0 0 0 0 0 0 0 0
129 0 0 0 0 0 0 0 0
0 0 0 0 0 0 0 0 0
208 0 0 0 0 0 0 0 0
381 18 0 0 0 0 0 0 0
266 0 0 0 0 0 0 0 0
683 86 0 0 0 0 0 0 0
422 99 0 0 0 0 0 0 0
0 0 0 0 0 0 0 0 0
679 219 0 0 0 0 0 0 0
1133 2242 0 0 0 0 0 0 0
424 346 0 0 0 0 0 0 0
350 256 0 0 0 0 0 0 0
0 0 0 0 0 0 0 0 0
0 0 0 0 0 0 0 0 0
1424 1133 0 0 0 0 0 0 0
857 773 0 0 0 0 0 0 0
41 92 0 0 0 0 0 0 0
27 57 0 0 0 0 0 0 0
139 52 0 0 0 0 0 0 0
0 0 0 0 0 0 0 0 0
270 0 0 0 0 0 0 0 0
160 22 0 0 0 0 0 0 0
251 4 0 0 0 0 0 0 0
73 6 0 0 0 0 0 0 0
88 2 0 0 0 0 0 0 0
0 0 0 0 0 0 0 0 0
163 0 0 0 0 0 0 0 0
330 60 0 0 0 0 0 0 0
111 0 0 0 0 0 0 0 0
0 0 0 0 0 0 0 0 0
982 2 0 0 0 0 0 0 0
0 0 0 0 0 0 0 0 0
1466 1 0 0 0 0 0 0 0
436 0 0 0 0 0 0 0 0
232 0 0 0 0 0 0 0 0
370 0 0 0 0 0 0 0 0
387 0 0 0 0 0 0 0 0
0 0 0 0 0 0 0 0 0
1127 0 0 0 0 0 0 0 0
326 0 0 0 0 0 0 0 0
0 0 0 0 0 0 0 0 0
941 0 0 0 0 0 0 0 0
53 0 0 0 0 0 0 0 0
0 0 0 0 0 0 0 0 0
553 9 0 0 0 0 0 0 0
216 5 0 0 0 0 0 0 0
294 0 0 0 0 0 0 0 0
379 3 0 0 0 0 0 0 0
498 0 0 0 0 0 0 0 0
0 0 0 0 0 0 0 0 0
2743 69 6 0 0 0 0 0 0
923 8 0 0 0 0 0 0 0
0 0 0 0 0 0 0 0 0
3004 76 0 0 0 0 0 0 0
3200 9 0 0 0 0 0 0 0
0 0 0 0 0 0 0 0 0
1038 4 0 0 0 0 0 0 0
874 1 0 0 0 0 0 0 0
770 1 0 0 0 0 0 0 0
1847 14 0 0 0 0 0 0 0
0 0 0 0 0 0 0 0 0
0 0 0 0 0 0 0 0 0
1490 21 0 0 0 0 0 0 0
456 0 0 0 0 0 0 0 0
429 0 0 0 0 0 0 0 0
704 8 0 0 0 0 0 0 0
208 0 0 0 0 0 0 0 0
0 0 0 0 0 0 0 0 0
388 0 0 0 0 0 0 0 0
452 0 0 0 0 0 0 0 0
346 0 0 0 0 0 0 0 0
376 3 0 0 0 0 0 0 0
163 0 0 0 0 0 0 0 0
0 0 0 0 0 0 0 0 0
268 0 0 0 0 0 0 0 0
375 0 0 0 0 0 0 0 0
358 2 0 0 0 0 0 0 0
462 0 0 0 0 0 0 0 0
598 0 0 0 0 0 0 0 0
0 0 0 0 0 0 0 0 0
433 0 0 0 0 0 0 0 0
0 0 0 0 0 0 0 0 0
1634 0 0 0 0 0 0 0 0
584 2 0 0 0 0 0 0 0
290 0 0 0 0 0 0 0 0
0 0 0 0 0 0 0 0 0
299 0 0 0 0 0 0 0 0
222 3 0 0 0 0 0 0 0
237 0 0 0 0 0 0 0 0
875 0 0 0 0 0 0 0 0
620 0 0 0 0 0 0 0 0
0 0 0 0 0 0 0 0 0
527 0 0 0 0 0 0 0 0
225 0 0 0 0 0 0 0 0
287 0 0 0 0 0 0 0 0
1080 0 0 0 0 0 0 0 0
94 0 0 0 0 0 0 0 0
0 0 0 0 0 0 0 0 0
0 0 0 0 0 0 0 0 0
2215 0 0 0 0 0 0 0 0
1076 0 0 0 0 0 0 0 0
822 0 0 0 0 0 0 0 0
438 0 0 0 0 0 0 0 0
0 0 0 0 0 0 0 0 0
229 0 0 0 0 0 0 0 0
446 0 0 0 0 0 0 0 0
754 13 0 0 0 0 0 0 0
0 0 0 0 0 0 0 0 0
933 18 0 0 0 0 0 0 0
0 0 0 0 0 0 0 0 0
919 1 0 0 0 0 0 0 0
1023 0 0 0 0 0 0 0 0
750 3 0 0 0 0 0 0 0
416 1 0 0 0 0 0 0 0
289 2 0 0 0 0 0 0 0
0 0 0 0 0 0 0 0 0
311 0 0 0 0 0 0 0 0
702 2 0 0 0 0 0 0 0
0 0 0 0 0 0 0 0 0
378 0 0 0 0 0 0 0 0
0 0 0 0 0 0 0 0 0
0 0 0 0 0 0 0 0 0
1420 26 0 0 0 0 0 0 0
5 0 0 0 0 0 0 0 0
153 0 0 0 0 0 0 0 0
162 4 0 0 0 0 0 0 0
247 0 0 0 0 0 0 0 0
0 0 0 0 0 0 0 0 0
257 0 0 0 0 0 0 0 0
29 1 0 0 0 0 0 0 0
39 0 0 0 0 0 0 0 0
232 0 0 0 0 0 0 0 0
0 0 0 0 0 0 0 0 0
0 0 0 0 0 0 0 0 0
532 13 0 0 0 0 0 0 0
73 0 0 0 0 0 0 0 0
357 0 0 0 0 0 0 0 0
410 0 0 0 0 0 0 0 0
314 0 0 0 0 0 0 0 0
0 0 0 0 0 0 0 0 0
404 0 0 0 0 0 0 0 0
0 0 0 0 0 0 0 0 0
278 1 0 0 0 0 0 0 0
306 0 0 0 0 0 0 0 0
927 0 0 0 0 0 0 0 0
0 0 0 0 0 0 0 0 0
830 0 0 0 0 0 0 0 0
170 0 0 0 0 0 0 0 0
0 0 0 0 0 0 0 0 0
586 0 0 0 0 0 0 0 0
824 0 0 0 0 0 0 0 0
0 0 0 0 0 0 0 0 0
548 0 0 0 0 0 0 0 0
514 0 0 0 0 0 0 0 0
428 0 0 0 0 0 0 0 0
356 0 0 0 0 0 0 0 0
190 0 0 0 0 0 0 0 0
0 0 0 0 0 0 0 0 0
105 0 0 0 0 0 0 0 0
0 0 0 0 0 0 0 0 0
545 0 0 0 0 0 0 0 0
802 0 0 0 0 0 0 0 0
2479 0 0 0 0 0 0 0 0
0 0 0 0 0 0 0 0 0
1465 0 0 0 0 0 0 0 0
1193 0 0 0 0 0 0 0 0
0 0 0 0 0 0 0 0 0
3178 13 0 0 0 0 0 0 0
487 0 0 0 0 0 0 0 0
0 0 0 0 0 0 0 0 0
435 1 0 0 0 0 0 0 0
452 0 0 0 0 0 0 0 0
1534 0 0 0 0 0 0 0 0
604 0 0 0 0 0 0 0 0
862 0 0 0 0 0 0 0 0
0 0 0 0 0 0 0 0 0
0 0 0 0 0 0 0 0 0
1934 7 0 0 0 0 0 0 0
506 3 0 0 0 0 0 0 0
1092 3 0 0 0 0 0 0 0
203 0 0 0 0 0 0 0 0
0 0 0 0 0 0 0 0 0
244 2 0 0 0 0 0 0 0
378 0 0 0 0 0 0 0 0
376 0 0 0 0 0 0 0 0
1473 30 0 0 0 0 0 0 0
0 0 0 0 0 0 0 0 0
0 0 0 0 0 0 0 0 0
1559 18 0 0 0 0 0 0 0
605 0 0 0 0 0 0 0 0
1831 3 19 0 0 0 0 0 0
792 0 16 0 0 0 0 0 0
644 0 31 0 0 0 0 0 0
0 0 0 0 0 0 0 0 0
410 0 34 0 0 0 0 0 0
503 0 22 0 0 0 0 0 0
1432 18 41 0 0 0 0 0 0
279 0 27 0 0 0 0 0 0
0 0 0 0 0 0 0 0 0
0 0 0 0 0 0 0 0 0
142 0 3 0 0 0 0 0 0
142 0 2 0 0 0 0 0 0
317 2 0 0 0 0 0 0 0
64 0 5 0 0 0 0 0 0
27 1 0 0 0 0 0 0 0
0 0 0 0 0 0 0 0 0
175 1 1 0 0 0 0 0 0
0 0 0 0 0 0 0 0 0
431 0 49 0 0 0 0 0 0
37 0 0 0 0 0 0 0 0
474 0 43 0 0 0 0 0 0
0 0 0 0 0 0 0 0 0
419 0 34 0 0 0 0 0 0
1082 0 70 0 0 0 0 0 0
275 0 54 0 0 0 0 0 0
218 0 62 0 0 0 0 0 0
156 0 141 0 0 0 0 0 0
0 0 0 0 0 0 0 0 0
0 0 0 0 0 0 0 0 0
736 1 199 0 0 0 0 0 0
143 0 50 0 0 0 0 0 0
471 0 11 0 0 0 0 0 0
305 0 1 0 0 0 0 0 0
0 0 0 0 0 0 0 0 0
124 0 2 0 0 0 0 0 0
399 0 101 0 0 0 0 0 0
79 0 7 0 0 0 0 0 0
147 4 0 0 0 0 0 0 0
0 0 0 0 0 0 0 0 0
0 0 0 0 0 0 0 0 0
1759 0 167 0 0 0 0 0 0
235 0 6 0 0 0 0 0 0
158 0 33 0 0 0 0 0 0
105 0 0 0 0 0 0 0 0
133 0 42 0 0 0 0 0 0
0 0 0 0 0 0 0 0 0
344 0 36 0 0 0 0 0 0
75 0 13 0 0 0 0 0 0
99 0 8 0 0 0 0 0 0
41 1 0 0 0 0 0 0 0
411 0 2 0 0 0 0 0 0
0 0 0 0 0 0 0 0 0
210 0 0 0 0 0 0 0 0
129 0 0 0 0 0 0 0 0
155 0 0 0 0 0 0 0 0
0 0 0 0 0 0 0 0 0
731 0 0 0 0 0 0 0 0
0 0 0 0 0 0 0 0 0
224 0 0 0 0 0 0 0 0
126 0 0 0 0 0 0 0 0
88 0 0 0 0 0 0 0 0
34 0 0 0 0 0 0 0 0
484 6 0 0 0 0 0 0 0
0 0 0 0 0 0 0 0 0
257 3 0 0 0 0 0 0 0
0 0 0 0 0 0 0 0 0
1115 101 0 0 0 0 0 0 0
292 3 0 0 0 0 0 0 0
1158 30 0 0 0 0 0 0 0
0 0 0 0 0 0 0 0 0
159 2 0 0 0 0 0 0 0
181 0 0 0 0 0 0 0 0
101 0 0 0 0 0 0 0 0
700 1 0 0 0 0 0 0 0
240 0 0 0 0 0 0 0 0
0 0 0 0 0 0 0 0 0
151 0 0 0 0 0 0 0 0
611 0 0 0 0 0 0 0 0
855 0 0 0 0 0 0 0 0
1325 13 0 0 0 0 0 0 0
438 1 0 0 0 0 0 0 0
0 0 0 0 0 0 0 0 0
281 3 0 0 0 0 0 0 0
214 0 0 0 0 0 0 0 0
866 4 0 0 0 0 0 0 0
371 0 0 0 0 0 0 0 0
0 0 0 0 0 0 0 0 0
0 0 0 0 0 0 0 0 0
1131 0 0 0 0 0 0 0 0
592 2 0 0 0 0 0 0 0
831 17 0 0 0 0 0 0 0
169 0 0 0 0 0 0 0 0
163 0 0 0 0 0 0 0 0
0 0 0 0 0 0 0 0 0
70 0 0 0 0 0 0 0 0
33 3 0 0 0 0 0 0 0
10 0 0 0 0 0 0 0 0
0 0 0 0 0 0 0 0 0
75 0 0 0 0 0 0 0 0
0 0 0 0 0 0 0 0 0
13 0 0 0 0 0 0 0 0
23 0 0 0 0 0 0 0 0
259 1 0 0 0 0 0 0 0
20 2 0 0 0 0 0 0 0
42 0 0 0 0 0 0 0 0
0 0 0 0 0 0 0 0 0
0 0 0 0 0 0 0 0 0
0 0 0 0 0 0 0 0 0
0 0 0 0 0 0 0 0 0
0 0 0 0 0 0 0 0 0
0 0 0 0 0 0 0 0 0
0 0 0 0 0 0 0 0 0
0 0 0 0 0 0 0 0 0
8355 3819 0 0 0 0 0 0 0
0 0 0 0 0 0 0 0 0
2114 0 0 0 0 0 0 0 0
902 0 0 0 0 0 0 0 0
0 0 0 0 0 0 0 0 0
1014 0 0 0 0 0 0 0 0
793 0 0 0 0 0 0 0 0
836 0 0 0 0 0 0 0 0
211 0 0 0 0 0 0 0 0
228 0 0 0 0 0 0 0 0
0 0 0 0 0 0 0 0 0
264 0 0 0 0 0 0 0 0
410 0 0 0 0 0 0 0 0
639 1 0 0 0 0 0 0 0
242 2 0 0 0 0 0 0 0
220 0 0 0 0 0 0 0 0
0 0 0 0 0 0 0 0 0
412 0 0 0 0 0 0 0 0
2256 0 0 0 0 0 0 0 0
2159 0 0 0 0 0 0 0 0
0 0 0 0 0 0 0 0 0
4620 0 0 0 0 0 0 0 0
0 0 0 0 0 0 0 0 0
4647 0 0 0 0 0 0 0 0
0 0 0 0 0 0 0 0 0
2823 9 0 0 0 0 0 0 0
1035 0 0 0 0 0 0 0 0
923 0 0 0 0 0 0 0 0
0 0 0 0 0 0 0 0 0
1038 0 0 0 0 0 0 0 0
178 0 0 0 0 0 0 0 0
87 0 0 0 0 0 0 0 0
63 0 0 0 0 0 0 0 0
0 0 0 0 0 0 0 0 0
0 0 0 0 0 0 0 0 0
655 1 0 0 0 0 0 0 0
75 0 0 0 0 0 0 0 0
59 0 0 0 0 0 0 0 0
141 0 0 0 0 0 0 0 0
125 0 0 0 0 0 0 0 0
0 0 0 0 0 0 0 0 0
574 1 0 0 0 0 0 0 0
99 0 0 0 0 0 0 0 0
0 0 0 0 0 0 0 0 0
838 0 0 0 0 0 0 0 0
50 0 0 0 0 0 0 0 0
0 0 0 0 0 0 0 0 0
209 0 0 0 0 0 0 0 0
5 0 0 0 0 0 0 0 0
6 0 0 0 0 0 0 0 0
11 0 0 0 0 0 0 0 0
156 0 0 0 0 0 0 0 0
0 0 0 0 0 0 0 0 0
101 0 0 0 0 0 0 0 0
463 0 0 0 0 0 0 0 0
335 0 0 0 0 0 0 0 0
1008 2 0 0 0 0 0 0 0
547 0 0 0 0 0 0 0 0
0 0 0 0 0 0 0 0 0
0 0 0 0 0 0 0 0 0
2302 0 0 0 0 0 0 0 0
575 0 0 0 0 0 0 0 0
2511 1 0 0 0 0 0 0 0
1328 0 0 0 0 0 0 0 0
0 0 0 0 0 0 0 0 0
1209 0 0 0 0 0 0 0 0
1435 0 13 0 0 0 0 0 0
1491 0 29 0 0 0 0 0 0
3434 0 19 0 0 0 0 0 0
0 0 0 0 0 0 0 0 0
0 0 0 0 0 0 0 0 0
3544 2 22 0 0 0 0 0 0
1141 4 29 0 0 0 0 0 0
1005 0 38 0 0 0 0 0 0
1051 0 71 0 0 0 0 0 0
686 0 45 0 0 0 0 0 0
0 0 0 0 0 0 0 0 0
614 1 34 0 0 0 0 0 0
676 5 32 0 0 0 0 0 0
1834 1 87 0 0 0 0 0 0
1000 2 0 0 0 0 0 0 0
904 1 0 0 0 0 0 0 0
0 0 0 0 0 0 0 0 0
1107 5 0 0 0 0 0 0 0
746 12 9 0 0 0 0 0 0
616 389 65 0 0 0 0 0 0
534 12 10 0 0 0 0 0 0
699 1 0 0 0 0 0 0 0
0 0 0 0 0 0 0 0 0
0 0 0 0 0 0 0 0 0
4887 79 79 0 0 0 0 0 0
2081 0 10 0 0 0 0 0 0
2327 0 24 0 0 0 0 0 0
0 0 0 0 0 0 0 0 0
0 0 0 0 0 0 0 0 0
3848 0 161 0 0 0 0 0 0
842 1 134 0 0 0 0 0 0
1339 0 248 0 0 0 0 0 0
343 0 76 0 0 0 0 0 0
30 0 16 0 0 0 0 0 0
0 0 0 0 0 0 0 0 0
175 0 50 0 0 0 0 0 0
372 0 45 0 0 0 0 0 0
1278 0 66 0 0 0 0 0 0
1 0 0 0 0 0 0 0 0
3 0 0 0 0 0 0 0 0
0 0 0 0 0 0 0 0 0
383 3 5 0 0 0 0 0 0
85 0 0 0 0 0 0 0 0
154 0 0 0 0 0 0 0 0
154 0 0 0 0 0 0 0 0
0 0 0 0 0 0 0 0 0
0 0 0 0 0 0 0 0 0
759 0 0 0 0 0 0 0 0
971 0 23 0 0 0 0 0 0
389 4 32 0 0 0 0 0 0
243 0 13 0 0 0 0 0 0
112 0 0 0 0 0 0 0 0
0 0 0 0 0 0 0 0 0
98 0 0 0 0 0 0 0 0
411 2 0 0 0 0 0 0 0
0 0 0 0 0 0 0 0 0
411 0 0 0 0 0 0 0 0
19 1 0 0 0 0 0 0 0
0 0 0 0 0 0 0 0 0
241 5 0 0 0 0 0 0 0
257 0 0 0 0 0 0 0 0
368 0 0 0 0 0 0 0 0
508 0 0 0 0 0 0 0 0
215 0 0 0 0 0 0 0 0
0 0 0 0 0 0 0 0 0
941 0 0 0 0 0 0 0 0
144 0 0 0 0 0 0 0 0
15 0 0 0 0 0 0 0 0
576 0 0 0 0 0 0 0 0
226 0 0 0 0 0 0 0 0
0 0 0 0 0 0 0 0 0
0 0 0 0 0 0 0 0 0
471 0 0 0 0 0 0 0 0
31 0 0 0 0 0 0 0 0
34 0 0 0 0 0 0 0 0
112 1 0 0 0 0 0 0 0
0 0 0 0 0 0 0 0 0
104 0 0 0 0 0 0 0 0
221 0 0 0 0 0 0 0 0
426 0 0 0 0 0 0 0 0
1027 1 0 0 0 0 0 0 0
1867 0 0 0 0 0 0 0 0
0 0 0 0 0 0 0 0 0
781 0 0 0 0 0 0 0 0
785 3 0 0 0 0 0 0 0
439 0 0 0 0 0 0 0 0
637 0 0 0 0 0 0 0 0
1930 0 0 0 0 0 0 0 0
0 0 0 0 0 0 0 0 0
349 2 0 0 0 0 0 0 0
93 0 0 0 0 0 0 0 0
296 0 0 0 0 0 0 0 0
54 0 0 0 0 0 0 0 0
0 0 0 0 0 0 0 0 0
0 0 0 0 0 0 0 0 0
0 0 0 0 0 0 0 0 0
290 0 0 0 0 0 0 0 0
867 0 0 0 0 0 0 0 0
160 0 0 0 0 0 0 0 0
189 0 0 0 0 0 0 0 0
0 0 0 0 0 0 0 0 0
74 0 0 0 0 0 0 0 0
91 0 0 0 0 0 0 0 0
507 0 0 0 0 0 0 0 0
20 0 0 0 0 0 0 0 0
0 0 0 0 0 0 0 0 0
0 0 0 0 0 0 0 0 0
13 0 0 0 0 0 0 0 0
60 0 0 0 0 0 0 0 0
279 0 0 0 0 0 0 0 0
47 0 0 0 0 0 0 0 0
25 0 0 0 0 0 0 0 0
0 0 0 0 0 0 0 0 0
88 0 0 0 0 0 0 0 0
0 0 0 0 0 0 0 0 0
703 0 0 0 0 0 0 0 0
687 6 0 0 0 0 0 0 0
148 0 0 0 0 0 0 0 0
0 0 0 0 0 0 0 0 0
286 0 0 0 0 0 0 0 0
233 1 0 0 0 0 0 0 0
624 0 0 0 0 0 0 0 0
1 0 0 0 0 0 0 0 0
0 0 0 0 0 0 0 0 0
0 0 0 0 0 0 0 0 0
158 0 0 0 0 0 0 0 0
73 0 0 0 0 0 0 0 0
210 0 0 0 0 0 0 0 0
9 1 0 0 0 0 0 0 0
0 5 0 0 0 0 0 0 0
0 0 0 0 0 0 0 0 0
0 0 0 0 0 0 0 0 0
175 11 0 0 0 0 0 0 0
29 3 0 0 0 0 0 0 0
107 0 0 0 0 0 0 0 0
137 0 0 0 0 0 0 0 0
0 0 0 0 0 0 0 0 0
9 0 0 0 0 0 0 0 0
599 0 0 0 0 0 0 0 0
371 0 0 0 0 0 0 0 0
192 0 0 0 0 0 0 0 0
0 0 0 0 0 0 0 0 0
0 0 0 0 0 0 0 0 0
466 0 0 0 0 0 0 0 0
81 0 0 0 0 0 0 0 0
150 0 0 0 0 0 0 0 0
427 0 0 0 0 0 0 0 0
287 0 0 0 0 0 0 0 0
0 0 0 0 0 0 0 0 0
8 0 0 0 0 0 0 0 0
499 0 0 0 0 0 0 0 0
30 4 0 0 0 0 0 0 0
8 0 0 0 0 0 0 0 0
3 0 0 0 0 0 0 0 0
0 0 0 0 0 0 0 0 0
333 2 0 0 0 0 0 0 0
41 0 0 0 0 0 0 0 0
33 0 0 0 0 0 0 0 0
56 0 0 0 0 0 0 0 0
0 0 0 0 0 0 0 0 0
0 0 0 0 0 0 0 0 0
1311 0 0 0 0 0 0 0 0
50 0 0 0 0 0 0 0 0
10 0 0 0 0 0 0 0 0
4 0 0 0 0 0 0 0 0
0 0 0 0 0 0 0 0 0
0 0 0 0 0 0 0 0 0
964 0 0 0 0 0 0 0 0
26 0 0 0 0 0 0 0 0
2 0 0 0 0 0 0 0 0
8 0 0 0 0 0 0 0 0
92 0 0 0 0 0 0 0 0
0 0 0 0 0 0 0 0 0
447 2 0 0 0 0 0 0 0
0 0 0 0 0 0 0 0 0
579 1 0 0 0 0 0 0 0
2208 28 0 0 0 0 0 0 0
979 1 0 0 0 0 0 0 0
0 0 0 0 0 0 0 0 0
1027 4 0 0 0 0 0 0 0
947 0 0 0 0 0 0 0 0
981 1 0 0 0 0 0 0 0
1390 1 0 0 0 0 0 0 0
0 0 0 0 0 0 0 0 0
0 0 0 0 0 0 0 0 0
4537 7 117 0 0 0 0 0 0
2503 16 42 0 0 0 0 0 0
2151 2 125 0 0 0 0 0 0
2080 5 246 0 0 0 0 0 0
2951 2 562 0 0 0 0 0 0
0 0 0 0 0 0 0 0 0
1397 0 172 0 0 0 0 0 0
1852 0 120 0 0 0 0 0 0
2333 0 149 0 0 0 0 0 0
3942 1 404 0 0 0 0 0 0
1768 0 78 0 0 0 0 0 0
0 0 0 0 0 0 0 0 0
1545 0 68 0 0 0 0 0 0
1385 0 27 0 0 0 0 0 0
1160 0 0 0 0 0 0 0 0
960 0 14 0 0 0 0 0 0
1878 0 126 0 0 0 0 0 0
0 0 0 0 0 0 0 0 0
187 3 47 0 0 0 0 0 0
152 0 9 0 0 0 0 0 0
106 1 1 0 0 0 0 0 0
568 53 0 0 0 0 0 0 0
133 5 0 0 0 0 0 0 0
0 0 0 0 0 0 0 0 0
153 9 0 0 0 0 0 0 0
154 44 0 0 0 0 0 0 0
0 0 0 0 0 0 0 0 0
2624 3494 26 0 0 0 0 0 0
1564 21 0 0 0 0 0 0 0
0 0 0 0 0 0 0 0 0
2460 0 0 0 0 0 0 0 0
2951 7 0 0 0 0 0 0 0
2745 12 0 0 0 0 0 0 0
2182 37 10 0 0 0 0 0 0
3509 281 113 0 0 0 0 0 0
0 0 0 0 0 0 0 0 0
2020 30 276 0 0 0 0 0 0
3877 467 319 0 0 0 0 0 0
1445 125 85 0 0 0 0 0 0
640 234 110 0 0 0 0 0 0
485 372 104 0 0 0 0 0 0
0 0 0 0 0 0 0 0 0
330 637 68 0 0 0 0 0 0
1076 5458 78 0 0 0 0 0 0
857 2496 25 0 0 0 0 0 0
1108 2965 157 0 0 0 0 0 0
1323 3259 358 0 0 0 0 0 0
0 0 0 0 0 0 0 0 0
1932 3877 623 0 0 0 0 0 0
4594 10355 966 0 0 0 0 0 0
2837 4539 206 0 0 0 0 0 0
2444 4518 55 0 0 0 0 0 0
1683 3993 11 0 0 0 0 0 0
0 0 0 0 0 0 0 0 0
1132 3483 3 0 0 0 0 0 0
1651 6951 49 0 0 0 0 0 0
0 0 0 0 0 0 0 0 0
2145 4519 57 0 0 0 0 0 0
457 602 0 0 0 0 0 0 0
0 0 0 0 0 0 0 0 0
1386 2068 10 0 0 0 0 0 0
447 268 8 0 0 0 0 0 0
471 224 18 0 0 0 0 0 0
367 265 6 0 0 0 0 0 0
206 221 0 0 0 0 0 0 0
0 0 0 0 0 0 0 0 0
66 253 0 0 0 0 0 0 0
88 305 7 0 0 0 0 0 0
509 2502 67 0 0 0 0 0 0
148 326 30 0 0 0 0 0 0
137 2821 0 0 0 0 0 0 0
0 0 0 0 0 0 0 0 0
30 617 0 0 0 0 0 0 0
68 831 0 0 0 0 0 0 0
0 0 0 0 0 0 0 0 0
324 3972 22 0 0 0 0 0 0
85 1039 4 0 0 0 0 0 0
0 0 0 0 0 0 0 0 0
676 4896 74 0 0 0 0 0 0
41 991 5 0 0 0 0 0 0
7 679 0 0 0 0 0 0 0
95 526 4 0 0 0 0 0 0
522 455 62 0 0 0 0 0 0
0 0 0 0 0 0 0 0 0
2351 2030 114 0 0 0 0 0 0
0 0 0 0 0 0 0 0 0
2201 1982 150 0 0 0 0 0 0
0 0 0 0 0 0 0 0 0
3007 1425 120 0 0 0 0 0 0
0 0 0 0 0 0 0 0 0
834 38 0 0 0 0 0 0 0
592 13 0 0 0 0 0 0 0
495 8 0 0 0 0 0 0 0
351 1 15 0 0 0 0 0 0
1666 89 249 0 0 0 0 0 0
0 0 0 0 0 0 0 0 0
330 7 20 0 0 0 0 0 0
439 3 5 0 0 0 0 0 0
586 1 23 0 0 0 0 0 0
834 1 75 0 0 0 0 0 0
1024 1 119 0 0 0 0 0 0
0 0 0 0 0 0 0 0 0
531 0 128 0 0 0 0 0 0
0 0 0 0 0 0 0 0 0
0 0 0 0 0 0 0 0 0
0 0 0 0 0 0 0 0 0
0 0 0 0 0 0 0 0 0
0 0 0 0 0 0 0 0 0
0 0 0 0 0 0 0 0 0
0 0 0 0 0 0 0 0 0
3400 2856 161 0 0 0 0 0 0
1159 6 58 0 0 0 0 0 0
60 1 5 0 0 0 0 0 0
0 0 0 0 0 0 0 0 0
289 0 0 0 0 0 0 0 0
306 0 3 0 0 0 0 0 0
107 0 0 0 0 0 0 0 0
715 53 27 0 0 0 0 0 0
273 6 8 0 0 0 0 0 0
0 0 0 0 0 0 0 0 0
678 0 35 0 0 0 0 0 0
1232 0 105 0 0 0 0 0 0
3392 49 111 0 0 0 0 0 0
0 0 0 0 0 0 0 0 0
4476 128 76 0 0 0 0 0 0
0 0 0 0 0 0 0 0 0
2628 2 109 0 0 0 0 0 0
2808 82 182 0 0 0 0 0 0
5350 1106 329 0 0 0 0 0 0
1972 540 181 0 0 0 0 0 0
1726 914 142 0 0 0 0 0 0
0 0 0 0 0 0 0 0 0
1561 1354 213 0 0 0 0 0 0
1390 1422 232 0 0 0 0 0 0
1449 1194 204 0 0 0 0 0 0
4661 3402 169 0 0 0 0 0 0
2311 565 104 0 0 0 0 0 0
0 0 0 0 0 0 0 0 0
2507 410 91 0 0 0 0 0 0
2456 240 83 0 0 0 0 0 0
4062 1094 144 0 0 0 0 0 0
1907 126 18 0 0 0 0 0 0
1356 80 1 0 0 0 0 0 0
0 0 0 0 0 0 0 0 0
0 0 0 0 0 0 0 0 0
2351 491 0 0 0 0 0 0 0
2516 115 33 0 0 0 0 0 0
884 9 0 0 0 0 0 0 0
451 2 0 0 0 0 0 0 0
0 0 0 0 0 0 0 0 0
231 0 0 0 0 0 0 0 0
1089 16 0 0 0 0 0 0 0
299 0 0 0 0 0 0 0 0
227 1 0 0 0 0 0 0 0
66 4 0 0 0 0 0 0 0
0 0 0 0 0 0 0 0 0
26 2 0 0 0 0 0 0 0
396 0 0 0 0 0 0 0 0
10 0 0 0 0 0 0 0 0
33 0 0 0 0 0 0 0 0
0 0 0 0 0 0 0 0 0
0 0 0 0 0 0 0 0 0
1543 242 0 0 0 0 0 0 0
244 4 0 0 0 0 0 0 0
197 0 0 0 0 0 0 0 0
264 2 0 0 0 0 0 0 0
250 5 0 0 0 0 0 0 0
0 0 0 0 0 0 0 0 0
1690 20 0 0 0 0 0 0 0
223 1 0 0 0 0 0 0 0
0 0 0 0 0 0 0 0 0
1618 24 0 0 0 0 0 0 0
515 2 0 0 0 0 0 0 0
0 0 0 0 0 0 0 0 0
2981 15 0 0 0 0 0 0 0
1423 6 0 0 0 0 0 0 0
0 0 0 0 0 0 0 0 0
1362 0 0 0 0 0 0 0 0
554 0 0 0 0 0 0 0 0
0 0 0 0 0 0 0 0 0
1592 6 1 0 0 0 0 0 0
879 3 12 0 0 0 0 0 0
838 1 48 0 0 0 0 0 0
1329 0 108 0 0 0 0 0 0
0 0 0 0 0 0 0 0 0
0 0 0 0 0 0 0 0 0
7770 99 363 0 0 0 0 0 0
4220 0 95 0 0 0 0 0 0
4228 4 136 0 0 0 0 0 0
5598 3 394 0 0 0 0 0 0
0 0 0 0 0 0 0 0 0
0 0 0 0 0 0 0 0 0
4715 23 567 0 0 0 0 0 0
2283 0 207 0 0 0 0 0 0
2593 1 182 0 0 0 0 0 0
3280 0 91 0 0 0 0 0 0
6635 74 95 0 0 0 0 0 0
0 0 0 0 0 0 0 0 0
4589 9 29 0 0 0 0 0 0
4626 1 32 0 0 0 0 0 0
4413 5 11 0 0 0 0 0 0
4234 4 2 0 0 0 0 0 0
8532 194 0 0 0 0 0 0 0
0 0 0 0 0 0 0 0 0
5410 124 9 0 0 0 0 0 0
6103 205 18 0 0 0 0 0 0
6635 229 57 0 0 0 0 0 0
6536 186 257 0 0 0 0 0 0
6026 934 0 0 0 0 0 0 0
0 0 0 0 0 0 0 0 0
1710 46 0 0 0 0 0 0 0
2059 251 0 0 0 0 0 0 0
4227 1345 25 0 0 0 0 0 0
2879 377 0 0 0 0 0 0 0
1435 298 0 0 0 0 0 0 0
0 0 0 0 0 0 0 0 0
2513 327 3 0 0 0 0 0 0
2933 254 4 0 0 0 0 0 0
4900 1183 115 0 0 0 0 0 0
1154 132 71 0 0 0 0 0 0
503 111 19 0 0 0 0 0 0
0 0 0 0 0 0 0 0 0
158 72 0 0 0 0 0 0 0
197 109 0 0 0 0 0 0 0
281 53 0 0 0 0 0 0 0
2661 288 0 0 0 0 0 0 0
1571 94 0 0 0 0 0 0 0
0 0 0 0 0 0 0 0 0
1516 39 0 0 0 0 0 0 0
1584 103 11 0 0 0 0 0 0
0 0 0 0 0 0 0 0 0
5096 3522 290 0 0 0 0 0 0
1439 360 185 0 0 0 0 0 0
0 0 0 0 0 0 0 0 0
1076 630 204 0 0 0 0 0 0
1151 1085 188 0 0 0 0 0 0
1804 1588 148 0 0 0 0 0 0
3625 9298 194 0 0 0 0 0 0
673 5030 164 0 0 0 0 0 0
0 0 0 0 0 0 0 0 0
1335 6134 178 0 0 0 0 0 0
3813 14069 129 0 0 0 0 0 0
2473 8169 0 0 0 0 0 0 0
2240 8578 0 0 0 0 0 0 0
2200 9223 2 0 0 0 0 0 0
19208 35441 1652 0 0 0 0 0 0
2725 1 783 0 0 0 0 0 0
2323 3 878 0 0 0 0 0 0
0 0 0 0 0 0 0 0 0
2254 6 768 0 0 0 0 0 0
2817 12 467 0 0 0 0 0 0
6159 293 699 0 0 0 0 0 0
3489 4 23 0 0 0 0 0 0
3576 9 0 0 0 0 0 0 0
0 0 0 0 0 0 0 0 0
3241 0 0 0 0 0 0 0 0
2769 6 0 0 0 0 0 0 0
5786 8 0 0 0 0 0 0 0
2099 2 0 0 0 0 0 0 0
0 0 0 0 0 0 0 0 0
0 0 0 0 0 0 0 0 0
4470 12 1 0 0 0 0 0 0
3888 0 0 0 0 0 0 0 0
925 0 0 0 0 0 0 0 0
688 0 0 0 0 0 0 0 0
633 0 0 0 0 0 0 0 0
0 0 0 0 0 0 0 0 0
2218 0 0 0 0 0 0 0 0
1302 0 0 0 0 0 0 0 0
1694 1 0 0 0 0 0 0 0
0 0 0 0 0 0 0 0 0
2868 0 0 0 0 0 0 0 0
0 0 0 0 0 0 0 0 0
1028 0 0 0 0 0 0 0 0
569 0 0 0 0 0 0 0 0
0 0 0 0 0 0 0 0 0
1827 0 0 0 0 0 0 0 0
883 0 0 0 0 0 0 0 0
0 0 0 0 0 0 0 0 0
748 0 0 0 0 0 0 0 0
2019 0 0 0 0 0 0 0 0
830 0 0 0 0 0 0 0 0
1179 0 0 0 0 0 0 0 0
1240 0 0 0 0 0 0 0 0
0 0 0 0 0 0 0 0 0
1772 3 0 0 0 0 0 0 0
459 13 0 0 0 0 0 0 0
471 0 0 0 0 0 0 0 0
458 14 0 0 0 0 0 0 0
373 3 0 0 0 0 0 0 0
0 0 0 0 0 0 0 0 0
1549 1631 0 0 0 0 0 0 0
1027 1171 0 0 0 0 0 0 0
1218 2035 0 0 0 0 0 0 0
2933 9830 0 0 0 0 0 0 0
1214 4214 0 0 0 0 0 0 0
0 0 0 0 0 0 0 0 0
1126 4573 0 0 0 0 0 0 0
986 4744 0 0 0 0 0 0 0
1095 5384 0 0 0 0 0 0 0
1021 6716 0 0 0 0 0 0 0
580 6058 0 0 0 0 0 0 0
0 0 0 0 0 0 0 0 0
1026 12485 0 0 0 0 0 0 0
149 6254 0 0 0 0 0 0 0
171 5496 0 0 0 0 0 0 0
254 5063 0 0 0 0 0 0 0
1157 11296 0 0 0 0 0 0 0
0 0 0 0 0 0 0 0 0
194 3782 0 0 0 0 0 0 0
244 3628 0 0 0 0 0 0 0
91 2514 0 0 0 0 0 0 0
0 0 0 0 0 0 0 0 0
1537 10824 0 0 0 0 0 0 0
0 0 0 0 0 0 0 0 0
336 1865 0 0 0 0 0 0 0
513 1462 0 0 0 0 0 0 0
1812 3668 0 0 0 0 0 0 0
0 0 0 0 0 0 0 0 0
0 0 0 0 0 0 0 0 0
0 0 0 0 0 0 0 0 0
1610 3517 0 0 0 0 0 0 0
99 678 0 0 0 0 0 0 0
32 494 0 0 0 0 0 0 0
618 1775 0 0 0 0 0 0 0
113 65 0 0 0 0 0 0 0
0 0 0 0 0 0 0 0 0
193 313 0 0 0 0 0 0 0
150 506 0 0 0 0 0 0 0
193 424 0 0 0 0 0 0 0
909 1211 0 0 0 0 0 0 0
16 136 0 0 0 0 0 0 0
0 0 0 0 0 0 0 0 0
7 349 0 0 0 0 0 0 0
2 731 0 0 0 0 0 0 0
12 1142 0 0 0 0 0 0 0
190 5836 0 0 0 0 0 0 0
4 1050 0 0 0 0 0 0 0
0 0 0 0 0 0 0 0 0
0 0 0 0 0 0 0 0 0
223 5575 0 0 0 0 0 0 0
384 5709 0 0 0 0 0 0 0
0 0 0 0 0 0 0 0 0
182 4551 0 0 0 0 0 0 0
0 0 0 0 0 0 0 0 0
30 3159 0 0 0 0 0 0 0
0 3709 0 0 0 0 0 0 0
723 7513 0 0 0 0 0 0 0
252 4465 0 0 0 0 0 0 0
356 5512 0 0 0 0 0 0 0
0 0 0 0 0 0 0 0 0
0 0 0 0 0 0 0 0 0
884 13321 0 0 0 0 0 0 0
561 11996 0 0 0 0 0 0 0
151 5407 0 0 0 0 0 0 0
222 4987 0 0 0 0 0 0 0
0 0 0 0 0 0 0 0 0
173 4687 0 0 0 0 0 0 0
343 4695 0 0 0 0 0 0 0
1039 12389 0 0 0 0 0 0 0
0 0 0 0 0 0 0 0 0
1955 12631 0 0 0 0 0 0 0
0 0 0 0 0 0 0 0 0
1239 4784 0 0 0 0 0 0 0
3484 9505 0 0 0 0 0 0 0
1807 2832 0 0 0 0 0 0 0
2001 2398 11 0 0 0 0 0 0
1938 1816 75 0 0 0 0 0 0
0 0 0 0 0 0 0 0 0
4093 5828 234 0 0 0 0 0 0
0 0 0 0 0 0 0 0 0
3636 7602 313 0 0 0 0 0 0
1249 2783 139 0 0 0 0 0 0
1346 2997 92 0 0 0 0 0 0
0 0 0 0 0 0 0 0 0
2590 8565 150 0 0 0 0 0 0
678 2937 28 0 0 0 0 0 0
509 2817 37 0 0 0 0 0 0
0 0 0 0 0 0 0 0 0
2213 11465 222 0 0 0 0 0 0
0 0 0 0 0 0 0 0 0
393 1525 32 0 0 0 0 0 0
550 1210 0 0 0 0 0 0 0
571 984 0 0 0 0 0 0 0
730 885 4 0 0 0 0 0 0
1306 3599 121 0 0 0 0 0 0
0 0 0 0 0 0 0 0 0
0 0 0 0 0 0 0 0 0
886 2573 23 0 0 0 0 0 0
183 473 0 0 0 0 0 0 0
27 332 0 0 0 0 0 0 0
1 291 0 0 0 0 0 0 0
0 0 0 0 0 0 0 0 0
189 1042 8 0 0 0 0 0 0
69 46 0 0 0 0 0 0 0
129 33 1 0 0 0 0 0 0
0 0 0 0 0 0 0 0 0
1581 818 42 0 0 0 0 0 0
0 0 0 0 0 0 0 0 0
1250 26 17 0 0 0 0 0 0
1628 10 21 0 0 0 0 0 0
1997 16 16 0 0 0 0 0 0
1907 4 33 0 0 0 0 0 0
2180 85 152 0 0 0 0 0 0
0 0 0 0 0 0 0 0 0
657 5 129 0 0 0 0 0 0
1113 7 222 0 0 0 0 0 0
0 0 0 0 0 0 0 0 0
0 0 0 0 0 0 0 0 0
2837 797 335 0 0 0 0 0 0
0 0 0 0 0 0 0 0 0
1158 19 0 0 0 0 0 0 0
1154 40 0 0 0 0 0 0 0
812 68 0 0 0 0 0 0 0
1226 1917 37 0 0 0 0 0 0
569 418 0 0 0 0 0 0 0
0 0 0 0 0 0 0 0 0
467 320 0 0 0 0 0 0 0
383 225 0 0 0 0 0 0 0
316 126 0 0 0 0 0 0 0
359 24 0 0 0 0 0 0 0
1493 62 0 0 0 0 0 0 0
0 0 0 0 0 0 0 0 0
1043 0 0 0 0 0 0 0 0
1045 0 0 0 0 0 0 0 0
774 0 0 0 0 0 0 0 0
1146 1 0 0 0 0 0 0 0
208 0 0 0 0 0 0 0 0
0 0 0 0 0 0 0 0 0
0 0 0 0 0 0 0 0 0
1010 0 0 0 0 0 0 0 0
159 0 0 0 0 0 0 0 0
478 2 0 0 0 0 0 0 0
123 0 0 0 0 0 0 0 0
0 0 0 0 0 0 0 0 0
254 0 0 0 0 0 0 0 0
370 0 0 0 0 0 0 0 0
338 0 0 0 0 0 0 0 0
452 0 0 0 0 0 0 0 0
1945 0 0 0 0 0 0 0 0
0 0 0 0 0 0 0 0 0
734 6 0 0 0 0 0 0 0
2603 0 0 0 0 0 0 0 0
853 1 0 0 0 0 0 0 0
893 0 0 0 0 0 0 0 0
953 0 0 0 0 0 0 0 0
0 0 0 0 0 0 0 0 0
956 0 0 0 0 0 0 0 0
864 0 0 0 0 0 0 0 0
1692 0 0 0 0 0 0 0 0
452 5 0 0 0 0 0 0 0
480 0 0 0 0 0 0 0 0
0 0 0 0 0 0 0 0 0
480 0 0 0 0 0 0 0 0
504 0 0 0 0 0 0 0 0
1492 2 0 0 0 0 0 0 0
412 0 0 0 0 0 0 0 0
334 0 0 0 0 0 0 0 0
0 0 0 0 0 0 0 0 0
956 0 0 0 0 0 0 0 0
688 0 0 0 0 0 0 0 0
1119 0 0 0 0 0 0 0 0
982 0 0 0 0 0 0 0 0
668 0 0 0 0 0 0 0 0
0 0 0 0 0 0 0 0 0
517 0 0 0 0 0 0 0 0
747 0 0 0 0 0 0 0 0
1898 1 0 0 0 0 0 0 0
927 0 0 0 0 0 0 0 0
1136 0 0 0 0 0 0 0 0
0 0 0 0 0 0 0 0 0
1792 0 0 0 0 0 0 0 0
3120 0 0 0 0 0 0 0 0
686 0 0 0 0 0 0 0 0
337 0 0 0 0 0 0 0 0
0 0 0 0 0 0 0 0 0
0 0 0 0 0 0 0 0 0
3160 0 0 0 0 0 0 0 0
357 0 0 0 0 0 0 0 0
0 0 0 0 0 0 0 0 0
755 0 0 0 0 0 0 0 0
83 0 0 0 0 0 0 0 0
0 0 0 0 0 0 0 0 0
1164 3 0 0 0 0 0 0 0
577 0 0 0 0 0 0 0 0
1752 0 0 0 0 0 0 0 0
2797 0 0 0 0 0 0 0 0
0 0 0 0 0 0 0 0 0
0 0 0 0 0 0 0 0 0
6112 0 0 0 0 0 0 0 0
506 0 0 0 0 0 0 0 0
1232 0 0 0 0 0 0 0 0
1893 0 0 0 0 0 0 0 0
2037 0 0 0 0 0 0 0 0
0 0 0 0 0 0 0 0 0
4618 0 0 0 0 0 0 0 0
0 0 0 0 0 0 0 0 0
0 0 0 0 0 0 0 0 0
3801 0 3 0 0 0 0 0 0
906 0 0 0 0 0 0 0 0
0 0 0 0 0 0 0 0 0
1331 0 0 0 0 0 0 0 0
2144 0 0 0 0 0 0 0 0
1803 0 0 0 0 0 0 0 0
2543 0 0 0 0 0 0 0 0
942 0 0 0 0 0 0 0 0
0 0 0 0 0 0 0 0 0
385 0 0 0 0 0 0 0 0
256 0 0 0 0 0 0 0 0
201 0 0 0 0 0 0 0 0
1362 0 0 0 0 0 0 0 0
455 1 0 0 0 0 0 0 0
0 0 0 0 0 0 0 0 0
1083 0 0 0 0 0 0 0 0
1792 0 0 0 0 0 0 0 0
2091 0 0 0 0 0 0 0 0
3538 0 0 0 0 0 0 0 0
1862 0 0 0 0 0 0 0 0
0 0 0 0 0 0 0 0 0
2180 0 0 0 0 0 0 0 0
2011 0 2 0 0 0 0 0 0
1996 0 0 0 0 0 0 0 0
4747 0 4 0 0 0 0 0 0
2764 0 0 0 0 0 0 0 0
0 0 0 0 0 0 0 0 0
0 0 0 0 0 0 0 0 0
5735 0 0 0 0 0 0 0 0
2609 0 0 0 0 0 0 0 0
3735 0 21 0 0 0 0 0 0
1088 0 0 0 0 0 0 0 0
0 0 0 0 0 0 0 0 0
1114 0 0 0 0 0 0 0 0
1471 0 1 0 0 0 0 0 0
1546 0 0 0 0 0 0 0 0
3754 73 17 0 0 0 0 0 0
1040 0 0 0 0 0 0 0 0
0 0 0 0 0 0 0 0 0
989 8 0 0 0 0 0 0 0
3168 1 21 0 0 0 0 0 0
1055 0 7 0 0 0 0 0 0
1111 2 17 0 0 0 0 0 0
1130 2 19 0 0 0 0 0 0
0 0 0 0 0 0 0 0 0
1009 1 8 0 0 0 0 0 0
3335 7 32 0 0 0 0 0 0
1109 0 10 0 0 0 0 0 0
957 0 15 0 0 0 0 0 0
967 1 15 0 0 0 0 0 0
0 0 0 0 0 0 0 0 0
1148 0 16 0 0 0 0 0 0
1225 0 6 0 0 0 0 0 0
3191 24 6 0 0 0 0 0 0
967 0 0 0 0 0 0 0 0
820 1 0 0 0 0 0 0 0
0 0 0 0 0 0 0 0 0
596 0 0 0 0 0 0 0 0
535 0 0 0 0 0 0 0 0
362 0 0 0 0 0 0 0 0
659 0 0 0 0 0 0 0 0
171 0 0 0 0 0 0 0 0
0 0 0 0 0 0 0 0 0
944 6 1 0 0 0 0 0 0
226 0 0 0 0 0 0 0 0
239 0 0 0 0 0 0 0 0
418 0 1 0 0 0 0 0 0
840 0 7 0 0 0 0 0 0
0 0 0 0 0 0 0 0 0
1363 0 23 0 0 0 0 0 0
3996 0 63 0 0 0 0 0 0
1607 0 48 0 0 0 0 0 0
1892 0 71 0 0 0 0 0 0
1949 0 91 0 0 0 0 0 0
0 0 0 0 0 0 0 0 0
4190 29 377 0 0 0 0 0 0
1330 0 328 0 0 0 0 0 0
981 1 358 0 0 0 0 0 0
670 0 305 0 0 0 0 0 0
0 0 0 0 0 0 0 0 0
0 0 0 0 0 0 0 0 0
1726 7 354 0 0 0 0 0 0
1863 10 232 0 0 0 0 0 0
525 3 19 0 0 0 0 0 0
577 0 7 0 0 0 0 0 0
522 0 12 0 0 0 0 0 0
0 0 0 0 0 0 0 0 0
649 0 34 0 0 0 0 0 0
793 0 55 0 0 0 0 0 0
925 0 90 0 0 0 0 0 0
1308 0 131 0 0 0 0 0 0
4232 16 489 0 0 0 0 0 0
0 0 0 0 0 0 0 0 0
2595 0 178 0 0 0 0 0 0
2996 1 104 0 0 0 0 0 0
3879 0 94 0 0 0 0 0 0
0 0 0 0 0 0 0 0 0
10010 77 69 0 0 0 0 0 0
0 0 0 0 0 0 0 0 0
2713 0 0 0 0 0 0 0 0
2405 0 0 0 0 0 0 0 0
2209 3 0 0 0 0 0 0 0
1882 2 0 0 0 0 0 0 0
3456 71 0 0 0 0 0 0 0
0 0 0 0 0 0 0 0 0
1029 3 0 0 0 0 0 0 0
768 0 0 0 0 0 0 0 0
0 0 0 0 0 0 0 0 0
1824 267 0 0 0 0 0 0 0
1483 150 0 0 0 0 0 0 0
0 0 0 0 0 0 0 0 0
407 21 0 0 0 0 0 0 0
533 65 0 0 0 0 0 0 0
513 210 0 0 0 0 0 0 0
1423 4456 0 0 0 0 0 0 0
199 3119 0 0 0 0 0 0 0
0 0 0 0 0 0 0 0 0
0 0 0 0 0 0 0 0 0
1084 11143 0 0 0 0 0 0 0
324 6801 0 0 0 0 0 0 0
1267 13458 0 0 0 0 0 0 0
351 5574 0 0 0 0 0 0 0
0 0 0 0 0 0 0 0 0
249 3341 0 0 0 0 0 0 0
23425 59877 1951 0 0 0 0 0 0
0 0 0 0 0 0 0 0 0
1655 3302 526 0 0 0 0 0 0
1400 3763 326 0 0 0 0 0 0
0 0 0 0 0 0 0 0 0
2877 13239 504 0 0 0 0 0 0
1020 3441 335 0 0 0 0 0 0
0 0 0 0 0 0 0 0 0
756 3018 455 0 0 0 0 0 0
405 2384 400 0 0 0 0 0 0
140 1981 179 0 0 0 0 0 0
182 1784 52 0 0 0 0 0 0
454 4831 283 0 0 0 0 0 0
0 0 0 0 0 0 0 0 0
228 2027 145 0 0 0 0 0 0
0 0 0 0 0 0 0 0 0
436 4386 301 0 0 0 0 0 0
331 2587 360 0 0 0 0 0 0
893 6483 947 0 0 0 0 0 0
0 0 0 0 0 0 0 0 0
0 0 0 0 0 0 0 0 0
786 7522 516 0 0 0 0 0 0
426 3812 99 0 0 0 0 0 0
1053 7791 186 0 0 0 0 0 0
784 2715 31 0 0 0 0 0 0
0 0 0 0 0 0 0 0 0
741 2485 28 0 0 0 0 0 0
0 0 0 0 0 0 0 0 0
651 10308 52 0 0 0 0 0 0
130 3161 12 0 0 0 0 0 0
228 3320 18 0 0 0 0 0 0
0 0 0 0 0 0 0 0 0
307 3292 55 0 0 0 0 0 0
1812 7655 382 0 0 0 0 0 0
0 0 0 0 0 0 0 0 0
2624 6618 236 0 0 0 0 0 0
1480 2226 26 0 0 0 0 0 0
0 0 0 0 0 0 0 0 0
2260 1912 59 0 0 0 0 0 0
3181 1524 173 0 0 0 0 0 0
7279 3339 445 0 0 0 0 0 0
3828 1325 203 0 0 0 0 0 0
3746 1329 174 0 0 0 0 0 0
0 0 0 0 0 0 0 0 0
3711 1437 157 0 0 0 0 0 0
3150 1481 189 0 0 0 0 0 0
5701 3384 844 0 0 0 0 0 0
2367 1815 391 0 0 0 0 0 0
2265 1727 328 0 0 0 0 0 0
0 0 0 0 0 0 0 0 0
1401 1569 372 0 0 0 0 0 0
838 1449 513 0 0 0 0 0 0
491 1285 371 0 0 0 0 0 0
950 1213 393 0 0 0 0 0 0
3241 3326 676 0 0 0 0 0 0
0 0 0 0 0 0 0 0 0
712 1303 90 0 0 0 0 0 0
2274 3708 583 0 0 0 0 0 0
951 1288 271 0 0 0 0 0 0
935 1271 305 0 0 0 0 0 0
739 1255 392 0 0 0 0 0 0
0 0 0 0 0 0 0 0 0
743 1360 381 0 0 0 0 0 0
1712 4449 500 0 0 0 0 0 0
0 0 0 0 0 0 0 0 0
2479 3976 370 0 0 0 0 0 0
896 843 99 0 0 0 0 0 0
0 0 0 0 0 0 0 0 0
534 284 372 0 0 0 0 0 0
456 251 712 0 0 0 0 0 0
2096 1631 1025 0 0 0 0 0 0
1237 1047 338 0 0 0 0 0 0
23820 52976 1875 0 0 0 0 0 0
0 0 0 0 0 0 0 0 0
948 1507 414 0 0 0 0 0 0
998 1545 588 0 0 0 0 0 0
891 1323 894 0 0 0 0 0 0
2586 3080 1600 0 0 0 0 0 0
965 614 921 0 0 0 0 0 0
0 0 0 0 0 0 0 0 0
402 486 123 0 0 0 0 0 0
0 0 0 0 0 0 0 0 0
1535 2976 212 0 0 0 0 0 0
1356 3237 166 0 0 0 0 0 0
280 961 21 0 0 0 0 0 0
0 0 0 0 0 0 0 0 0
9 1059 65 0 0 0 0 0 0
357 1101 74 0 0 0 0 0 0
906 1306 208 0 0 0 0 0 0
1088 1448 147 0 0 0 0 0 0
2053 5952 457 0 0 0 0 0 0
0 0 0 0 0 0 0 0 0
705 1231 29 0 0 0 0 0 0
1026 1955 192 0 0 0 0 0 0
14 203 15 0 0 0 0 0 0
13 408 19 0 0 0 0 0 0
58 1309 80 0 0 0 0 0 0
0 0 0 0 0 0 0 0 0
0 0 0 0 0 0 0 0 0
398 7179 309 0 0 0 0 0 0
1301 6922 1123 0 0 0 0 0 0
698 2503 483 0 0 0 0 0 0
634 2167 636 0 0 0 0 0 0
0 0 0 0 0 0 0 0 0
771 2127 979 0 0 0 0 0 0
1580 5479 1456 0 0 0 0 0 0
0 0 0 0 0 0 0 0 0
675 1181 827 0 0 0 0 0 0
518 655 397 0 0 0 0 0 0
0 0 0 0 0 0 0 0 0
286 323 111 0 0 0 0 0 0
1629 939 209 0 0 0 0 0 0
504 326 74 0 0 0 0 0 0
651 528 346 0 0 0 0 0 0
963 685 622 0 0 0 0 0 0
0 0 0 0 0 0 0 0 0
1307 742 999 0 0 0 0 0 0
1606 606 1318 0 0 0 0 0 0
4036 1996 1674 0 0 0 0 0 0
2560 626 680 0 0 0 0 0 0
2488 739 347 0 0 0 0 0 0
0 0 0 0 0 0 0 0 0
4146 2801 706 0 0 0 0 0 0
1596 914 700 0 0 0 0 0 0
815 951 722 0 0 0 0 0 0
0 0 0 0 0 0 0 0 0
1324 4145 1069 0 0 0 0 0 0
0 0 0 0 0 0 0 0 0
2437 6115 224 0 0 0 0 0 0
1903 2465 137 0 0 0 0 0 0
2347 2661 132 0 0 0 0 0 0
0 0 0 0 0 0 0 0 0
3246 7047 91 0 0 0 0 0 0
0 0 0 0 0 0 0 0 0
2462 6207 173 0 0 0 0 0 0
1270 1893 51 0 0 0 0 0 0
1217 1542 62 0 0 0 0 0 0
1049 1534 122 0 0 0 0 0 0
439 1708 110 0 0 0 0 0 0
0 0 0 0 0 0 0 0 0
907 6555 161 0 0 0 0 0 0
0 0 0 0 0 0 0 0 0
1560 7182 97 0 0 0 0 0 0
693 3213 197 0 0 0 0 0 0
1527 7080 226 0 0 0 0 0 0
0 0 0 0 0 0 0 0 0
331 2335 3 0 0 0 0 0 0
314 2439 56 0 0 0 0 0 0
0 0 0 0 0 0 0 0 0
826 6617 219 0 0 0 0 0 0
71 2694 48 0 0 0 0 0 0
0 0 0 0 0 0 0 0 0
206 7445 320 0 0 0 0 0 0
235 2953 307 0 0 0 0 0 0
276 3282 537 0 0 0 0 0 0
360 3804 563 0 0 0 0 0 0
656 7666 1291 0 0 0 0 0 0
0 0 0 0 0 0 0 0 0
0 0 0 0 0 0 0 0 0
20657 53847 1622 0 0 0 0 0 0
3294 90 80 0 0 0 0 0 0
0 0 0 0 0 0 0 0 0
1168 1 2 0 0 0 0 0 0
1095 3 0 0 0 0 0 0 0
0 0 0 0 0 0 0 0 0
3619 1016 46 0 0 0 0 0 0
513 37 25 0 0 0 0 0 0
0 0 0 0 0 0 0 0 0
591 41 13 0 0 0 0 0 0
783 29 20 0 0 0 0 0 0
0 0 0 0 0 0 0 0 0
2330 1033 120 0 0 0 0 0 0
125 26 84 0 0 0 0 0 0
0 0 0 0 0 0 0 0 0
439 12 77 0 0 0 0 0 0
1080 1 67 0 0 0 0 0 0
1801 15 17 0 0 0 0 0 0
2380 71 40 0 0 0 0 0 0
5120 678 330 0 0 0 0 0 0
0 0 0 0 0 0 0 0 0
1970 302 152 0 0 0 0 0 0
1732 423 104 0 0 0 0 0 0
1456 449 50 0 0 0 0 0 0
2112 1086 508 0 0 0 0 0 0
968 534 599 0 0 0 0 0 0
0 0 0 0 0 0 0 0 0
0 0 0 0 0 0 0 0 0
773 600 828 0 0 0 0 0 0
2283 1722 1191 0 0 0 0 0 0
1137 377 426 0 0 0 0 0 0
1102 840 951 0 0 0 0 0 0
0 0 0 0 0 0 0 0 0
1414 1722 829 0 0 0 0 0 0
1677 1844 670 0 0 0 0 0 0
3439 5432 549 0 0 0 0 0 0
1371 1772 144 0 0 0 0 0 0
1019 1235 53 0 0 0 0 0 0
0 0 0 0 0 0 0 0 0
0 0 0 0 0 0 0 0 0
1506 2472 40 0 0 0 0 0 0
2137 2611 518 0 0 0 0 0 0
990 1846 686 0 0 0 0 0 0
495 1971 837 0 0 0 0 0 0
0 0 0 0 0 0 0 0 0
685 2724 374 0 0 0 0 0 0
676 3321 0 0 0 0 0 0 0
2009 8068 0 0 0 0 0 0 0
654 3737 0 0 0 0 0 0 0
624 3454 0 0 0 0 0 0 0
0 0 0 0 0 0 0 0 0
661 3476 0 0 0 0 0 0 0
2020 9671 0 0 0 0 0 0 0
397 4044 0 0 0 0 0 0 0
266 4629 0 0 0 0 0 0 0
184 5235 0 0 0 0 0 0 0
0 0 0 0 0 0 0 0 0
0 0 0 0 0 0 0 0 0
793 19781 0 0 0 0 0 0 0
24 10174 0 0 0 0 0 0 0
40 11040 0 0 0 0 0 0 0
120 11767 0 0 0 0 0 0 0
0 0 0 0 0 0 0 0 0
108 11983 0 0 0 0 0 0 0
742 20241 0 0 0 0 0 0 0
0 0 0 0 0 0 0 0 0
775 19362 0 0 0 0 0 0 0
396 9193 0 0 0 0 0 0 0
0 0 0 0 0 0 0 0 0
1424 15192 0 0 0 0 0 0 0
58 5005 0 0 0 0 0 0 0
40 3981 0 0 0 0 0 0 0
21 3165 0 0 0 0 0 0 0
0 0 0 0 0 0 0 0 0
0 0 0 0 0 0 0 0 0
113 14102 0 0 0 0 0 0 0
20 3934 0 0 0 0 0 0 0
62 4150 0 0 0 0 0 0 0
0 0 0 0 0 0 0 0 0
786 10182 0 0 0 0 0 0 0
0 0 0 0 0 0 0 0 0
115 7523 0 0 0 0 0 0 0
5 1121 0 0 0 0 0 0 0
0 882 0 0 0 0 0 0 0
0 908 0 0 0 0 0 0 0
0 546 0 0 0 0 0 0 0
0 0 0 0 0 0 0 0 0
6 1964 0 0 0 0 0 0 0
0 0 0 0 0 0 0 0 0
5 342 0 0 0 0 0 0 0
1 0 0 0 0 0 0 0 0
0 7 0 0 0 0 0 0 0
0 0 0 0 0 0 0 0 0
0 11 0 0 0 0 0 0 0
8 454 0 0 0 0 0 0 0
0 2 0 0 0 0 0 0 0
0 6 0 0 0 0 0 0 0
0 9 0 0 0 0 0 0 0
0 0 0 0 0 0 0 0 0
283 188 0 0 0 0 0 0 0
279 3 0 0 0 0 0 0 0
352 1 0 0 0 0 0 0 0
488 0 0 0 0 0 0 0 0
619 0 0 0 0 0 0 0 0
0 0 0 0 0 0 0 0 0
685 0 0 0 0 0 0 0 0
2306 219 0 0 0 0 0 0 0
805 15 0 0 0 0 0 0 0
2215 273 0 0 0 0 0 0 0
586 0 0 0 0 0 0 0 0
0 0 0 0 0 0 0 0 0
555 26 0 0 0 0 0 0 0
341 86 0 0 0 0 0 0 0
136 397 0 0 0 0 0 0 0
56 1549 0 0 0 0 0 0 0
0 0 0 0 0 0 0 0 0
0 0 0 0 0 0 0 0 0
401 4623 0 0 0 0 0 0 0
83 158 0 0 0 0 0 0 0
19 33 0 0 0 0 0 0 0
518 228 0 0 0 0 0 0 0
117 0 0 0 0 0 0 0 0
0 0 0 0 0 0 0 0 0
185 0 0 0 0 0 0 0 0
245 3 0 0 0 0 0 0 0
281 0 0 0 0 0 0 0 0
1140 4 0 0 0 0 0 0 0
353 7 0 0 0 0 0 0 0
0 0 0 0 0 0 0 0 0
502 1 0 0 0 0 0 0 0
535 0 0 0 0 0 0 0 0
1316 7 0 0 0 0 0 0 0
0 0 0 0 0 0 0 0 0
1008 87 0 0 0 0 0 0 0
0 0 0 0 0 0 0 0 0
333 0 0 0 0 0 0 0 0
849 7 0 0 0 0 0 0 0
1699 15 0 0 0 0 0 0 0
227 0 0 0 0 0 0 0 0
119 4 0 0 0 0 0 0 0
0 0 0 0 0 0 0 0 0
67 0 0 0 0 0 0 0 0
0 0 0 0 0 0 0 0 0
1186 4 0 0 0 0 0 0 0
123 0 0 0 0 0 0 0 0
143 3 0 0 0 0 0 0 0
0 0 0 0 0 0 0 0 0
428 9 0 0 0 0 0 0 0
2242 97 0 0 0 0 0 0 0
1135 15 0 0 0 0 0 0 0
1092 56 0 0 0 0 0 0 0
806 50 0 0 0 0 0 0 0
0 0 0 0 0 0 0 0 0
410 4 0 0 0 0 0 0 0
1083 0 0 0 0 0 0 0 0
3217 1 0 0 0 0 0 0 0
439 2 0 0 0 0 0 0 0
1058 0 0 0 0 0 0 0 0
0 0 0 0 0 0 0 0 0
1109 0 0 0 0 0 0 0 0
1970 0 0 0 0 0 0 0 0
226 1 0 0 0 0 0 0 0
95 0 0 0 0 0 0 0 0
29 0 0 0 0 0 0 0 0
0 0 0 0 0 0 0 0 0
176 2 0 0 0 0 0 0 0
1095 166 0 0 0 0 0 0 0
153 17 0 0 0 0 0 0 0
37 1 0 0 0 0 0 0 0
48 0 0 0 0 0 0 0 0
0 0 0 0 0 0 0 0 0
125 0 0 0 0 0 0 0 0
874 17 0 0 0 0 0 0 0
336 1 0 0 0 0 0 0 0
0 0 0 0 0 0 0 0 0
5649 61 0 0 0 0 0 0 0
0 0 0 0 0 0 0 0 0
2681 0 0 0 0 0 0 0 0
2019 1 0 0 0 0 0 0 0
1723 1 0 0 0 0 0 0 0
4347 3 0 0 0 0 0 0 0
5271 0 0 0 0 0 0 0 0
0 0 0 0 0 0 0 0 0
6130 61 0 0 0 0 0 0 0
2640 0 0 0 0 0 0 0 0
1496 0 4 0 0 0 0 0 0
1261 5 20 0 0 0 0 0 0
505 1 17 0 0 0 0 0 0
0 0 0 0 0 0 0 0 0
2546 5 14 0 0 0 0 0 0
1135 0 0 0 0 0 0 0 0
0 0 0 0 0 0 0 0 0
2489 7 0 0 0 0 0 0 0
1602 0 10 0 0 0 0 0 0
0 0 0 0 0 0 0 0 0
4417 8 0 0 0 0 0 0 0
1630 0 21 0 0 0 0 0 0
411 0 15 0 0 0 0 0 0
282 1 0 0 0 0 0 0 0
1491 19 2 0 0 0 0 0 0
0 0 0 0 0 0 0 0 0
626 4 0 0 0 0 0 0 0
386 0 0 0 0 0 0 0 0
80 0 0 0 0 0 0 0 0
12 0 0 0 0 0 0 0 0
26 0 0 0 0 0 0 0 0
0 0 0 0 0 0 0 0 0
79 2 0 0 0 0 0 0 0
66 10 0 0 0 0 0 0 0
93 0 0 0 0 0 0 0 0
139 19 0 0 0 0 0 0 0
516 137 0 0 0 0 0 0 0
0 0 0 0 0 0 0 0 0
8 1 0 0 0 0 0 0 0
26 17 0 0 0 0 0 0 0
67 21 0 0 0 0 0 0 0
130 30 0 0 0 0 0 0 0
652 413 0 0 0 0 0 0 0
0 0 0 0 0 0 0 0 0
126 18 0 0 0 0 0 0 0
42 5 0 0 0 0 0 0 0
97 127 0 0 0 0 0 0 0
14 13 0 0 0 0 0 0 0
9 13 0 0 0 0 0 0 0
0 0 0 0 0 0 0 0 0
1 5 0 0 0 0 0 0 0
0 0 0 0 0 0 0 0 0
353 22 0 0 0 0 0 0 0
309 21 0 0 0 0 0 0 0
4 6 0 0 0 0 0 0 0
0 0 0 0 0 0 0 0 0
49 13 0 0 0 0 0 0 0
29 35 0 0 0 0 0 0 0
23 7 0 0 0 0 0 0 0
511 46 0 0 0 0 0 0 0
0 0 0 0 0 0 0 0 0
0 0 0 0 0 0 0 0 0
486 0 0 0 0 0 0 0 0
10 0 0 0 0 0 0 0 0
44 2 0 0 0 0 0 0 0
1 1 0 0 0 0 0 0 0
1 0 0 0 0 0 0 0 0
0 0 0 0 0 0 0 0 0
0 0 0 0 0 0 0 0 0
1669 2 1 0 0 0 0 0 0
1431 0 0 0 0 0 0 0 0
2363 0 0 0 0 0 0 0 0
3236 0 0 0 0 0 0 0 0
0 0 0 0 0 0 0 0 0
4027 0 0 0 0 0 0 0 0
6845 5 0 0 0 0 0 0 0
3900 0 0 0 0 0 0 0 0
3381 1 0 0 0 0 0 0 0
0 0 0 0 0 0 0 0 0
0 0 0 0 0 0 0 0 0
4283 0 0 0 0 0 0 0 0
4833 0 0 0 0 0 0 0 0
2845 0 0 0 0 0 0 0 0
2740 0 0 0 0 0 0 0 0
2513 2 0 0 0 0 0 0 0
0 0 0 0 0 0 0 0 0
4032 1 0 0 0 0 0 0 0
835 1 0 0 0 0 0 0 0
920 0 0 0 0 0 0 0 0
1332 0 0 0 0 0 0 0 0
1162 0 0 0 0 0 0 0 0
0 0 0 0 0 0 0 0 0
1845 28 0 0 0 0 0 0 0
459 1 0 0 0 0 0 0 0
161 0 0 0 0 0 0 0 0
0 0 0 0 0 0 0 0 0
1845 1 0 0 0 0 0 0 0
0 0 0 0 0 0 0 0 0
1621 1 0 0 0 0 0 0 0
565 0 0 0 0 0 0 0 0
568 0 0 0 0 0 0 0 0
584 3 0 0 0 0 0 0 0
524 0 0 0 0 0 0 0 0
0 0 0 0 0 0 0 0 0
411 6 0 0 0 0 0 0 0
1362 47 0 0 0 0 0 0 0
925 0 0 0 0 0 0 0 0
1082 4 0 0 0 0 0 0 0
1199 0 0 0 0 0 0 0 0
0 0 0 0 0 0 0 0 0
2550 6 0 0 0 0 0 0 0
1378 0 0 0 0 0 0 0 0
843 0 0 0 0 0 0 0 0
636 0 0 0 0 0 0 0 0
1877 0 0 0 0 0 0 0 0
0 0 0 0 0 0 0 0 0
875 0 0 0 0 0 0 0 0
0 0 0 0 0 0 0 0 0
980 0 0 0 0 0 0 0 0
1066 5 0 0 0 0 0 0 0
1467 14 0 0 0 0 0 0 0
0 0 0 0 0 0 0 0 0
51 0 0 0 0 0 0 0 0
4 1 0 0 0 0 0 0 0
0 0 0 0 0 0 0 0 0
91 6 0 0 0 0 0 0 0
167 6 0 0 0 0 0 0 0
0 0 0 0 0 0 0 0 0
1440 34 0 0 0 0 0 0 0
1520 0 0 0 0 0 0 0 0
2063 0 0 0 0 0 0 0 0
4707 2 0 0 0 0 0 0 0
1891 0 0 0 0 0 0 0 0
0 0 0 0 0 0 0 0 0
2132 2 0 0 0 0 0 0 0
1695 8 0 0 0 0 0 0 0
1047 0 0 0 0 0 0 0 0
2793 0 0 0 0 0 0 0 0
1734 2 0 0 0 0 0 0 0
0 0 0 0 0 0 0 0 0
1712 0 0 0 0 0 0 0 0
1848 0 0 0 0 0 0 0 0
1725 0 0 0 0 0 0 0 0
2977 0 0 0 0 0 0 0 0
805 0 0 0 0 0 0 0 0
0 0 0 0 0 0 0 0 0
743 5 0 0 0 0 0 0 0
0 0 0 0 0 0 0 0 0
1566 202 0 0 0 0 0 0 0
1239 492 0 0 0 0 0 0 0
443 343 0 0 0 0 0 0 0
0 0 0 0 0 0 0 0 0
568 338 0 0 0 0 0 0 0
578 22 0 0 0 0 0 0 0
503 1 0 0 0 0 0 0 0
380 6 0 0 0 0 0 0 0
702 141 0 0 0 0 0 0 0
0 0 0 0 0 0 0 0 0
801 0 0 0 0 0 0 0 0
1248 57 0 0 0 0 0 0 0
661 0 0 0 0 0 0 0 0
488 3 0 0 0 0 0 0 0
291 6 0 0 0 0 0 0 0
0 0 0 0 0 0 0 0 0
0 0 0 0 0 0 0 0 0
1328 0 0 0 0 0 0 0 0
1326 5 0 0 0 0 0 0 0
762 2 0 0 0 0 0 0 0
619 0 0 0 0 0 0 0 0
0 0 0 0 0 0 0 0 0
541 0 0 0 0 0 0 0 0
1504 1 0 0 0 0 0 0 0
0 0 0 0 0 0 0 0 0
3696 3 0 0 0 0 0 0 0
2575 0 0 0 0 0 0 0 0
0 0 0 0 0 0 0 0 0
2067 0 0 0 0 0 0 0 0
3739 6 0 0 0 0 0 0 0
2824 0 0 0 0 0 0 0 0
0 0 0 0 0 0 0 0 0
3002 0 0 0 0 0 0 0 0
0 0 0 0 0 0 0 0 0
1102 0 0 0 0 0 0 0 0
931 0 0 0 0 0 0 0 0
1374 0 0 0 0 0 0 0 0
1860 2 0 0 0 0 0 0 0
1447 0 0 0 0 0 0 0 0
0 0 0 0 0 0 0 0 0
1027 0 0 0 0 0 0 0 0
4173 1 0 0 0 0 0 0 0
1907 0 0 0 0 0 0 0 0
1269 0 0 0 0 0 0 0 0
1160 0 0 0 0 0 0 0 0
0 0 0 0 0 0 0 0 0
1536 0 0 0 0 0 0 0 0
2798 0 0 0 0 0 0 0 0
1032 0 0 0 0 0 0 0 0
0 0 0 0 0 0 0 0 0
5814 19 0 0 0 0 0 0 0
0 0 0 0 0 0 0 0 0
3777 0 0 0 0 0 0 0 0
4385 0 0 0 0 0 0 0 0
4393 0 0 0 0 0 0 0 0
4259 0 0 0 0 0 0 0 0
4191 1 0 0 0 0 0 0 0
0 0 0 0 0 0 0 0 0
0 0 0 0 0 0 0 0 0
4993 0 0 0 0 0 0 0 0
1776 0 0 0 0 0 0 0 0
1529 0 0 0 0 0 0 0 0
1722 0 0 0 0 0 0 0 0
0 0 0 0 0 0 0 0 0
338 0 0 0 0 0 0 0 0
343 0 0 0 0 0 0 0 0
447 0 0 0 0 0 0 0 0
706 0 0 0 0 0 0 0 0
2379 6 0 0 0 0 0 0 0
0 0 0 0 0 0 0 0 0
1668 0 0 0 0 0 0 0 0
1805 0 0 0 0 0 0 0 0
1550 0 0 0 0 0 0 0 0
1357 0 0 0 0 0 0 0 0
2236 4 0 0 0 0 0 0 0
0 0 0 0 0 0 0 0 0
0 0 0 0 0 0 0 0 0
2029 4 0 0 0 0 0 0 0
1280 0 0 0 0 0 0 0 0
1179 0 0 0 0 0 0 0 0
1639 0 0 0 0 0 0 0 0
0 0 0 0 0 0 0 0 0
1141 1 0 0 0 0 0 0 0
774 8 0 0 0 0 0 0 0
374 34 0 0 0 0 0 0 0
118 559 0 0 0 0 0 0 0
176 7231 0 0 0 0 0 0 0
0 0 0 0 0 0 0 0 0
42 6541 0 0 0 0 0 0 0
0 0 0 0 0 0 0 0 0
392 24076 0 0 0 0 0 0 0
247 13026 0 0 0 0 0 0 0
607 13513 0 0 0 0 0 0 0
0 0 0 0 0 0 0 0 0
492 13844 0 0 0 0 0 0 0
131 13512 332 0 0 0 0 0 0
15797 55732 409 0 0 0 0 0 0
1576 5191 0 0 0 0 0 0 0
1000 5455 0 0 0 0 0 0 0
165 6806 0 0 0 0 0 0 0
1190 12772 0 0 0 0 0 0 0
0 0 0 0 0 0 0 0 0
259 6507 0 0 0 0 0 0 0
253 5783 0 0 0 0 0 0 0
0 0 0 0 0 0 0 0 0
1400 19567 0 0 0 0 0 0 0
159 6161 0 0 0 0 0 0 0
0 0 0 0 0 0 0 0 0
161 6550 0 0 0 0 0 0 0
179 7169 0 0 0 0 0 0 0
216 7962 0 0 0 0 0 0 0
440 18058 0 0 0 0 0 0 0
0 0 0 0 0 0 0 0 0
0 0 0 0 0 0 0 0 0
185 18620 0 0 0 0 0 0 0
9 9607 0 0 0 0 0 0 0
2 8779 0 0 0 0 0 0 0
17 7440 0 0 0 0 0 0 0
395 13157 0 0 0 0 0 0 0
0 0 0 0 0 0 0 0 0
5 3960 0 0 0 0 0 0 0
0 0 0 0 0 0 0 0 0
190 7760 0 0 0 0 0 0 0
327 6226 0 0 0 0 0 0 0
10 2687 0 0 0 0 0 0 0
0 0 0 0 0 0 0 0 0
15 2248 0 0 0 0 0 0 0
3 1578 0 0 0 0 0 0 0
3 1103 0 0 0 0 0 0 0
24 5271 0 0 0 0 0 0 0
0 0 0 0 0 0 0 0 0
0 0 0 0 0 0 0 0 0
5 11280 0 0 0 0 0 0 0
0 8192 0 0 0 0 0 0 0
0 9270 0 0 0 0 0 0 0
129 17518 0 0 0 0 0 0 0
69 9451 0 0 0 0 0 0 0
0 0 0 0 0 0 0 0 0
41 8872 0 0 0 0 0 0 0
2 8306 0 0 0 0 0 0 0
0 13095 0 0 0 0 0 0 0
0 3940 0 0 0 0 0 0 0
0 2310 0 0 0 0 0 0 0
0 0 0 0 0 0 0 0 0
0 1460 0 0 0 0 0 0 0
31 5834 0 0 0 0 0 0 0
0 1300 0 0 0 0 0 0 0
0 769 0 0 0 0 0 0 0
0 623 0 0 0 0 0 0 0
0 0 0 0 0 0 0 0 0
0 0 0 0 0 0 0 0 0
232 9641 0 0 0 0 0 0 0
2 4247 0 0 0 0 0 0 0
0 5319 0 0 0 0 0 0 0
2 5207 0 0 0 0 0 0 0
0 0 0 0 0 0 0 0 0
1 4435 0 0 0 0 0 0 0
2 3064 0 0 0 0 0 0 0
79 5092 0 0 0 0 0 0 0
0 0 0 0 0 0 0 0 0
7 2621 0 0 0 0 0 0 0
0 0 0 0 0 0 0 0 0
0 78 0 0 0 0 0 0 0
1 1296 0 0 0 0 0 0 0
0 0 0 0 0 0 0 0 0
0 23 0 0 0 0 0 0 0
0 31 0 0 0 0 0 0 0
0 0 0 0 0 0 0 0 0
0 1018 0 0 0 0 0 0 0
0 61 0 0 0 0 0 0 0
0 37 0 0 0 0 0 0 0
3 56 0 0 0 0 0 0 0
1 14 0 0 0 0 0 0 0
0 0 0 0 0 0 0 0 0
291 669 0 0 0 0 0 0 0
109 4 0 0 0 0 0 0 0
182 4 0 0 0 0 0 0 0
314 8 0 0 0 0 0 0 0
308 4 0 0 0 0 0 0 0
0 0 0 0 0 0 0 0 0
452 416 0 0 0 0 0 0 0
0 0 0 0 0 0 0 0 0
99 213 0 0 0 0 0 0 0
5 0 0 0 0 0 0 0 0
42 0 0 0 0 0 0 0 0
0 0 0 0 0 0 0 0 0
367 283 0 0 0 0 0 0 0
37 1 0 0 0 0 0 0 0
126 6 0 0 0 0 0 0 0
228 0 0 0 0 0 0 0 0
505 1 0 0 0 0 0 0 0
0 0 0 0 0 0 0 0 0
1458 3 0 0 0 0 0 0 0
172 0 0 0 0 0 0 0 0
221 0 0 0 0 0 0 0 0
423 0 0 0 0 0 0 0 0
2417 8 0 0 0 0 0 0 0
0 0 0 0 0 0 0 0 0
1151 1 0 0 0 0 0 0 0
1184 0 0 0 0 0 0 0 0
0 0 0 0 0 0 0 0 0
4695 153 0 0 0 0 0 0 0
1858 1 0 0 0 0 0 0 0
0 0 0 0 0 0 0 0 0
2436 0 0 0 0 0 0 0 0
2343 0 0 0 0 0 0 0 0
1280 0 0 0 0 0 0 0 0
590 2 0 0 0 0 0 0 0
345 4 0 0 0 0 0 0 0
0 0 0 0 0 0 0 0 0
1538 92 0 0 0 0 0 0 0
351 0 0 0 0 0 0 0 0
477 0 0 0 0 0 0 0 0
279 2 0 0 0 0 0 0 0
612 0 0 0 0 0 0 0 0
0 0 0 0 0 0 0 0 0
173 1 0 0 0 0 0 0 0
0 0 0 0 0 0 0 0 0
1522 8304 0 0 0 0 0 0 0
1891 17645 0 0 0 0 0 0 0
213 8649 0 0 0 0 0 0 0
0 0 0 0 0 0 0 0 0
306 4266 0 0 0 0 0 0 0
538 1096 0 0 0 0 0 0 0
2342 11306 0 0 0 0 0 0 0
873 7757 0 0 0 0 0 0 0
1069 6054 0 0 0 0 0 0 0
0 0 0 0 0 0 0 0 0
0 0 0 0 0 0 0 0 0
3268 1593 0 0 0 0 0 0 0
848 1442 0 0 0 0 0 0 0
2406 8139 0 0 0 0 0 0 0
1057 1189 0 0 0 0 0 0 0
0 0 0 0 0 0 0 0 0
837 92 0 0 0 0 0 0 0
0 0 0 0 0 0 0 0 0
1066 1880 0 0 0 0 0 0 0
91 703 0 0 0 0 0 0 0
437 1717 0 0 0 0 0 0 0
0 0 0 0 0 0 0 0 0
432 25 0 0 0 0 0 0 0
670 11 0 0 0 0 0 0 0
596 13 0 0 0 0 0 0 0
1466 750 0 0 0 0 0 0 0
209 8 0 0 0 0 0 0 0
0 0 0 0 0 0 0 0 0
123 1 0 0 0 0 0 0 0
1011 1 0 0 0 0 0 0 0
146 0 0 0 0 0 0 0 0
349 0 0 0 0 0 0 0 0
0 0 0 0 0 0 0 0 0
0 0 0 0 0 0 0 0 0
1916 0 0 0 0 0 0 0 0
395 0 0 0 0 0 0 0 0
324 1 0 0 0 0 0 0 0
269 0 0 0 0 0 0 0 0
297 0 0 0 0 0 0 0 0
0 0 0 0 0 0 0 0 0
421 0 0 0 0 0 0 0 0
1928 3 0 0 0 0 0 0 0
356 0 0 0 0 0 0 0 0
257 3 0 0 0 0 0 0 0
265 3 0 0 0 0 0 0 0
0 0 0 0 0 0 0 0 0
211 0 0 0 0 0 0 0 0
1443 87 0 0 0 0 0 0 0
468 0 0 0 0 0 0 0 0
403 0 0 0 0 0 0 0 0
404 0 0 0 0 0 0 0 0
0 0 0 0 0 0 0 0 0
856 16 0 0 0 0 0 0 0
201 35 0 0 0 0 0 0 0
182 0 0 0 0 0 0 0 0
187 12 0 0 0 0 0 0 0
121 0 0 0 0 0 0 0 0
0 0 0 0 0 0 0 0 0
327 25 0 0 0 0 0 0 0
43 0 0 0 0 0 0 0 0
0 0 0 0 0 0 0 0 0
536 18 0 0 0 0 0 0 0
393 0 0 0 0 0 0 0 0
0 0 0 0 0 0 0 0 0
1766 4 0 0 0 0 0 0 0
1385 0 0 0 0 0 0 0 0
1391 5 0 0 0 0 0 0 0
1541 0 0 0 0 0 0 0 0
985 0 0 0 0 0 0 0 0
0 0 0 0 0 0 0 0 0
323 0 0 0 0 0 0 0 0
818 7 0 0 0 0 0 0 0
35 0 0 0 0 0 0 0 0
46 0 0 0 0 0 0 0 0
770 16 0 0 0 0 0 0 0
0 0 0 0 0 0 0 0 0
495 14 0 0 0 0 0 0 0
626 82 0 0 0 0 0 0 0
0 0 0 0 0 0 0 0 0
2290 1567 57 0 0 0 0 0 0
1501 4540 0 0 0 0 0 0 0
0 0 0 0 0 0 0 0 0
329 2253 0 0 0 0 0 0 0
361 4013 0 0 0 0 0 0 0
0 0 0 0 0 0 0 0 0
2312 16151 0 0 0 0 0 0 0
2694 20050 0 0 0 0 0 0 0
0 0 0 0 0 0 0 0 0
950 14907 0 0 0 0 0 0 0
737 15078 0 0 0 0 0 0 0
766 14842 0 0 0 0 0 0 0
1008 14454 0 0 0 0 0 0 0
1353 23677 0 0 0 0 0 0 0
0 0 0 0 0 0 0 0 0
0 0 0 0 0 0 0 0 0
876 24193 0 0 0 0 0 0 0
364 24785 0 0 0 0 0 0 0
122 16467 0 0 0 0 0 0 0
249 15812 0 0 0 0 0 0 0
0 0 0 0 0 0 0 0 0
504 15617 0 0 0 0 0 0 0
0 0 0 0 0 0 0 0 0
2908 28567 0 0 0 0 0 0 0
455 12138 0 0 0 0 0 0 0
345 10776 0 0 0 0 0 0 0
0 0 0 0 0 0 0 0 0
313 9702 0 0 0 0 0 0 0
421 8866 0 0 0 0 0 0 0
30410 47727 1756 0 0 0 0 0 0
1607 1675 0 0 0 0 0 0 0
2760 4550 0 0 0 0 0 0 0
1173 1283 0 0 0 0 0 0 0
1462 1216 0 0 0 0 0 0 0
1604 1457 0 0 0 0 0 0 0
0 0 0 0 0 0 0 0 0
1554 1705 0 0 0 0 0 0 0
1335 1853 0 0 0 0 0 0 0
1026 5510 0 0 0 0 0 0 0
520 2516 0 0 0 0 0 0 0
1422 7867 0 0 0 0 0 0 0
0 0 0 0 0 0 0 0 0
0 0 0 0 0 0 0 0 0
1738 7828 0 0 0 0 0 0 0
804 1813 0 0 0 0 0 0 0
889 1304 0 0 0 0 0 0 0
1639 2436 0 0 0 0 0 0 0
0 0 0 0 0 0 0 0 0
408 207 0 0 0 0 0 0 0
250 180 0 0 0 0 0 0 0
915 144 0 0 0 0 0 0 0
0 0 0 0 0 0 0 0 0
4991 948 0 0 0 0 0 0 0
0 0 0 0 0 0 0 0 0
2098 6 0 0 0 0 0 0 0
1925 11 0 0 0 0 0 0 0
1852 10 0 0 0 0 0 0 0
1725 18 0 0 0 0 0 0 0
3568 164 0 0 0 0 0 0 0
0 0 0 0 0 0 0 0 0
0 0 0 0 0 0 0 0 0
4805 103 0 0 0 0 0 0 0
3164 4 0 0 0 0 0 0 0
3891 11 0 0 0 0 0 0 0
6915 118 0 0 0 0 0 0 0
0 0 0 0 0 0 0 0 0
2868 20 0 0 0 0 0 0 0
2408 13 0 0 0 0 0 0 0
1772 11 0 0 0 0 0 0 0
1493 56 0 0 0 0 0 0 0
2836 322 0 0 0 0 0 0 0
0 0 0 0 0 0 0 0 0
404 32 0 0 0 0 0 0 0
1201 30 0 0 0 0 0 0 0
1779 16 0 0 0 0 0 0 0
2104 29 0 0 0 0 0 0 0
3649 1159 0 0 0 0 0 0 0
0 0 0 0 0 0 0 0 0
0 0 0 0 0 0 0 0 0
5361 802 0 0 0 0 0 0 0
6895 362 0 0 0 0 0 0 0
4568 6 0 0 0 0 0 0 0
4965 11 0 0 0 0 0 0 0
0 0 0 0 0 0 0 0 0
5513 0 0 0 0 0 0 0 0
5643 18 0 0 0 0 0 0 0
4937 7 0 0 0 0 0 0 0
4101 26 0 0 0 0 0 0 0
6251 347 0 0 0 0 0 0 0
0 0 0 0 0 0 0 0 0
3792 4 0 0 0 0 0 0 0
4070 5 0 0 0 0 0 0 0
8212 91 0 0 0 0 0 0 0
4160 37 0 0 0 0 0 0 0
2823 144 0 0 0 0 0 0 0
0 0 0 0 0 0 0 0 0
1260 102 0 0 0 0 0 0 0
617 121 0 0 0 0 0 0 0
3612 529 0 0 0 0 0 0 0
697 26 0 0 0 0 0 0 0
214 39 0 0 0 0 0 0 0
0 0 0 0 0 0 0 0 0
414 16 0 0 0 0 0 0 0
2358 254 0 0 0 0 0 0 0
1848 9 0 0 0 0 0 0 0
2553 3 0 0 0 0 0 0 0
3018 2 0 0 0 0 0 0 0
0 0 0 0 0 0 0 0 0
3607 24 0 0 0 0 0 0 0
6548 663 0 0 0 0 0 0 0
0 0 0 0 0 0 0 0 0
6893 613 0 0 0 0 0 0 0
3249 86 0 0 0 0 0 0 0
0 0 0 0 0 0 0 0 0
3291 53 0 0 0 0 0 0 0
5126 413 0 0 0 0 0 0 0
1349 1 0 0 0 0 0 0 0
0 0 0 0 0 0 0 0 0
553 19 0 0 0 0 0 0 0
0 0 0 0 0 0 0 0 0
272 30 0 0 0 0 0 0 0
203 377 0 0 0 0 0 0 0
307 13 0 0 0 0 0 0 0
584 82 0 0 0 0 0 0 0
705 54 0 0 0 0 0 0 0
0 0 0 0 0 0 0 0 0
1264 766 0 0 0 0 0 0 0
1500 20 0 0 0 0 0 0 0
0 0 0 0 0 0 0 0 0
276 159 0 0 0 0 0 0 0
705 9 0 0 0 0 0 0 0
0 0 0 0 0 0 0 0 0
3865 87 0 0 0 0 0 0 0
2185 0 0 0 0 0 0 0 0
1299 5 0 0 0 0 0 0 0
2730 0 0 0 0 0 0 0 0
3271 4 0 0 0 0 0 0 0
0 0 0 0 0 0 0 0 0
1389 61 0 0 0 0 0 0 0
637 3 0 0 0 0 0 0 0
1503 1 0 0 0 0 0 0 0
2067 1 0 0 0 0 0 0 0
2849 58 0 0 0 0 0 0 0
0 0 0 0 0 0 0 0 0
585 0 0 0 0 0 0 0 0
1401 2 0 0 0 0 0 0 0
1729 0 0 0 0 0 0 0 0
0 0 0 0 0 0 0 0 0
2021 14 0 0 0 0 0 0 0
0 0 0 0 0 0 0 0 0
2305 1 0 0 0 0 0 0 0
1575 0 0 0 0 0 0 0 0
1549 3 0 0 0 0 0 0 0
1742 0 0 0 0 0 0 0 0
4571 0 0 0 0 0 0 0 0
0 0 0 0 0 0 0 0 0
0 0 0 0 0 0 0 0 0
4349 0 0 0 0 0 0 0 0
2399 0 0 0 0 0 0 0 0
4865 0 0 0 0 0 0 0 0
2982 0 0 0 0 0 0 0 0
0 0 0 0 0 0 0 0 0
2360 0 0 0 0 0 0 0 0
1940 0 0 0 0 0 0 0 0
2898 0 0 0 0 0 0 0 0
6523 0 0 0 0 0 0 0 0
3938 0 0 0 0 0 0 0 0
0 0 0 0 0 0 0 0 0
3783 0 0 0 0 0 0 0 0
0 0 0 0 0 0 0 0 0
7111 0 0 0 0 0 0 0 0
8592 1 0 0 0 0 0 0 0
5127 0 0 0 0 0 0 0 0
0 0 0 0 0 0 0 0 0
5019 0 0 0 0 0 0 0 0
5317 4 0 0 0 0 0 0 0
5031 0 0 0 0 0 0 0 0
4929 17 0 0 0 0 0 0 0
5273 136 0 0 0 0 0 0 0
0 0 0 0 0 0 0 0 0
9515 4161 0 0 0 0 0 0 0
4971 2249 0 0 0 0 0 0 0
4042 2202 0 0 0 0 0 0 0
5271 5904 1 0 0 0 0 0 0
2130 1360 0 0 0 0 0 0 0
0 0 0 0 0 0 0 0 0
0 0 0 0 0 0 0 0 0
3792 3375 0 0 0 0 0 0 0
666 362 0 0 0 0 0 0 0
1950 875 0 0 0 0 0 0 0
342 7 0 0 0 0 0 0 0
0 0 0 0 0 0 0 0 0
434 10 0 0 0 0 0 0 0
593 13 0 0 0 0 0 0 0
821 248 0 0 0 0 0 0 0
504 48 0 0 0 0 0 0 0
0 0 0 0 0 0 0 0 0
0 0 0 0 0 0 0 0 0
1199 1221 0 0 0 0 0 0 0
693 452 0 0 0 0 0 0 0
2898 2912 0 0 0 0 0 0 0
1834 622 0 0 0 0 0 0 0
1255 530 0 0 0 0 0 0 0
0 0 0 0 0 0 0 0 0
882 343 0 0 0 0 0 0 0
0 0 0 0 0 0 0 0 0
1722 1460 0 0 0 0 0 0 0
835 47 0 0 0 0 0 0 0
341 20 0 0 0 0 0 0 0
0 0 0 0 0 0 0 0 0
148 2 0 0 0 0 0 0 0
954 8 0 0 0 0 0 0 0
192 0 0 0 0 0 0 0 0
410 9 0 0 0 0 0 0 0
494 0 0 0 0 0 0 0 0
0 0 0 0 0 0 0 0 0
781 17 0 0 0 0 0 0 0
2624 135 0 0 0 0 0 0 0
752 10 0 0 0 0 0 0 0
1010 5 0 0 0 0 0 0 0
0 0 0 0 0 0 0 0 0
0 0 0 0 0 0 0 0 0
5711 136 0 0 0 0 0 0 0
2539 0 0 0 0 0 0 0 0
2708 0 0 0 0 0 0 0 0
2479 1 0 0 0 0 0 0 0
2552 0 0 0 0 0 0 0 0
0 0 0 0 0 0 0 0 0
5005 47 0 0 0 0 0 0 0
2490 13 0 0 0 0 0 0 0
2645 33 0 0 0 0 0 0 0
3090 25 0 0 0 0 0 0 0
3082 59 0 0 0 0 0 0 0
0 0 0 0 0 0 0 0 0
5802 1032 0 0 0 0 0 0 0
2356 72 0 0 0 0 0 0 0
2137 47 0 0 0 0 0 0 0
2128 32 0 0 0 0 0 0 0
0 0 0 0 0 0 0 0 0
0 0 0 0 0 0 0 0 0
7171 2826 0 0 0 0 0 0 0
1835 48 0 0 0 0 0 0 0
1328 63 0 0 0 0 0 0 0
939 146 0 0 0 0 0 0 0
435 38 0 0 0 0 0 0 0
0 0 0 0 0 0 0 0 0
900 23 0 0 0 0 0 0 0
2667 251 0 0 0 0 0 0 0
1239 17 0 0 0 0 0 0 0
1012 9 0 0 0 0 0 0 0
1097 11 0 0 0 0 0 0 0
0 0 0 0 0 0 0 0 0
1694 69 0 0 0 0 0 0 0
727 3 0 0 0 0 0 0 0
603 20 0 0 0 0 0 0 0
1209 116 0 0 0 0 0 0 0
923 9 0 0 0 0 0 0 0
0 0 0 0 0 0 0 0 0
1051 4 0 0 0 0 0 0 0
1180 10 0 0 0 0 0 0 0
1088 0 0 0 0 0 0 0 0
1248 15 0 0 0 0 0 0 0
2644 0 0 0 0 0 0 0 0
0 0 0 0 0 0 0 0 0
1403 0 0 0 0 0 0 0 0
0 0 0 0 0 0 0 0 0
3020 14 0 0 0 0 0 0 0
1533 0 0 0 0 0 0 0 0
3081 38 0 0 0 0 0 0 0
0 0 0 0 0 0 0 0 0
997 0 0 0 0 0 0 0 0
769 0 0 0 0 0 0 0 0
1992 70 0 0 0 0 0 0 0
1095 3 0 0 0 0 0 0 0
1426 0 0 0 0 0 0 0 0
0 0 0 0 0 0 0 0 0
1699 7 0 0 0 0 0 0 0
1840 15 0 0 0 0 0 0 0
3229 74 0 0 0 0 0 0 0
968 2 0 0 0 0 0 0 0
733 8 0 0 0 0 0 0 0
0 0 0 0 0 0 0 0 0
0 0 0 0 0 0 0 0 0
1536 50 0 0 0 0 0 0 0
2634 83 0 0 0 0 0 0 0
1374 48 0 0 0 0 0 0 0
1570 27 0 0 0 0 0 0 0
0 0 0 0 0 0 0 0 0
1562 74 15 0 0 0 0 0 0
1535 251 0 0 0 0 0 0 0
3507 1229 0 0 0 0 0 0 0
1277 881 0 0 0 0 0 0 0
0 0 0 0 0 0 0 0 0
0 0 0 0 0 0 0 0 0
0 0 0 0 0 0 0 0 0
3508 3199 0 0 0 0 0 0 0
3494 5603 0 0 0 0 0 0 0
1402 1907 0 0 0 0 0 0 0
1183 2138 0 0 0 0 0 0 0
0 0 0 0 0 0 0 0 0
1227 2545 0 0 0 0 0 0 0
1253 2579 0 0 0 0 0 0 0
1123 2631 0 0 0 0 0 0 0
2332 7318 0 0 0 0 0 0 0
617 2218 0 0 0 0 0 0 0
0 0 0 0 0 0 0 0 0
555 2028 0 0 0 0 0 0 0
1636 5824 0 0 0 0 0 0 0
673 1226 0 0 0 0 0 0 0
724 1052 0 0 0 0 0 0 0
802 868 0 0 0 0 0 0 0
0 0 0 0 0 0 0 0 0
1851 3958 0 0 0 0 0 0 0
779 1347 0 0 0 0 0 0 0
711 1803 0 0 0 0 0 0 0
0 0 0 0 0 0 0 0 0
1822 7559 0 0 0 0 0 0 0
0 0 0 0 0 0 0 0 0
2015 7847 0 0 0 0 0 0 0
823 2069 0 0 0 0 0 0 0
940 1110 0 0 0 0 0 0 0
1225 654 0 0 0 0 0 0 0
1225 593 0 0 0 0 0 0 0
0 0 0 0 0 0 0 0 0
1353 583 0 0 0 0 0 0 0
3147 2516 0 0 0 0 0 0 0
1186 712 0 0 0 0 0 0 0
1168 935 0 0 0 0 0 0 0
1057 1539 0 0 0 0 0 0 0
0 0 0 0 0 0 0 0 0
1111 1695 0 0 0 0 0 0 0
3388 5386 0 0 0 0 0 0 0
955 728 0 0 0 0 0 0 0
595 365 0 0 0 0 0 0 0
0 0 0 0 0 0 0 0 0
0 0 0 0 0 0 0 0 0
1380 1679 0 0 0 0 0 0 0
2000 492 0 0 0 0 0 0 0
1108 38 0 0 0 0 0 0 0
1687 49 0 0 0 0 0 0 0
4085 1175 216 0 0 0 0 0 0
0 0 0 0 0 0 0 0 0
0 0 0 0 0 0 0 0 0
3886 2038 0 0 0 0 0 0 0
1147 1336 0 0 0 0 0 0 0
679 1548 0 0 0 0 0 0 0
215 1867 0 0 0 0 0 0 0
0 0 0 0 0 0 0 0 0
1474 6019 0 0 0 0 0 0 0
427 2189 0 0 0 0 0 0 0
615 1984 0 0 0 0 0 0 0
789 1531 0 0 0 0 0 0 0
2774 5786 0 0 0 0 0 0 0
0 0 0 0 0 0 0 0 0
1133 967 0 0 0 0 0 0 0
1080 779 0 0 0 0 0 0 0
1128 512 0 0 0 0 0 0 0
1069 495 0 0 0 0 0 0 0
810 590 0 0 0 0 0 0 0
0 0 0 0 0 0 0 0 0
1602 4198 0 0 0 0 0 0 0
0 0 0 0 0 0 0 0 0
1294 6578 0 0 0 0 0 0 0
127 2663 0 0 0 0 0 0 0
782 7223 0 0 0 0 0 0 0
0 0 0 0 0 0 0 0 0
378 1805 0 0 0 0 0 0 0
649 1468 0 0 0 0 0 0 0
858 1043 0 0 0 0 0 0 0
3188 3239 0 0 0 0 0 0 0
1337 574 0 0 0 0 0 0 0
0 0 0 0 0 0 0 0 0
1383 399 0 0 0 0 0 0 0
1317 182 0 0 0 0 0 0 0
0 0 0 0 0 0 0 0 0
3564 2754 0 0 0 0 0 0 0
503 375 0 0 0 0 0 0 0
0 0 0 0 0 0 0 0 0
539 855 0 0 0 0 0 0 0
499 1099 0 0 0 0 0 0 0
475 1386 0 0 0 0 0 0 0
1703 3535 0 0 0 0 0 0 0
0 0 0 0 0 0 0 0 0
0 0 0 0 0 0 0 0 0
710 1730 0 0 0 0 0 0 0
1100 1797 0 0 0 0 0 0 0
1465 1827 0 0 0 0 0 0 0
4445 4351 0 0 0 0 0 0 0
1845 1710 0 0 0 0 0 0 0
0 0 0 0 0 0 0 0 0
1679 1475 0 0 0 0 0 0 0
1367 1444 0 0 0 0 0 0 0
998 1353 0 0 0 0 0 0 0
823 1399 0 0 0 0 0 0 0
1549 4668 0 0 0 0 0 0 0
0 0 0 0 0 0 0 0 0
371 742 0 0 0 0 0 0 0
1302 2087 0 0 0 0 0 0 0
362 323 0 0 0 0 0 0 0
457 370 0 0 0 0 0 0 0
0 0 0 0 0 0 0 0 0
0 0 0 0 0 0 0 0 0
1749 1551 0 0 0 0 0 0 0
1739 1909 0 0 0 0 0 0 0
823 756 0 0 0 0 0 0 0
1235 739 0 0 0 0 0 0 0
1516 683 0 0 0 0 0 0 0
0 0 0 0 0 0 0 0 0
1613 596 0 0 0 0 0 0 0
1470 554 0 0 0 0 0 0 0
1200 628 6 0 0 0 0 0 0
2615 2935 6 0 0 0 0 0 0
1039 1571 3 0 0 0 0 0 0
0 0 0 0 0 0 0 0 0
920 2037 0 0 0 0 0 0 0
909 2580 9 0 0 0 0 0 0
2074 6571 20 0 0 0 0 0 0
519 2739 8 0 0 0 0 0 0
776 2304 29 0 0 0 0 0 0
0 0 0 0 0 0 0 0 0
836 1734 25 0 0 0 0 0 0
2930 3183 43 0 0 0 0 0 0
477 1709 24 0 0 0 0 0 0
226 2361 14 0 0 0 0 0 0
124 2535 3 0 0 0 0 0 0
0 0 0 0 0 0 0 0 0
31 2600 0 0 0 0 0 0 0
393 6265 34 0 0 0 0 0 0
190 2677 15 0 0 0 0 0 0
0 0 0 0 0 0 0 0 0
1534 7404 40 0 0 0 0 0 0
0 0 0 0 0 0 0 0 0
169 3420 3 0 0 0 0 0 0
805 9580 36 0 0 0 0 0 0
186 4864 13 0 0 0 0 0 0
168 5063 12 0 0 0 0 0 0
292 10715 8 0 0 0 0 0 0
0 0 0 0 0 0 0 0 0
489 4104 0 0 0 0 0 0 0
807 3436 12 0 0 0 0 0 0
1048 2918 17 0 0 0 0 0 0
943 2276 13 0 0 0 0 0 0
0 0 0 0 0 0 0 0 0
0 0 0 0 0 0 0 0 0
2270 7941 39 0 0 0 0 0 0
335 1255 3 0 0 0 0 0 0
471 1142 2 0 0 0 0 0 0
570 1065 0 0 0 0 0 0 0
612 663 0 0 0 0 0 0 0
0 0 0 0 0 0 0 0 0
698 554 0 0 0 0 0 0 0
2514 1223 0 0 0 0 0 0 0
876 452 0 0 0 0 0 0 0
602 534 1 0 0 0 0 0 0
983 1305 2 0 0 0 0 0 0
0 0 0 0 0 0 0 0 0
177 636 0 0 0 0 0 0 0
380 659 0 0 0 0 0 0 0
309 587 0 0 0 0 0 0 0
306 201 0 0 0 0 0 0 0
2512 1126 0 0 0 0 0 0 0
0 0 0 0 0 0 0 0 0
2192 267 0 0 0 0 0 0 0
2147 253 57 0 0 0 0 0 0
1416 225 100 0 0 0 0 0 0
1172 1000 110 0 0 0 0 0 0
450 228 0 0 0 0 0 0 0
0 0 0 0 0 0 0 0 0
857 65 92 0 0 0 0 0 0
892 84 91 0 0 0 0 0 0
332 129 46 0 0 0 0 0 0
164 150 0 0 0 0 0 0 0
177 127 0 0 0 0 0 0 0
0 0 0 0 0 0 0 0 0
148 105 0 0 0 0 0 0 0
128 169 0 0 0 0 0 0 0
75 137 0 0 0 0 0 0 0
144 27 0 0 0 0 0 0 0
600 243 0 0 0 0 0 0 0
0 0 0 0 0 0 0 0 0
31 25 0 0 0 0 0 0 0
13 24 0 0 0 0 0 0 0
19 64 0 0 0 0 0 0 0
0 52 0 0 0 0 0 0 0
3 91 0 0 0 0 0 0 0
0 0 0 0 0 0 0 0 0
3 150 0 0 0 0 0 0 0
16 74 0 0 0 0 0 0 0
0 0 0 0 0 0 0 0 0
312 129 0 0 0 0 0 0 0
1 1 0 0 0 0 0 0 0
0 0 0 0 0 0 0 0 0
0 33 0 0 0 0 0 0 0
1 159 1 0 0 0 0 0 0
141 1887 390 0 0 0 0 0 0
54 805 177 0 0 0 0 0 0
16 740 162 0 0 0 0 0 0
0 0 0 0 0 0 0 0 0
0 0 0 0 0 0 0 0 0
252 1990 61 0 0 0 0 0 0
173 1037 44 0 0 0 0 0 0
8 53 0 0 0 0 0 0 0
4 81 0 0 0 0 0 0 0
0 0 0 0 0 0 0 0 0
0 0 0 0 0 0 0 0 0
43 638 0 0 0 0 0 0 0
6 1691 1 0 0 0 0 0 0
20 889 0 0 0 0 0 0 0
34 974 0 0 0 0 0 0 0
0 0 0 0 0 0 0 0 0
38 948 0 0 0 0 0 0 0
161 2862 0 0 0 0 0 0 0
0 0 0 0 0 0 0 0 0
6 555 0 0 0 0 0 0 0
36 2866 70 0 0 0 0 0 0
0 0 0 0 0 0 0 0 0
80 2692 10 0 0 0 0 0 0
3 786 15 0 0 0 0 0 0
18 761 21 0 0 0 0 0 0
0 718 91 0 0 0 0 0 0
27 678 136 0 0 0 0 0 0
0 0 0 0 0 0 0 0 0
203 2047 201 0 0 0 0 0 0
187 390 169 0 0 0 0 0 0
271 312 99 0 0 0 0 0 0
581 396 113 0 0 0 0 0 0
565 394 76 0 0 0 0 0 0
0 0 0 0 0 0 0 0 0
1717 1663 153 0 0 0 0 0 0
633 511 64 0 0 0 0 0 0
470 410 77 0 0 0 0 0 0
0 0 0 0 0 0 0 0 0
1129 993 104 0 0 0 0 0 0
0 0 0 0 0 0 0 0 0
2534 716 95 0 0 0 0 0 0
2081 60 60 0 0 0 0 0 0
1934 148 129 0 0 0 0 0 0
1165 205 157 0 0 0 0 0 0
107 510 108 0 0 0 0 0 0
0 0 0 0 0 0 0 0 0
2 645 0 0 0 0 0 0 0
126 930 3 0 0 0 0 0 0
0 165 0 0 0 0 0 0 0
2 35 0 0 0 0 0 0 0
0 0 0 0 0 0 0 0 0
0 0 0 0 0 0 0 0 0
36 90 18 0 0 0 0 0 0
9 12 0 0 0 0 0 0 0
0 0 0 0 0 0 0 0 0
60 28 39 0 0 0 0 0 0
0 0 1 0 0 0 0 0 0
0 0 0 0 0 0 0 0 0
0 0 0 0 0 0 0 0 0
4 1 0 0 0 0 0 0 0
0 0 0 0 0 0 0 0 0
18 7 0 0 0 0 0 0 0
254 199 0 0 0 0 0 0 0
0 0 0 0 0 0 0 0 0
25 46 2 0 0 0 0 0 0
0 0 0 0 0 0 0 0 0
2 15 0 0 0 0 0 0 0
470 280 0 0 0 0 0 0 0
377 6 0 0 0 0 0 0 0
0 0 0 0 0 0 0 0 0
539 2 0 0 0 0 0 0 0
617 19 0 0 0 0 0 0 0
0 0 0 0 0 0 0 0 0
1357 330 0 0 0 0 0 0 0
1181 161 14 0 0 0 0 0 0
0 0 0 0 0 0 0 0 0
392 5 42 0 0 0 0 0 0
338 8 50 0 0 0 0 0 0
404 1 57 0 0 0 0 0 0
812 262 270 0 0 0 0 0 0
372 194 104 0 0 0 0 0 0
0 0 0 0 0 0 0 0 0
291 223 79 0 0 0 0 0 0
287 193 56 0 0 0 0 0 0
472 73 52 0 0 0 0 0 0
496 140 69 0 0 0 0 0 0
1171 944 278 0 0 0 0 0 0
0 0 0 0 0 0 0 0 0
1003 300 54 0 0 0 0 0 0
1042 223 59 0 0 0 0 0 0
1647 703 259 0 0 0 0 0 0
571 19 88 0 0 0 0 0 0
359 6 103 0 0 0 0 0 0
0 0 0 0 0 0 0 0 0
370 24 171 0 0 0 0 0 0
57 7 61 0 0 0 0 0 0
123 53 20 0 0 0 0 0 0
561 106 46 0 0 0 0 0 0
513 0 86 0 0 0 0 0 0
0 0 0 0 0 0 0 0 0
564 77 120 0 0 0 0 0 0
371 53 0 0 0 0 0 0 0
100 153 1 0 0 0 0 0 0
16 0 3 0 0 0 0 0 0
62 0 35 0 0 0 0 0 0
0 0 0 0 0 0 0 0 0
0 0 0 0 0 0 0 0 0
507 2 16 0 0 0 0 0 0
560 27 213 0 0 0 0 0 0
479 18 154 0 0 0 0 0 0
646 0 187 0 0 0 0 0 0
0 0 0 0 0 0 0 0 0
563 2 190 0 0 0 0 0 0
361 15 64 0 0 0 0 0 0
259 83 64 0 0 0 0 0 0
667 260 234 0 0 0 0 0 0
2655 1901 382 0 0 0 0 0 0
0 0 0 0 0 0 0 0 0
2257 953 180 0 0 0 0 0 0
2689 2314 320 0 0 0 0 0 0
1572 270 2 0 0 0 0 0 0
1202 259 3 0 0 0 0 0 0
843 248 0 0 0 0 0 0 0
0 0 0 0 0 0 0 0 0
0 0 0 0 0 0 0 0 0
1028 1745 0 0 0 0 0 0 0
58 707 0 0 0 0 0 0 0
26 937 0 0 0 0 0 0 0
0 1134 0 0 0 0 0 0 0
0 0 0 0 0 0 0 0 0
66 3313 0 0 0 0 0 0 0
0 0 0 0 0 0 0 0 0
95 5351 93 0 0 0 0 0 0
7 2884 11 0 0 0 0 0 0
0 3155 1 0 0 0 0 0 0
0 0 0 0 0 0 0 0 0
76 5077 69 0 0 0 0 0 0
7 2682 0 0 0 0 0 0 0
1 2763 0 0 0 0 0 0 0
0 2861 0 0 0 0 0 0 0
0 0 0 0 0 0 0 0 0
0 0 0 0 0 0 0 0 0
9 9727 0 0 0 0 0 0 0
17 3562 0 0 0 0 0 0 0
39 3909 0 0 0 0 0 0 0
79 4278 0 0 0 0 0 0 0
0 0 0 0 0 0 0 0 0
0 0 0 0 0 0 0 0 0
207 9315 2 0 0 0 0 0 0
20 9631 62 0 0 0 0 0 0
17 4059 19 0 0 0 0 0 0
47 3684 71 0 0 0 0 0 0
74 3394 123 0 0 0 0 0 0
0 0 0 0 0 0 0 0 0
97 3054 68 0 0 0 0 0 0
133 2879 99 0 0 0 0 0 0
142 2542 91 0 0 0 0 0 0
156 2663 98 0 0 0 0 0 0
173 2587 71 0 0 0 0 0 0
0 0 0 0 0 0 0 0 0
441 9189 301 0 0 0 0 0 0
299 3875 123 0 0 0 0 0 0
324 3345 81 0 0 0 0 0 0
241 2030 54 0 0 0 0 0 0
83 1038 0 0 0 0 0 0 0
0 0 0 0 0 0 0 0 0
643 3768 159 0 0 0 0 0 0
726 665 118 0 0 0 0 0 0
1232 596 163 0 0 0 0 0 0
1511 450 86 0 0 0 0 0 0
3386 2227 266 0 0 0 0 0 0
0 0 0 0 0 0 0 0 0
1992 180 21 0 0 0 0 0 0
0 0 0 0 0 0 0 0 0
4083 2121 2 0 0 0 0 0 0
2878 90 0 0 0 0 0 0 0
5089 462 18 0 0 0 0 0 0
0 0 0 0 0 0 0 0 0
2721 49 19 0 0 0 0 0 0
2553 27 46 0 0 0 0 0 0
2325 10 36 0 0 0 0 0 0
2074 16 19 0 0 0 0 0 0
3241 300 59 0 0 0 0 0 0
0 0 0 0 0 0 0 0 0
1046 14 0 0 0 0 0 0 0
577 6 0 0 0 0 0 0 0
61 14 0 0 0 0 0 0 0
606 266 4 0 0 0 0 0 0
9 8 0 0 0 0 0 0 0
0 0 0 0 0 0 0 0 0
185 17 0 0 0 0 0 0 0
258 4 14 0 0 0 0 0 0
1080 182 63 0 0 0 0 0 0
632 13 0 0 0 0 0 0 0
857 16 0 0 0 0 0 0 0
0 0 0 0 0 0 0 0 0
955 81 0 0 0 0 0 0 0
943 153 0 0 0 0 0 0 0
1578 1959 0 0 0 0 0 0 0
493 386 0 0 0 0 0 0 0
0 0 0 0 0 0 0 0 0
0 0 0 0 0 0 0 0 0
1051 2889 116 0 0 0 0 0 0
2118 2356 63 0 0 0 0 0 0
1003 154 39 0 0 0 0 0 0
1156 125 63 0 0 0 0 0 0
1239 66 96 0 0 0 0 0 0
0 0 0 0 0 0 0 0 0
1323 176 77 0 0 0 0 0 0
4684 5162 239 0 0 0 0 0 0
2869 4301 575 0 0 0 0 0 0
3834 4694 649 0 0 0 0 0 0
4712 4786 201 0 0 0 0 0 0
0 0 0 0 0 0 0 0 0
5849 4761 0 0 0 0 0 0 0
10599 9791 0 0 0 0 0 0 0
7311 3250 0 0 0 0 0 0 0
7713 2734 0 0 0 0 0 0 0
7836 2617 0 0 0 0 0 0 0
0 0 0 0 0 0 0 0 0
7592 2601 0 0 0 0 0 0 0
12105 8191 0 0 0 0 0 0 0
6144 4524 0 0 0 0 0 0 0
0 0 0 0 0 0 0 0 0
9623 10563 0 0 0 0 0 0 0
0 0 0 0 0 0 0 0 0
6974 11330 0 0 0 0 0 0 0
3663 3725 0 0 0 0 0 0 0
2542 3512 0 0 0 0 0 0 0
1985 3469 0 0 0 0 0 0 0
1435 4632 23 0 0 0 0 0 0
0 0 0 0 0 0 0 0 0
2966 10224 20 0 0 0 0 0 0
1324 3607 0 0 0 0 0 0 0
1570 2905 13 0 0 0 0 0 0
2071 1433 0 0 0 0 0 0 0
1996 989 2 0 0 0 0 0 0
0 0 0 0 0 0 0 0 0
2712 1979 0 0 0 0 0 0 0
1125 853 0 0 0 0 0 0 0
1001 1024 0 0 0 0 0 0 0
0 0 0 0 0 0 0 0 0
2628 3367 1 0 0 0 0 0 0
0 0 0 0 0 0 0 0 0
567 1163 8 0 0 0 0 0 0
1726 1130 2 0 0 0 0 0 0
1952 1533 0 0 0 0 0 0 0
2620 3003 4 0 0 0 0 0 0
3850 3943 20 0 0 0 0 0 0
0 0 0 0 0 0 0 0 0
8234 13414 0 0 0 0 0 0 0
5976 6481 773 0 0 0 0 0 0
6357 7721 1127 0 0 0 0 0 0
8007 9054 802 0 0 0 0 0 0
12228 19289 1135 0 0 0 0 0 0
0 0 0 0 0 0 0 0 0
6507 13227 0 0 0 0 0 0 0
7160 14503 0 0 0 0 0 0 0
5854 12557 0 0 0 0 0 0 0
5116 11428 0 0 0 0 0 0 0
7711 18911 0 0 0 0 0 0 0
0 0 0 0 0 0 0 0 0
4599 9876 0 0 0 0 0 0 0
4097 9653 0 0 0 0 0 0 0
7124 17150 1 0 0 0 0 0 0
4595 7754 0 0 0 0 0 0 0
0 0 0 0 0 0 0 0 0
0 0 0 0 0 0 0 0 0
8254 15089 24 0 0 0 0 0 0
4879 5895 0 0 0 0 0 0 0
5322 13921 13 0 0 0 0 0 0
1442 5111 0 0 0 0 0 0 0
1289 4208 0 0 0 0 0 0 0
0 0 0 0 0 0 0 0 0
883 4600 0 0 0 0 0 0 0
774 3811 0 0 0 0 0 0 0
940 2769 0 0 0 0 0 0 0
3140 6799 0 0 0 0 0 0 0
1438 2265 0 0 0 0 0 0 0
0 0 0 0 0 0 0 0 0
1410 2085 0 0 0 0 0 0 0
1477 1275 0 0 0 0 0 0 0
1250 325 0 0 0 0 0 0 0
3700 1379 0 0 0 0 0 0 0
1819 574 0 0 0 0 0 0 0
0 0 0 0 0 0 0 0 0
1537 260 0 0 0 0 0 0 0
1665 603 0 0 0 0 0 0 0
3451 2247 0 0 0 0 0 0 0
826 471 0 0 0 0 0 0 0
0 0 0 0 0 0 0 0 0
0 0 0 0 0 0 0 0 0
1536 1850 1 0 0 0 0 0 0
170 493 0 0 0 0 0 0 0
2286 2361 0 0 0 0 0 0 0
2580 802 0 0 0 0 0 0 0
2871 996 0 0 0 0 0 0 0
0 0 0 0 0 0 0 0 0
1682 1278 0 0 0 0 0 0 0
1229 1581 0 0 0 0 0 0 0
1301 3318 0 0 0 0 0 0 0
125 1258 0 0 0 0 0 0 0
146 291 0 0 0 0 0 0 0
0 0 0 0 0 0 0 0 0
351 340 1 0 0 0 0 0 0
1740 3339 0 0 0 0 0 0 0
1419 3766 0 0 0 0 0 0 0
1176 6002 0 0 0 0 0 0 0
1865 8692 0 0 0 0 0 0 0
0 0 0 0 0 0 0 0 0
0 0 0 0 0 0 0 0 0
5021 34546 0 0 0 0 0 0 0
1917 16638 0 0 0 0 0 0 0
1516 12854 0 0 0 0 0 0 0
1105 6361 0 0 0 0 0 0 0
0 0 0 0 0 0 0 0 0
1115 3826 0 0 0 0 0 0 0
1169 2554 0 0 0 0 0 0 0
3589 6634 0 0 0 0 0 0 0
0 0 0 0 0 0 0 0 0
2203 5895 0 0 0 0 0 0 0
0 0 0 0 0 0 0 0 0
1241 1576 0 0 0 0 0 0 0
3778 3928 2 0 0 0 0 0 0
1763 1694 0 0 0 0 0 0 0
1617 1507 0 0 0 0 0 0 0
1726 1338 1 0 0 0 0 0 0
0 0 0 0 0 0 0 0 0
3155 4696 0 0 0 0 0 0 0
2014 5132 0 0 0 0 0 0 0
1566 6078 0 0 0 0 0 0 0
0 0 0 0 0 0 0 0 0
2433 5806 0 0 0 0 0 0 0
0 0 0 0 0 0 0 0 0
2708 4824 0 0 0 0 0 0 0
6313 8437 0 0 0 0 0 0 0
4259 2489 0 0 0 0 0 0 0
5039 2663 0 0 0 0 0 0 0
4623 2757 0 0 0 0 0 0 0
0 0 0 0 0 0 0 0 0
3805 3378 0 0 0 0 0 0 0
8312 9248 0 0 0 0 0 0 0
4077 3449 0 0 0 0 0 0 0
6939 8684 1 0 0 0 0 0 0
0 0 0 0 0 0 0 0 0
0 0 0 0 0 0 0 0 0
5966 7743 28 0 0 0 0 0 0
2558 2724 30 0 0 0 0 0 0
0 0 0 0 0 0 0 0 0
6030 9726 922 0 0 0 0 0 0
983 1237 462 0 0 0 0 0 0
0 0 0 0 0 0 0 0 0
917 862 345 0 0 0 0 0 0
845 533 261 0 0 0 0 0 0
791 394 143 0 0 0 0 0 0
3010 1183 110 0 0 0 0 0 0
0 0 0 0 0 0 0 0 0
0 0 0 0 0 0 0 0 0
2189 1099 47 0 0 0 0 0 0
143 627 15 0 0 0 0 0 0
176 893 14 0 0 0 0 0 0
356 3910 172 0 0 0 0 0 0
8 145 0 0 0 0 0 0 0
0 0 0 0 0 0 0 0 0
25 47 4 0 0 0 0 0 0
69 80 37 0 0 0 0 0 0
121 14 4 0 0 0 0 0 0
1642 264 52 0 0 0 0 0 0
599 26 114 0 0 0 0 0 0
0 0 0 0 0 0 0 0 0
683 9 20 0 0 0 0 0 0
880 15 0 0 0 0 0 0 0
1784 181 3 0 0 0 0 0 0
72 3 7 0 0 0 0 0 0
20 10 1 0 0 0 0 0 0
0 0 0 0 0 0 0 0 0
12 8 2 0 0 0 0 0 0
0 0 0 0 0 0 0 0 0
395 825 215 0 0 0 0 0 0
22 2 0 0 0 0 0 0 0
4 0 0 0 0 0 0 0 0
0 0 0 0 0 0 0 0 0
15 0 0 0 0 0 0 0 0
22 0 0 0 0 0 0 0 0
322 19 3 0 0 0 0 0 0
427 3 49 0 0 0 0 0 0
986 0 47 0 0 0 0 0 0
0 0 0 0 0 0 0 0 0
1092 0 68 0 0 0 0 0 0
239 2 37 0 0 0 0 0 0
671 0 4 0 0 0 0 0 0
410 4 23 0 0 0 0 0 0
282 0 5 0 0 0 0 0 0
0 0 0 0 0 0 0 0 0
244 0 69 0 0 0 0 0 0
620 5 109 0 0 0 0 0 0
114 0 27 0 0 0 0 0 0
150 0 39 0 0 0 0 0 0
118 0 64 0 0 0 0 0 0
0 0 0 0 0 0 0 0 0
196 0 62 0 0 0 0 0 0
1787 0 481 0 0 0 0 0 0
0 0 0 0 0 0 0 0 0
2570 5 659 0 0 0 0 0 0
1319 0 338 0 0 0 0 0 0
0 0 0 0 0 0 0 0 0
2829 34 517 0 0 0 0 0 0
787 0 141 0 0 0 0 0 0
356 2 20 0 0 0 0 0 0
164 1 6 0 0 0 0 0 0
202 0 5 0 0 0 0 0 0
0 0 0 0 0 0 0 0 0
1155 10 0 0 0 0 0 0 0
0 0 0 0 0 0 0 0 0
1669 8 0 0 0 0 0 0 0
325 0 0 0 0 0 0 0 0
45 2 0 0 0 0 0 0 0
0 0 0 0 0 0 0 0 0
43 0 0 0 0 0 0 0 0
45 0 0 0 0 0 0 0 0
53 0 0 0 0 0 0 0 0
80 0 0 0 0 0 0 0 0
66 0 0 0 0 0 0 0 0
0 0 0 0 0 0 0 0 0
445 15 30 0 0 0 0 0 0
514 5 14 0 0 0 0 0 0
312 0 0 0 0 0 0 0 0
64 0 0 0 0 0 0 0 0
767 1 57 0 0 0 0 0 0
0 0 0 0 0 0 0 0 0
175 0 50 0 0 0 0 0 0
36 0 38 0 0 0 0 0 0
32 3 0 0 0 0 0 0 0
61 0 0 0 0 0 0 0 0
582 0 54 0 0 0 0 0 0
0 0 0 0 0 0 0 0 0
0 0 0 0 0 0 0 0 0
690 1 69 0 0 0 0 0 0
23 0 12 0 0 0 0 0 0
112 0 0 0 0 0 0 0 0
1194 20 168 0 0 0 0 0 0
0 0 0 0 0 0 0 0 0
0 0 0 0 0 0 0 0 0
1946 5 110 0 0 0 0 0 0
830 2 87 0 0 0 0 0 0
1183 30 78 0 0 0 0 0 0
393 0 38 0 0 0 0 0 0
0 0 0 0 0 0 0 0 0
801 1 93 0 0 0 0 0 0
573 0 29 0 0 0 0 0 0
447 0 7 0 0 0 0 0 0
972 5 33 0 0 0 0 0 0
205 0 0 0 0 0 0 0 0
0 0 0 0 0 0 0 0 0
371 0 0 0 0 0 0 0 0
559 0 0 0 0 0 0 0 0
0 0 0 0 0 0 0 0 0
2935 1 97 0 0 0 0 0 0
379 0 16 0 0 0 0 0 0
0 0 0 0 0 0 0 0 0
551 0 1 0 0 0 0 0 0
890 0 0 0 0 0 0 0 0
863 0 0 0 0 0 0 0 0
2286 3 3 0 0 0 0 0 0
0 0 0 0 0 0 0 0 0
0 0 0 0 0 0 0 0 0
1531 32 15 0 0 0 0 0 0
1210 10 0 0 0 0 0 0 0
1907 24 3 0 0 0 0 0 0
2443 0 10 0 0 0 0 0 0
4664 102 87 0 0 0 0 0 0
0 0 0 0 0 0 0 0 0
0 0 0 0 0 0 0 0 0
4784 96 243 0 0 0 0 0 0
4285 61 266 0 0 0 0 0 0
1923 1 75 0 0 0 0 0 0
1847 0 59 0 0 0 0 0 0
0 0 0 0 0 0 0 0 0
1653 0 52 0 0 0 0 0 0
1358 0 39 0 0 0 0 0 0
2171 6 124 0 0 0 0 0 0
0 0 0 0 0 0 0 0 0
1582 14 125 0 0 0 0 0 0
0 0 0 0 0 0 0 0 0
1104 0 143 0 0 0 0 0 0
1110 23 212 0 0 0 0 0 0
2211 149 403 0 0 0 0 0 0
0 0 0 0 0 0 0 0 0
1275 128 108 0 0 0 0 0 0
0 0 0 0 0 0 0 0 0
519 8 17 0 0 0 0 0 0
425 9 0 0 0 0 0 0 0
477 148 3 0 0 0 0 0 0
49 0 2 0 0 0 0 0 0
0 0 0 0 0 0 0 0 0
0 0 0 0 0 0 0 0 0
371 5 14 0 0 0 0 0 0
591 13 24 0 0 0 0 0 0
69 0 1 0 0 0 0 0 0
21 1 6 0 0 0 0 0 0
35 10 6 0 0 0 0 0 0
0 0 0 0 0 0 0 0 0
83 4 3 0 0 0 0 0 0
684 90 38 0 0 0 0 0 0
465 0 17 0 0 0 0 0 0
0 0 0 0 0 0 0 0 0
1341 166 55 0 0 0 0 0 0
0 0 0 0 0 0 0 0 0
0 0 0 0 0 0 0 0 0
1709 335 85 0 0 0 0 0 0
753 46 6 0 0 0 0 0 0
720 20 29 0 0 0 0 0 0
1123 0 82 0 0 0 0 0 0
0 0 0 0 0 0 0 0 0
3018 4 251 0 0 0 0 0 0
1325 8 9 0 0 0 0 0 0
1244 0 7 0 0 0 0 0 0
1260 1 14 0 0 0 0 0 0
1038 0 12 0 0 0 0 0 0
0 0 0 0 0 0 0 0 0
1581 8 119 0 0 0 0 0 0
480 0 149 0 0 0 0 0 0
0 0 0 0 0 0 0 0 0
977 47 134 0 0 0 0 0 0
1276 43 213 0 0 0 0 0 0
0 0 0 0 0 0 0 0 0
681 4 73 0 0 0 0 0 0
760 3 40 0 0 0 0 0 0
799 10 31 0 0 0 0 0 0
961 1 73 0 0 0 0 0 0
1055 8 88 0 0 0 0 0 0
0 0 0 0 0 0 0 0 0
2630 106 143 0 0 0 0 0 0
0 0 0 0 0 0 0 0 0
2883 33 259 0 0 0 0 0 0
836 10 85 0 0 0 0 0 0
2334 7 565 0 0 0 0 0 0
0 0 0 0 0 0 0 0 0
1197 8 420 0 0 0 0 0 0
1254 2 502 0 0 0 0 0 0
1196 5 477 0 0 0 0 0 0
1887 6 515 0 0 0 0 0 0
3288 11 601 0 0 0 0 0 0
0 0 0 0 0 0 0 0 0
1097 0 194 0 0 0 0 0 0
1255 2 150 0 0 0 0 0 0
1311 0 202 0 0 0 0 0 0
1703 1 263 0 0 0 0 0 0
409 0 113 0 0 0 0 0 0
0 0 0 0 0 0 0 0 0
0 0 0 0 0 0 0 0 0
894 194 282 0 0 0 0 0 0
166 6 34 0 0 0 0 0 0
132 4 0 0 0 0 0 0 0
1151 71 16 0 0 0 0 0 0
0 0 0 0 0 0 0 0 0
780 4 109 0 0 0 0 0 0
0 0 0 0 0 0 0 0 0
3830 289 321 0 0 0 0 0 0
1351 0 115 0 0 0 0 0 0
1181 2 83 0 0 0 0 0 0
0 0 0 0 0 0 0 0 0
1371 0 51 0 0 0 0 0 0
1199 0 0 0 0 0 0 0 0
2753 14 92 0 0 0 0 0 0
751 0 92 0 0 0 0 0 0
576 0 127 0 0 0 0 0 0
0 0 0 0 0 0 0 0 0
569 3 156 0 0 0 0 0 0
813 0 279 0 0 0 0 0 0
748 0 352 0 0 0 0 0 0
1771 6 376 0 0 0 0 0 0
319 0 2 0 0 0 0 0 0
0 0 0 0 0 0 0 0 0
413 6 2 0 0 0 0 0 0
0 0 0 0 0 0 0 0 0
2362 118 9 0 0 0 0 0 0
1940 60 32 0 0 0 0 0 0
425 2 28 0 0 0 0 0 0
0 0 0 0 0 0 0 0 0
363 0 60 0 0 0 0 0 0
236 13 58 0 0 0 0 0 0
2457 151 93 0 0 0 0 0 0
266 0 16 0 0 0 0 0 0
244 1 29 0 0 0 0 0 0
0 0 0 0 0 0 0 0 0
352 3 69 0 0 0 0 0 0
302 12 100 0 0 0 0 0 0
623 7 149 0 0 0 0 0 0
141 1 59 0 0 0 0 0 0
154 1 83 0 0 0 0 0 0
0 0 0 0 0 0 0 0 0
259 0 80 0 0 0 0 0 0
2063 0 266 0 0 0 0 0 0
689 0 103 0 0 0 0 0 0
1334 0 213 0 0 0 0 0 0
0 0 0 0 0 0 0 0 0
0 0 0 0 0 0 0 0 0
1561 0 264 0 0 0 0 0 0
3420 2 238 0 0 0 0 0 0
434 1 61 0 0 0 0 0 0
121 0 36 0 0 0 0 0 0
294 0 94 0 0 0 0 0 0
0 0 0 0 0 0 0 0 0
1436 4 267 0 0 0 0 0 0
1047 0 186 0 0 0 0 0 0
1155 0 32 0 0 0 0 0 0
408 5 0 0 0 0 0 0 0
220 3 7 0 0 0 0 0 0
0 0 0 0 0 0 0 0 0
522 16 1 0 0 0 0 0 0
133 0 0 0 0 0 0 0 0
129 0 0 0 0 0 0 0 0
2 0 0 0 0 0 0 0 0
33 0 0 0 0 0 0 0 0
0 0 0 0 0 0 0 0 0
455 46 7 0 0 0 0 0 0
227 0 0 0 0 0 0 0 0
0 0 0 0 0 0 0 0 0
1184 66 43 0 0 0 0 0 0
177 3 76 0 0 0 0 0 0
0 0 0 0 0 0 0 0 0
185 0 84 0 0 0 0 0 0
1969 103 145 0 0 0 0 0 0
1206 36 163 0 0 0 0 0 0
1751 30 132 0 0 0 0 0 0
5285 0 158 0 0 0 0 0 0
0 0 0 0 0 0 0 0 0
3025 30 14 0 0 0 0 0 0
3629 52 0 0 0 0 0 0 0
0 0 0 0 0 0 0 0 0
6983 21 16 0 0 0 0 0 0
4375 0 180 0 0 0 0 0 0
0 0 0 0 0 0 0 0 0
2255 0 148 0 0 0 0 0 0
3145 0 135 0 0 0 0 0 0
1442 0 122 0 0 0 0 0 0
723 0 33 0 0 0 0 0 0
3514 15 72 0 0 0 0 0 0
0 0 0 0 0 0 0 0 0
1778 0 87 0 0 0 0 0 0
0 0 0 0 0 0 0 0 0
1988 1 49 0 0 0 0 0 0
1330 0 4 0 0 0 0 0 0
3306 7 0 0 0 0 0 0 0
0 0 0 0 0 0 0 0 0
2392 0 0 0 0 0 0 0 0
3037 0 0 0 0 0 0 0 0
3220 0 0 0 0 0 0 0 0
1565 1 0 0 0 0 0 0 0
2123 1 0 0 0 0 0 0 0
0 0 0 0 0 0 0 0 0
2331 0 0 0 0 0 0 0 0
2026 2 0 0 0 0 0 0 0
1950 2 0 0 0 0 0 0 0
2128 34 0 0 0 0 0 0 0
4238 259 0 0 0 0 0 0 0
0 0 0 0 0 0 0 0 0
0 0 0 0 0 0 0 0 0
4559 415 0 0 0 0 0 0 0
2215 99 0 0 0 0 0 0 0
5055 324 0 0 0 0 0 0 0
1568 22 0 0 0 0 0 0 0
0 0 0 0 0 0 0 0 0
1184 51 0 0 0 0 0 0 0
930 1 0 0 0 0 0 0 0
3829 38 0 0 0 0 0 0 0
897 0 0 0 0 0 0 0 0
1785 0 0 0 0 0 0 0 0
0 0 0 0 0 0 0 0 0
2303 0 0 0 0 0 0 0 0
2909 0 0 0 0 0 0 0 0
3573 0 0 0 0 0 0 0 0
7188 14 0 0 0 0 0 0 0
4828 2 0 0 0 0 0 0 0
0 0 0 0 0 0 0 0 0
4920 0 0 0 0 0 0 0 0
7544 132 0 0 0 0 0 0 0
4069 1 0 0 0 0 0 0 0
4007 1 0 0 0 0 0 0 0
3635 0 0 0 0 0 0 0 0
0 0 0 0 0 0 0 0 0
3320 7 0 0 0 0 0 0 0
5488 32 10 0 0 0 0 0 0
0 0 0 0 0 0 0 0 0
2775 2 61 0 0 0 0 0 0
2251 0 80 0 0 0 0 0 0
0 0 0 0 0 0 0 0 0
1587 1 82 0 0 0 0 0 0
2562 6 117 0 0 0 0 0 0
0 0 0 0 0 0 0 0 0
1008 0 13 0 0 0 0 0 0
31 0 0 0 0 0 0 0 0
0 0 0 0 0 0 0 0 0
966 0 48 0 0 0 0 0 0
655 1 38 0 0 0 0 0 0
1079 0 77 0 0 0 0 0 0
1463 0 80 0 0 0 0 0 0
1799 0 67 0 0 0 0 0 0
0 0 0 0 0 0 0 0 0
2066 0 37 0 0 0 0 0 0
4969 0 6 0 0 0 0 0 0
2703 0 0 0 0 0 0 0 0
2797 0 0 0 0 0 0 0 0
2814 0 0 0 0 0 0 0 0
0 0 0 0 0 0 0 0 0
5976 0 0 0 0 0 0 0 0
3179 0 0 0 0 0 0 0 0
3366 0 0 0 0 0 0 0 0
3389 0 0 0 0 0 0 0 0
0 0 0 0 0 0 0 0 0
0 0 0 0 0 0 0 0 0
6416 0 0 0 0 0 0 0 0
5878 1 0 0 0 0 0 0 0
2964 0 0 0 0 0 0 0 0
3790 0 0 0 0 0 0 0 0
4225 0 6 0 0 0 0 0 0
0 0 0 0 0 0 0 0 0
4065 0 9 0 0 0 0 0 0
6364 0 0 0 0 0 0 0 0
2096 0 0 0 0 0 0 0 0
1622 0 0 0 0 0 0 0 0
1819 0 0 0 0 0 0 0 0
0 0 0 0 0 0 0 0 0
4754 0 0 0 0 0 0 0 0
1976 0 0 0 0 0 0 0 0
2233 0 42 0 0 0 0 0 0
0 0 0 0 0 0 0 0 0
5961 22 249 0 0 0 0 0 0
0 0 0 0 0 0 0 0 0
1121 0 115 0 0 0 0 0 0
1203 1 105 0 0 0 0 0 0
1249 0 132 0 0 0 0 0 0
1470 1 274 0 0 0 0 0 0
4530 1 411 0 0 0 0 0 0
0 0 0 0 0 0 0 0 0
1777 0 185 0 0 0 0 0 0
1127 0 4 0 0 0 0 0 0
0 0 0 0 0 0 0 0 0
1643 0 31 0 0 0 0 0 0
1383 0 245 0 0 0 0 0 0
0 0 0 0 0 0 0 0 0
983 0 35 0 0 0 0 0 0
1031 3 0 0 0 0 0 0 0
728 0 4 0 0 0 0 0 0
451 0 0 0 0 0 0 0 0
1711 0 191 0 0 0 0 0 0
0 0 0 0 0 0 0 0 0
0 0 0 0 0 0 0 0 0
2009 0 213 0 0 0 0 0 0
312 0 35 0 0 0 0 0 0
1246 0 62 0 0 0 0 0 0
230 0 0 0 0 0 0 0 0
0 0 0 0 0 0 0 0 0
234 0 0 0 0 0 0 0 0
180 1 0 0 0 0 0 0 0
1277 1 0 0 0 0 0 0 0
1106 0 0 0 0 0 0 0 0
0 0 0 0 0 0 0 0 0
0 0 0 0 0 0 0 0 0
2767 1 1 0 0 0 0 0 0
1569 0 0 0 0 0 0 0 0
3805 0 0 0 0 0 0 0 0
1465 0 0 0 0 0 0 0 0
1261 0 0 0 0 0 0 0 0
0 0 0 0 0 0 0 0 0
1150 0 0 0 0 0 0 0 0
0 0 0 0 0 0 0 0 0
4520 0 8 0 0 0 0 0 0
1658 0 0 0 0 0 0 0 0
2550 0 0 0 0 0 0 0 0
0 0 0 0 0 0 0 0 0
3364 0 0 0 0 0 0 0 0
4416 0 0 0 0 0 0 0 0
6271 0 0 0 0 0 0 0 0
5679 0 0 0 0 0 0 0 0
5580 0 0 0 0 0 0 0 0
0 0 0 0 0 0 0 0 0
5564 0 0 0 0 0 0 0 0
8713 0 0 0 0 0 0 0 0
4207 0 0 0 0 0 0 0 0
3338 0 0 0 0 0 0 0 0
2660 0 0 0 0 0 0 0 0
0 0 0 0 0 0 0 0 0
1548 0 0 0 0 0 0 0 0
1542 9 0 0 0 0 0 0 0
0 0 0 0 0 0 0 0 0
1671 14 0 0 0 0 0 0 0
708 0 0 0 0 0 0 0 0
0 0 0 0 0 0 0 0 0
700 2 0 0 0 0 0 0 0
1103 0 0 0 0 0 0 0 0
465 0 0 0 0 0 0 0 0
716 5 0 0 0 0 0 0 0
1107 0 0 0 0 0 0 0 0
0 0 0 0 0 0 0 0 0
0 0 0 0 0 0 0 0 0
4991 42 0 0 0 0 0 0 0
8461 1 0 0 0 0 0 0 0
6179 0 0 0 0 0 0 0 0
6108 0 0 0 0 0 0 0 0
0 0 0 0 0 0 0 0 0
4756 0 0 0 0 0 0 0 0
4287 0 17 0 0 0 0 0 0
7224 2 12 0 0 0 0 0 0
3427 0 8 0 0 0 0 0 0
3347 0 7 0 0 0 0 0 0
0 0 0 0 0 0 0 0 0
5974 0 24 0 0 0 0 0 0
2601 1 0 0 0 0 0 0 0
2207 0 0 0 0 0 0 0 0
1535 0 0 0 0 0 0 0 0
1015 0 0 0 0 0 0 0 0
0 0 0 0 0 0 0 0 0
2504 85 0 0 0 0 0 0 0
986 0 0 0 0 0 0 0 0
1218 1 3 0 0 0 0 0 0
1200 0 2 0 0 0 0 0 0
1398 5 0 0 0 0 0 0 0
0 0 0 0 0 0 0 0 0
3580 15 31 0 0 0 0 0 0
1802 0 104 0 0 0 0 0 0
1962 0 99 0 0 0 0 0 0
3653 0 41 0 0 0 0 0 0
990 0 5 0 0 0 0 0 0
0 0 0 0 0 0 0 0 0
817 0 2 0 0 0 0 0 0
0 0 0 0 0 0 0 0 0
2471 0 41 0 0 0 0 0 0
873 0 28 0 0 0 0 0 0
2302 0 235 0 0 0 0 0 0
0 0 0 0 0 0 0 0 0
461 0 129 0 0 0 0 0 0
781 0 49 0 0 0 0 0 0
883 0 25 0 0 0 0 0 0
1577 1 13 0 0 0 0 0 0
247 0 0 0 0 0 0 0 0
0 0 0 0 0 0 0 0 0
350 0 0 0 0 0 0 0 0
385 0 0 0 0 0 0 0 0
406 0 0 0 0 0 0 0 0
433 0 0 0 0 0 0 0 0
1743 0 1 0 0 0 0 0 0
0 0 0 0 0 0 0 0 0
423 1 1 0 0 0 0 0 0
388 0 0 0 0 0 0 0 0
269 0 0 0 0 0 0 0 0
1590 5 0 0 0 0 0 0 0
414 0 1 0 0 0 0 0 0
0 0 0 0 0 0 0 0 0
610 0 0 0 0 0 0 0 0
780 0 0 0 0 0 0 0 0
594 0 0 0 0 0 0 0 0
415 0 0 0 0 0 0 0 0
934 0 13 0 0 0 0 0 0
0 0 0 0 0 0 0 0 0
95 0 7 0 0 0 0 0 0
138 0 1 0 0 0 0 0 0
939 0 9 0 0 0 0 0 0
68 0 0 0 0 0 0 0 0
43 0 0 0 0 0 0 0 0
0 0 0 0 0 0 0 0 0
0 0 0 0 0 0 0 0 0
8 0 0 0 0 0 0 0 0
509 2 1 0 0 0 0 0 0
451 0 0 0 0 0 0 0 0
300 0 0 0 0 0 0 0 0
0 0 0 0 0 0 0 0 0
143 0 0 0 0 0 0 0 0
82 0 0 0 0 0 0 0 0
426 0 0 0 0 0 0 0 0
168 0 0 0 0 0 0 0 0
235 0 0 0 0 0 0 0 0
0 0 0 0 0 0 0 0 0
0 0 0 0 0 0 0 0 0
1614 25 0 0 0 0 0 0 0
1932 0 0 0 0 0 0 0 0
902 0 0 0 0 0 0 0 0
1077 0 0 0 0 0 0 0 0
0 0 0 0 0 0 0 0 0
1089 0 1 0 0 0 0 0 0
2307 0 4 0 0 0 0 0 0
624 1 0 0 0 0 0 0 0
662 0 0 0 0 0 0 0 0
673 0 0 0 0 0 0 0 0
0 0 0 0 0 0 0 0 0
704 0 0 0 0 0 0 0 0
2506 10 0 0 0 0 0 0 0
667 0 5 0 0 0 0 0 0
753 1 106 0 0 0 0 0 0
742 0 111 0 0 0 0 0 0
0 0 0 0 0 0 0 0 0
0 0 0 0 0 0 0 0 0
0 0 0 0 0 0 0 0 0
0 0 0 0 0 0 0 0 0
0 0 0 0 0 0 0 0 0
0 0 0 0 0 0 0 0 0
0 0 0 0 0 0 0 0 0
0 0 0 0 0 0 0 0 0
3641 1070 69 0 0 0 0 0 0
1 0 0 0 0 0 0 0 0
1 0 0 0 0 0 0 0 0
2 0 0 0 0 0 0 0 0
0 0 0 0 0 0 0 0 0
27 0 3 0 0 0 0 0 0
159 0 0 0 0 0 0 0 0
1353 0 53 0 0 0 0 0 0
520 0 87 0 0 0 0 0 0
952 1 157 0 0 0 0 0 0
0 0 0 0 0 0 0 0 0
4306 2 443 0 0 0 0 0 0
3596 0 30 0 0 0 0 0 0
4346 0 0 0 0 0 0 0 0
4282 2 0 0 0 0 0 0 0
5192 0 0 0 0 0 0 0 0
0 0 0 0 0 0 0 0 0
6576 0 0 0 0 0 0 0 0
12334 0 0 0 0 0 0 0 0
9640 0 0 0 0 0 0 0 0
10860 0 0 0 0 0 0 0 0
13925 0 0 0 0 0 0 0 0
0 0 0 0 0 0 0 0 0
5394 0 0 0 0 0 0 0 0
4387 0 0 0 0 0 0 0 0
4958 0 0 0 0 0 0 0 0
0 0 0 0 0 0 0 0 0
6803 0 0 0 0 0 0 0 0
0 0 0 0 0 0 0 0 0
1533 0 0 0 0 0 0 0 0
849 0 0 0 0 0 0 0 0
991 0 0 0 0 0 0 0 0
1915 0 0 0 0 0 0 0 0
6845 15 0 0 0 0 0 0 0
0 0 0 0 0 0 0 0 0
3373 0 0 0 0 0 0 0 0
2422 1 0 0 0 0 0 0 0
4364 0 0 0 0 0 0 0 0
6827 3 0 0 0 0 0 0 0
6440 0 0 0 0 0 0 0 0
0 0 0 0 0 0 0 0 0
5122 0 0 0 0 0 0 0 0
6327 0 0 0 0 0 0 0 0
0 0 0 0 0 0 0 0 0
8501 67 0 0 0 0 0 0 0
2806 0 0 0 0 0 0 0 0
0 0 0 0 0 0 0 0 0
3142 0 0 0 0 0 0 0 0
4438 0 0 0 0 0 0 0 0
4309 0 0 0 0 0 0 0 0
4390 0 0 0 0 0 0 0 0
4392 0 0 0 0 0 0 0 0
0 0 0 0 0 0 0 0 0
4152 0 0 0 0 0 0 0 0
6264 0 0 0 0 0 0 0 0
8831 0 0 0 0 0 0 0 0
13958 1 0 0 0 0 0 0 0
6794 2 0 0 0 0 0 0 0
0 0 0 0 0 0 0 0 0
6095 0 0 0 0 0 0 0 0
6710 9 0 0 0 0 0 0 0
0 0 0 0 0 0 0 0 0
10740 30 0 0 0 0 0 0 0
3682 0 0 0 0 0 0 0 0
0 0 0 0 0 0 0 0 0
0 0 0 0 0 0 0 0 0
5901 29 0 0 0 0 0 0 0
3615 0 0 0 0 0 0 0 0
3516 0 0 0 0 0 0 0 0
3155 0 0 0 0 0 0 0 0
0 0 0 0 0 0 0 0 0
4498 0 0 0 0 0 0 0 0
5954 2 0 0 0 0 0 0 0
5903 0 0 0 0 0 0 0 0
7536 0 0 0 0 0 0 0 0
3130 0 0 0 0 0 0 0 0
0 0 0 0 0 0 0 0 0
3571 4 0 0 0 0 0 0 0
3706 214 0 0 0 0 0 0 0
8929 5251 2 0 0 0 0 0 0
3748 6573 203 0 0 0 0 0 0
2289 8140 130 0 0 0 0 0 0
0 0 0 0 0 0 0 0 0
1474 8769 80 0 0 0 0 0 0
0 0 0 0 0 0 0 0 0
3334 23254 575 0 0 0 0 0 0
733 13268 430 0 0 0 0 0 0
684 14269 166 0 0 0 0 0 0
0 0 0 0 0 0 0 0 0
441 14546 125 0 0 0 0 0 0
875 24192 85 0 0 0 0 0 0
0 0 0 0 0 0 0 0 0
812 21076 0 0 0 0 0 0 0
296 8867 0 0 0 0 0 0 0
0 0 0 0 0 0 0 0 0
341 8547 1 0 0 0 0 0 0
1200 16186 8 0 0 0 0 0 0
176 6799 4 0 0 0 0 0 0
151 7011 4 0 0 0 0 0 0
118 7480 0 0 0 0 0 0 0
0 0 0 0 0 0 0 0 0
68 7430 0 0 0 0 0 0 0
359 11782 0 0 0 0 0 0 0
85 3721 0 0 0 0 0 0 0
1 3215 0 0 0 0 0 0 0
326 5581 25 0 0 0 0 0 0
0 0 0 0 0 0 0 0 0
130 3662 0 0 0 0 0 0 0
34 3298 0 0 0 0 0 0 0
0 0 0 0 0 0 0 0 0
1206 4131 0 0 0 0 0 0 0
990 1236 0 0 0 0 0 0 0
0 0 0 0 0 0 0 0 0
5096 5323 17 0 0 0 0 0 0
3234 3164 2 0 0 0 0 0 0
3159 997 3 0 0 0 0 0 0
3540 3834 2 0 0 0 0 0 0
3228 3519 0 0 0 0 0 0 0
0 0 0 0 0 0 0 0 0
3025 3125 7 0 0 0 0 0 0
5585 4150 13 0 0 0 0 0 0
3636 2353 0 0 0 0 0 0 0
3663 2774 2 0 0 0 0 0 0
3704 2101 6 0 0 0 0 0 0
0 0 0 0 0 0 0 0 0
3322 3546 20 0 0 0 0 0 0
6807 4272 59 0 0 0 0 0 0
3755 1409 18 0 0 0 0 0 0
7296 5095 49 0 0 0 0 0 0
3757 3320 13 0 0 0 0 0 0
0 0 0 0 0 0 0 0 0
0 0 0 0 0 0 0 0 0
7418 4290 0 0 0 0 0 0 0
3763 4607 0 0 0 0 0 0 0
6721 3354 3 0 0 0 0 0 0
3635 1953 0 0 0 0 0 0 0
0 0 0 0 0 0 0 0 0
3622 3284 0 0 0 0 0 0 0
3128 4033 0 0 0 0 0 0 0
2608 4099 0 0 0 0 0 0 0
2276 3273 0 0 0 0 0 0 0
1745 5153 7 0 0 0 0 0 0
0 0 0 0 0 0 0 0 0
1334 2795 39 0 0 0 0 0 0
1510 2071 37 0 0 0 0 0 0
1255 3604 15 0 0 0 0 0 0
1153 6107 2 0 0 0 0 0 0
1660 11486 41 0 0 0 0 0 0
0 0 0 0 0 0 0 0 0
830 8795 13 0 0 0 0 0 0
1062 8142 17 0 0 0 0 0 0
0 0 0 0 0 0 0 0 0
2755 10150 2 0 0 0 0 0 0
4480 4902 12 0 0 0 0 0 0
0 0 0 0 0 0 0 0 0
2114 1655 0 0 0 0 0 0 0
6727 6160 93 0 0 0 0 0 0
0 0 0 0 0 0 0 0 0
8090 10083 236 0 0 0 0 0 0
4995 6108 69 0 0 0 0 0 0
0 0 0 0 0 0 0 0 0
5276 6534 47 0 0 0 0 0 0
5883 6626 6 0 0 0 0 0 0
9678 12824 0 0 0 0 0 0 0
6405 5945 0 0 0 0 0 0 0
6588 5862 0 0 0 0 0 0 0
0 0 0 0 0 0 0 0 0
6201 5665 0 0 0 0 0 0 0
6037 5048 0 0 0 0 0 0 0
8977 9983 0 0 0 0 0 0 0
4871 3801 0 0 0 0 0 0 0
4338 3813 0 0 0 0 0 0 0
0 0 0 0 0 0 0 0 0
3883 4218 0 0 0 0 0 0 0
3367 4025 0 0 0 0 0 0 0
5653 8838 0 0 0 0 0 0 0
0 0 0 0 0 0 0 0 0
4971 5766 0 0 0 0 0 0 0
0 0 0 0 0 0 0 0 0
2673 949 0 0 0 0 0 0 0
2415 909 0 0 0 0 0 0 0
4530 2412 0 0 0 0 0 0 0
2621 769 0 0 0 0 0 0 0
2557 750 0 0 0 0 0 0 0
0 0 0 0 0 0 0 0 0
2325 544 0 0 0 0 0 0 0
1808 409 0 0 0 0 0 0 0
2250 1068 0 0 0 0 0 0 0
730 161 0 0 0 0 0 0 0
104 131 0 0 0 0 0 0 0
0 0 0 0 0 0 0 0 0
65 196 0 0 0 0 0 0 0
211 734 0 0 0 0 0 0 0
39 15 0 0 0 0 0 0 0
63 57 0 0 0 0 0 0 0
284 37 0 0 0 0 0 0 0
0 0 0 0 0 0 0 0 0
964 72 0 0 0 0 0 0 0
2880 640 0 0 0 0 0 0 0
2295 0 0 0 0 0 0 0 0
3086 0 0 0 0 0 0 0 0
3813 1 0 0 0 0 0 0 0
0 0 0 0 0 0 0 0 0
0 0 0 0 0 0 0 0 0
7460 75 0 0 0 0 0 0 0
3192 17 0 0 0 0 0 0 0
2751 51 0 0 0 0 0 0 0
2331 43 0 0 0 0 0 0 0
0 0 0 0 0 0 0 0 0
5386 518 0 0 0 0 0 0 0
0 0 0 0 0 0 0 0 0
7177 423 0 0 0 0 0 0 0
5152 8 0 0 0 0 0 0 0
3628 6 0 0 0 0 0 0 0
0 0 0 0 0 0 0 0 0
5040 25 0 0 0 0 0 0 0
2364 10 0 0 0 0 0 0 0
1661 0 0 0 0 0 0 0 0
2729 29 0 0 0 0 0 0 0
768 0 0 0 0 0 0 0 0
0 0 0 0 0 0 0 0 0
721 2 0 0 0 0 0 0 0
807 9 0 0 0 0 0 0 0
717 0 0 0 0 0 0 0 0
877 3 0 0 0 0 0 0 0
2362 24 0 0 0 0 0 0 0
0 0 0 0 0 0 0 0 0
1895 0 0 0 0 0 0 0 0
0 0 0 0 0 0 0 0 0
2696 3 0 0 0 0 0 0 0
3733 0 0 0 0 0 0 0 0
8713 107 0 0 0 0 0 0 0
0 0 0 0 0 0 0 0 0
7351 2 0 0 0 0 0 0 0
8024 0 0 0 0 0 0 0 0
8114 21 0 0 0 0 0 0 0
8241 19 0 0 0 0 0 0 0
13137 244 0 0 0 0 0 0 0
0 0 0 0 0 0 0 0 0
0 0 0 0 0 0 0 0 0
9707 232 0 0 0 0 0 0 0
2967 2 0 0 0 0 0 0 0
7548 105 0 0 0 0 0 0 0
3390 7 0 0 0 0 0 0 0
0 0 0 0 0 0 0 0 0
2781 6 0 0 0 0 0 0 0
1898 0 0 0 0 0 0 0 0
0 0 0 0 0 0 0 0 0
9117 42 0 0 0 0 0 0 0
4111 0 0 0 0 0 0 0 0
0 0 0 0 0 0 0 0 0
3194 6 0 0 0 0 0 0 0
3709 0 0 0 0 0 0 0 0
3514 3 0 0 0 0 0 0 0
3744 0 0 0 0 0 0 0 0
4635 0 0 0 0 0 0 0 0
0 0 0 0 0 0 0 0 0
0 0 0 0 0 0 0 0 0
5790 0 0 0 0 0 0 0 0
3160 0 0 0 0 0 0 0 0
7087 23 0 0 0 0 0 0 0
0 0 0 0 0 0 0 0 0
0 0 0 0 0 0 0 0 0
7468 75 0 0 0 0 0 0 0
8894 1363 0 0 0 0 0 0 0
6212 1907 0 0 0 0 0 0 0
7038 3562 0 0 0 0 0 0 0
7260 3727 0 0 0 0 0 0 0
0 0 0 0 0 0 0 0 0
0 0 0 0 0 0 0 0 0
11328 8062 0 0 0 0 0 0 0
6234 4368 0 0 0 0 0 0 0
5443 478 0 0 0 0 0 0 0
6784 271 0 0 0 0 0 0 0
0 0 0 0 0 0 0 0 0
8057 209 0 0 0 0 0 0 0
6770 294 0 0 0 0 0 0 0
6387 951 0 0 0 0 0 0 0
6267 103 0 0 0 0 0 0 0
0 0 0 0 0 0 0 0 0
0 0 0 0 0 0 0 0 0
4870 476 0 0 0 0 0 0 0
8429 240 0 0 0 0 0 0 0
3624 14 0 0 0 0 0 0 0
3459 18 0 0 0 0 0 0 0
4836 35 0 0 0 0 0 0 0
0 0 0 0 0 0 0 0 0
0 0 0 0 0 0 0 0 0
0 0 0 0 0 0 0 0 0
0 0 0 0 0 0 0 0 0
0 0 0 0 0 0 0 0 0
0 0 0 0 0 0 0 0 0
0 0 0 0 0 0 0 0 0
0 0 0 0 0 0 0 0 0
5889 9029 0 0 0 0 0 0 0
1491 3 0 0 0 0 0 0 0
1846 0 0 0 0 0 0 0 0
4003 134 0 0 0 0 0 0 0
0 0 0 0 0 0 0 0 0
1921 50 0 0 0 0 0 0 0
1415 15 0 0 0 0 0 0 0
1161 14 0 0 0 0 0 0 0
1360 13 0 0 0 0 0 0 0
1483 41 0 0 0 0 0 0 0
0 0 0 0 0 0 0 0 0
1348 140 0 0 0 0 0 0 0
914 330 0 0 0 0 0 0 0
1928 1964 0 0 0 0 0 0 0
432 406 0 0 0 0 0 0 0
141 317 0 0 0 0 0 0 0
0 0 0 0 0 0 0 0 0
617 944 0 0 0 0 0 0 0
342 255 0 0 0 0 0 0 0
0 0 0 0 0 0 0 0 0
1532 993 0 0 0 0 0 0 0
592 67 0 0 0 0 0 0 0
0 0 0 0 0 0 0 0 0
568 83 0 0 0 0 0 0 0
375 96 0 0 0 0 0 0 0
54 118 0 0 0 0 0 0 0
518 119 0 0 0 0 0 0 0
1302 88 0 0 0 0 0 0 0
0 0 0 0 0 0 0 0 0
2543 404 0 0 0 0 0 0 0
341 8 0 0 0 0 0 0 0
626 2 0 0 0 0 0 0 0
886 0 0 0 0 0 0 0 0
2334 256 0 0 0 0 0 0 0
0 0 0 0 0 0 0 0 0
1271 3 0 0 0 0 0 0 0
1347 2 0 0 0 0 0 0 0
1665 5 0 0 0 0 0 0 0
3545 573 0 0 0 0 0 0 0
0 0 0 0 0 0 0 0 0
0 0 0 0 0 0 0 0 0
3769 1676 0 0 0 0 0 0 0
2076 625 0 0 0 0 0 0 0
1755 701 0 0 0 0 0 0 0
2827 3220 0 0 0 0 0 0 0
1057 288 0 0 0 0 0 0 0
0 0 0 0 0 0 0 0 0
1274 128 0 0 0 0 0 0 0
2145 46 0 0 0 0 0 0 0
3339 10 0 0 0 0 0 0 0
7894 15 0 0 0 0 0 0 0
3982 1 0 0 0 0 0 0 0
0 0 0 0 0 0 0 0 0
3213 1 0 0 0 0 0 0 0
0 0 0 0 0 0 0 0 0
7119 558 0 0 0 0 0 0 0
2787 8 0 0 0 0 0 0 0
2649 0 0 0 0 0 0 0 0
0 0 0 0 0 0 0 0 0
2299 1 0 0 0 0 0 0 0
2471 0 0 0 0 0 0 0 0
2213 0 0 0 0 0 0 0 0
3462 2 108 0 0 0 0 0 0
604 182 57 0 0 0 0 0 0
0 0 0 0 0 0 0 0 0
399 763 59 0 0 0 0 0 0
1208 1746 56 0 0 0 0 0 0
6062 13014 13 0 0 0 0 0 0
1946 10707 0 0 0 0 0 0 0
1685 12228 0 0 0 0 0 0 0
0 0 0 0 0 0 0 0 0
1369 12562 0 0 0 0 0 0 0
0 0 0 0 0 0 0 0 0
2764 25836 0 0 0 0 0 0 0
341 12598 0 0 0 0 0 0 0
95 11998 0 0 0 0 0 0 0
0 0 0 0 0 0 0 0 0
343 11582 14 0 0 0 0 0 0
1202 10381 108 0 0 0 0 0 0
1108 9651 171 0 0 0 0 0 0
