0 0 0 0 0 0 0 0 0
0 0 0 0 0 0 0 0 0
0 0 0 0 0 0 0 0 0
5 20 0 0 0 0 0 0 0
0 0 0 0 0 0 0 0 0
0 0 0 0 0 0 0 0 0
1 63 0 0 0 0 0 0 0
0 35 0 0 0 0 0 0 0
0 0 0 0 0 0 0 0 0
21 102 0 0 0 0 0 0 0
0 0 0 0 0 0 0 0 0
132 99 0 0 0 0 0 0 0
0 0 0 0 0 0 0 0 0
86 76 0 0 0 0 0 0 0
20 152 0 0 0 0 0 0 0
0 0 0 0 0 0 0 0 0
0 0 0 0 0 0 0 0 0
136 196 0 0 0 0 0 0 0
0 0 0 0 0 0 0 0 0
253 316 0 0 0 0 0 0 0
240 358 0 0 0 0 0 0 0
0 0 0 0 0 0 0 0 0
0 0 0 0 0 0 0 0 0
163 677 0 0 0 0 0 0 0
0 0 0 0 0 0 0 0 0
305 362 0 0 0 0 0 0 0
543 74 0 0 0 0 0 0 0
0 0 0 0 0 0 0 0 0
0 0 0 0 0 0 0 0 0
469 74 0 0 0 0 0 0 0
204 202 0 0 0 0 0 0 0
0 0 0 0 0 0 0 0 0
217 216 0 0 0 0 0 0 0
0 0 0 0 0 0 0 0 0
0 0 0 0 0 0 0 0 0
317 24 0 0 0 0 0 0 0
0 0 0 0 0 0 0 0 0
528 59 0 0 0 0 0 0 0
433 38 0 0 0 0 0 0 0
0 0 0 0 0 0 0 0 0
0 0 0 0 0 0 0 0 0
500 1 0 0 0 0 0 0 0
369 0 0 0 0 0 0 0 0
0 0 0 0 0 0 0 0 0
618 0 0 0 0 0 0 0 0
0 0 0 0 0 0 0 0 0
0 0 0 0 0 0 0 0 0
758 0 0 0 0 0 0 0 0
0 0 0 0 0 0 0 0 0
800 2 0 0 0 0 0 0 0
0 0 0 0 0 0 0 0 0
714 31 0 0 0 0 0 0 0
0 0 0 0 0 0 0 0 0
736 30 0 0 0 0 0 0 0
0 0 0 0 0 0 0 0 0
548 113 0 0 0 0 0 0 0
823 460 0 0 0 0 0 0 0
0 0 0 0 0 0 0 0 0
0 0 0 0 0 0 0 0 0
1146 681 0 0 0 0 0 0 0
0 0 0 0 0 0 0 0 0
772 168 0 0 0 0 0 0 0
294 128 0 0 0 0 0 0 0
0 0 0 0 0 0 0 0 0
0 0 0 0 0 0 0 0 0
132 407 0 0 0 0 0 0 0
0 0 0 0 0 0 0 0 0
22 1361 0 0 0 0 0 0 0
67 2118 0 0 0 0 0 0 0
0 0 0 0 0 0 0 0 0
0 0 0 0 0 0 0 0 0
138 3623 0 0 0 0 0 0 0
0 0 0 0 0 0 0 0 0
215 3504 0 0 0 0 0 0 0
362 3746 0 0 0 0 0 0 0
0 0 0 0 0 0 0 0 0
0 0 0 0 0 0 0 0 0
431 3869 0 0 0 0 0 0 0
0 0 0 0 0 0 0 0 0
0 0 0 0 0 0 0 0 0
1150 8118 0 0 0 0 0 0 0
0 0 0 0 0 0 0 0 0
0 0 0 0 0 0 0 0 0
490 3714 0 0 0 0 0 0 0
1197 2914 0 0 0 0 0 0 0
0 0 0 0 0 0 0 0 0
937 2489 0 0 0 0 0 0 0
0 0 0 0 0 0 0 0 0
0 0 0 0 0 0 0 0 0
167 1865 0 0 0 0 0 0 0
847 1255 0 0 0 0 0 0 0
0 0 0 0 0 0 0 0 0
1811 1126 0 0 0 0 0 0 0
312 1344 0 0 0 0 0 0 0
0 0 0 0 0 0 0 0 0
0 0 0 0 0 0 0 0 0
507 1286 0 0 0 0 0 0 0
0 0 0 0 0 0 0 0 0
192 797 0 0 0 0 0 0 0
110 132 0 0 0 0 0 0 0
0 0 0 0 0 0 0 0 0
0 0 0 0 0 0 0 0 0
769 36 0 0 0 0 0 0 0
0 0 0 0 0 0 0 0 0
1852 0 0 0 0 0 0 0 0
2382 0 0 0 0 0 0 0 0
0 0 0 0 0 0 0 0 0
0 0 0 0 0 0 0 0 0
4185 0 0 0 0 0 0 0 0
0 0 0 0 0 0 0 0 0
2429 0 0 0 0 0 0 0 0
1423 0 0 0 0 0 0 0 0
0 0 0 0 0 0 0 0 0
0 0 0 0 0 0 0 0 0
347 50 0 0 0 0 0 0 0
0 0 0 0 0 0 0 0 0
706 639 0 0 0 0 0 0 0
896 2151 0 0 0 0 0 0 0
0 0 0 0 0 0 0 0 0
0 0 0 0 0 0 0 0 0
10544 23493 0 0 0 0 0 0 0
91 4923 0 0 0 0 0 0 0
0 0 0 0 0 0 0 0 0
0 0 0 0 0 0 0 0 0
44 2696 0 0 0 0 0 0 0
190 1475 0 0 0 0 0 0 0
0 0 0 0 0 0 0 0 0
124 661 0 0 0 0 0 0 0
0 0 0 0 0 0 0 0 0
0 0 0 0 0 0 0 0 0
0 0 0 0 0 0 0 0 0
25 192 0 0 0 0 0 0 0
106 21 0 0 0 0 0 0 0
0 0 0 0 0 0 0 0 0
30 2 0 0 0 0 0 0 0
0 0 0 0 0 0 0 0 0
21 153 0 0 0 0 0 0 0
0 0 0 0 0 0 0 0 0
135 307 0 0 0 0 0 0 0
0 0 0 0 0 0 0 0 0
272 286 0 0 0 0 0 0 0
0 0 0 0 0 0 0 0 0
0 0 0 0 0 0 0 0 0
0 0 0 0 0 0 0 0 0
1335 510 0 0 0 0 0 0 0
0 0 0 0 0 0 0 0 0
146 93 0 0 0 0 0 0 0
0 0 0 0 0 0 0 0 0
0 0 0 0 0 0 0 0 0
580 188 0 0 0 0 0 0 0
0 0 0 0 0 0 0 0 0
363 706 0 0 0 0 0 0 0
206 914 0 0 0 0 0 0 0
0 0 0 0 0 0 0 0 0
5092 17838 0 0 0 0 0 0 0
0 0 0 0 0 0 0 0 0
0 0 0 0 0 0 0 0 0
486 2164 0 0 0 0 0 0 0
0 0 0 0 0 0 0 0 0
385 1857 0 0 0 0 0 0 0
150 1643 0 0 0 0 0 0 0
0 0 0 0 0 0 0 0 0
0 0 0 0 0 0 0 0 0
25 1435 0 0 0 0 0 0 0
0 0 0 0 0 0 0 0 0
225 1934 0 0 0 0 0 0 0
254 1881 0 0 0 0 0 0 0
0 0 0 0 0 0 0 0 0
0 0 0 0 0 0 0 0 0
157 1437 0 0 0 0 0 0 0
0 0 0 0 0 0 0 0 0
140 663 0 0 0 0 0 0 0
58 472 0 0 0 0 0 0 0
0 0 0 0 0 0 0 0 0
0 0 0 0 0 0 0 0 0
56 314 0 0 0 0 0 0 0
0 0 0 0 0 0 0 0 0
75 213 0 0 0 0 0 0 0
100 157 0 0 0 0 0 0 0
0 0 0 0 0 0 0 0 0
0 0 0 0 0 0 0 0 0
152 147 0 0 0 0 0 0 0
0 0 0 0 0 0 0 0 0
214 138 0 0 0 0 0 0 0
0 0 0 0 0 0 0 0 0
290 52 0 0 0 0 0 0 0
0 0 0 0 0 0 0 0 0
0 0 0 0 0 0 0 0 0
0 0 0 0 0 0 0 0 0
279 1234 0 0 0 0 0 0 0
0 0 0 0 0 0 0 0 0
87 62 0 0 0 0 0 0 0
0 0 0 0 0 0 0 0 0
0 0 0 0 0 0 0 0 0
0 189 0 0 0 0 0 0 0
20 295 0 0 0 0 0 0 0
0 0 0 0 0 0 0 0 0
36 437 0 0 0 0 0 0 0
0 0 0 0 0 0 0 0 0
0 0 0 0 0 0 0 0 0
13 616 0 0 0 0 0 0 0
4 695 0 0 0 0 0 0 0
0 0 0 0 0 0 0 0 0
8 881 0 0 0 0 0 0 0
0 0 0 0 0 0 0 0 0
0 0 0 0 0 0 0 0 0
21 682 0 0 0 0 0 0 0
11813 8639 0 0 0 0 0 0 0
0 0 0 0 0 0 0 0 0
868 2317 0 0 0 0 0 0 0
0 0 0 0 0 0 0 0 0
447 1673 0 0 0 0 0 0 0
701 1192 0 0 0 0 0 0 0
0 0 0 0 0 0 0 0 0
0 0 0 0 0 0 0 0 0
0 0 0 0 0 0 0 0 0
930 528 0 0 0 0 0 0 0
311 428 0 0 0 0 0 0 0
0 0 0 0 0 0 0 0 0
912 485 0 0 0 0 0 0 0
0 0 0 0 0 0 0 0 0
0 0 0 0 0 0 0 0 0
410 799 0 0 0 0 0 0 0
751 896 0 0 0 0 0 0 0
0 0 0 0 0 0 0 0 0
352 784 0 0 0 0 0 0 0
0 0 0 0 0 0 0 0 0
0 0 0 0 0 0 0 0 0
768 748 0 0 0 0 0 0 0
516 1294 0 0 0 0 0 0 0
0 0 0 0 0 0 0 0 0
0 0 0 0 0 0 0 0 0
0 0 0 0 0 0 0 0 0
148 1682 0 0 0 0 0 0 0
618 2566 0 0 0 0 0 0 0
0 0 0 0 0 0 0 0 0
581 3670 0 0 0 0 0 0 0
0 0 0 0 0 0 0 0 0
0 0 0 0 0 0 0 0 0
1351 4206 0 0 0 0 0 0 0
332 5214 0 0 0 0 0 0 0
0 0 0 0 0 0 0 0 0
560 5103 0 0 0 0 0 0 0
0 0 0 0 0 0 0 0 0
0 0 0 0 0 0 0 0 0
186 3421 0 0 0 0 0 0 0
768 2583 0 0 0 0 0 0 0
0 0 0 0 0 0 0 0 0
0 0 0 0 0 0 0 0 0
917 2216 0 0 0 0 0 0 0
0 0 0 0 0 0 0 0 0
861 1804 0 0 0 0 0 0 0
0 0 0 0 0 0 0 0 0
565 2582 0 0 0 0 0 0 0
8071 22191 0 0 0 0 0 0 0
0 0 0 0 0 0 0 0 0
266 3751 0 0 0 0 0 0 0
76 2451 0 0 0 0 0 0 0
0 0 0 0 0 0 0 0 0
0 0 0 0 0 0 0 0 0
225 1276 0 0 0 0 0 0 0
0 0 0 0 0 0 0 0 0
333 1063 0 0 0 0 0 0 0
152 916 0 0 0 0 0 0 0
0 0 0 0 0 0 0 0 0
0 0 0 0 0 0 0 0 0
165 232 0 0 0 0 0 0 0
0 0 0 0 0 0 0 0 0
149 149 0 0 0 0 0 0 0
78 54 0 0 0 0 0 0 0
0 0 0 0 0 0 0 0 0
0 0 0 0 0 0 0 0 0
14 16 0 0 0 0 0 0 0
0 0 0 0 0 0 0 0 0
18 25 0 0 0 0 0 0 0
119 8 0 0 0 0 0 0 0
0 0 0 0 0 0 0 0 0
0 0 0 0 0 0 0 0 0
596 0 0 0 0 0 0 0 0
0 0 0 0 0 0 0 0 0
1088 0 0 0 0 0 0 0 0
386 0 0 0 0 0 0 0 0
0 0 0 0 0 0 0 0 0
0 0 0 0 0 0 0 0 0
262 250 0 0 0 0 0 0 0
120 35 0 0 0 0 0 0 0
0 0 0 0 0 0 0 0 0
304 22 0 0 0 0 0 0 0
0 0 0 0 0 0 0 0 0
0 0 0 0 0 0 0 0 0
624 1024 0 0 0 0 0 0 0
346 1617 0 0 0 0 0 0 0
0 0 0 0 0 0 0 0 0
0 0 0 0 0 0 0 0 0
0 0 0 0 0 0 0 0 0
475 2069 0 0 0 0 0 0 0
6917 14724 0 0 0 0 0 0 0
0 0 0 0 0 0 0 0 0
0 0 0 0 0 0 0 0 0
81 2335 0 0 0 0 0 0 0
0 0 0 0 0 0 0 0 0
12 2593 0 0 0 0 0 0 0
182 2420 0 0 0 0 0 0 0
0 0 0 0 0 0 0 0 0
0 0 0 0 0 0 0 0 0
440 3376 0 0 0 0 0 0 0
0 0 0 0 0 0 0 0 0
865 2827 0 0 0 0 0 0 0
1732 2184 0 0 0 0 0 0 0
0 0 0 0 0 0 0 0 0
0 0 0 0 0 0 0 0 0
1964 1457 0 0 0 0 0 0 0
0 0 0 0 0 0 0 0 0
495 101 0 0 0 0 0 0 0
366 225 0 0 0 0 0 0 0
0 0 0 0 0 0 0 0 0
0 0 0 0 0 0 0 0 0
331 180 0 0 0 0 0 0 0
429 1 0 0 0 0 0 0 0
0 0 0 0 0 0 0 0 0
58 0 0 0 0 0 0 0 0
0 0 0 0 0 0 0 0 0
0 0 0 0 0 0 0 0 0
59 4 0 0 0 0 0 0 0
4 5 0 0 0 0 0 0 0
0 0 0 0 0 0 0 0 0
115 0 0 0 0 0 0 0 0
0 0 0 0 0 0 0 0 0
0 0 0 0 0 0 0 0 0
86 0 0 0 0 0 0 0 0
195 0 0 0 0 0 0 0 0
0 0 0 0 0 0 0 0 0
342 8 0 0 0 0 0 0 0
0 0 0 0 0 0 0 0 0
0 0 0 0 0 0 0 0 0
3 8 0 0 0 0 0 0 0
5 0 0 0 0 0 0 0 0
0 0 0 0 0 0 0 0 0
39 1 0 0 0 0 0 0 0
167 60 0 0 0 0 0 0 0
0 0 0 0 0 0 0 0 0
0 0 0 0 0 0 0 0 0
894 105 0 0 0 0 0 0 0
0 0 0 0 0 0 0 0 0
1045 166 0 0 0 0 0 0 0
0 0 0 0 0 0 0 0 0
0 0 0 0 0 0 0 0 0
550 751 0 0 0 0 0 0 0
39 1336 0 0 0 0 0 0 0
0 0 0 0 0 0 0 0 0
321 1205 0 0 0 0 0 0 0
439 1682 0 0 0 0 0 0 0
0 0 0 0 0 0 0 0 0
0 0 0 0 0 0 0 0 0
40 1687 0 0 0 0 0 0 0
0 0 0 0 0 0 0 0 0
6 2347 0 0 0 0 0 0 0
0 0 0 0 0 0 0 0 0
0 0 0 0 0 0 0 0 0
0 0 0 0 0 0 0 0 0
491 7323 0 0 0 0 0 0 0
0 0 0 0 0 0 0 0 0
0 0 0 0 0 0 0 0 0
285 4184 0 0 0 0 0 0 0
0 0 0 0 0 0 0 0 0
319 4991 0 0 0 0 0 0 0
226 4991 0 0 0 0 0 0 0
0 0 0 0 0 0 0 0 0
386 4529 0 0 0 0 0 0 0
0 0 0 0 0 0 0 0 0
0 0 0 0 0 0 0 0 0
509 2492 0 0 0 0 0 0 0
0 0 0 0 0 0 0 0 0
0 0 0 0 0 0 0 0 0
731 1200 0 0 0 0 0 0 0
450 2898 0 0 0 0 0 0 0
0 0 0 0 0 0 0 0 0
0 0 0 0 0 0 0 0 0
98 3557 0 0 0 0 0 0 0
10584 19822 0 0 0 0 0 0 0
582 4394 0 0 0 0 0 0 0
0 0 0 0 0 0 0 0 0
944 3597 0 0 0 0 0 0 0
0 0 0 0 0 0 0 0 0
931 3631 0 0 0 0 0 0 0
0 0 0 0 0 0 0 0 0
1169 2918 0 0 0 0 0 0 0
0 0 0 0 0 0 0 0 0
1175 2189 0 0 0 0 0 0 0
0 0 0 0 0 0 0 0 0
751 1617 0 0 0 0 0 0 0
0 0 0 0 0 0 0 0 0
0 0 0 0 0 0 0 0 0
871 1001 0 0 0 0 0 0 0
0 0 0 0 0 0 0 0 0
745 176 0 0 0 0 0 0 0
727 394 0 0 0 0 0 0 0
0 0 0 0 0 0 0 0 0
0 0 0 0 0 0 0 0 0
335 404 0 0 0 0 0 0 0
0 0 0 0 0 0 0 0 0
188 1023 0 0 0 0 0 0 0
426 2523 0 0 0 0 0 0 0
0 0 0 0 0 0 0 0 0
0 0 0 0 0 0 0 0 0
825 2754 0 0 0 0 0 0 0
0 0 0 0 0 0 0 0 0
117 2521 0 0 0 0 0 0 0
0 0 0 0 0 0 0 0 0
0 0 0 0 0 0 0 0 0
179 2070 0 0 0 0 0 0 0
0 0 0 0 0 0 0 0 0
512 1305 0 0 0 0 0 0 0
360 901 0 0 0 0 0 0 0
0 0 0 0 0 0 0 0 0
0 0 0 0 0 0 0 0 0
89 327 0 0 0 0 0 0 0
0 0 0 0 0 0 0 0 0
107 210 0 0 0 0 0 0 0
107 109 0 0 0 0 0 0 0
0 0 0 0 0 0 0 0 0
0 0 0 0 0 0 0 0 0
808 174 0 0 0 0 0 0 0
0 0 0 0 0 0 0 0 0
1631 5 0 0 0 0 0 0 0
0 0 0 0 0 0 0 0 0
705 114 0 0 0 0 0 0 0
0 0 0 0 0 0 0 0 0
0 0 0 0 0 0 0 0 0
170 259 0 0 0 0 0 0 0
357 128 0 0 0 0 0 0 0
0 0 0 0 0 0 0 0 0
84 235 0 0 0 0 0 0 0
0 0 0 0 0 0 0 0 0
0 0 0 0 0 0 0 0 0
149 291 0 0 0 0 0 0 0
57 15 0 0 0 0 0 0 0
0 0 0 0 0 0 0 0 0
11 10 0 0 0 0 0 0 0
0 0 0 0 0 0 0 0 0
0 0 0 0 0 0 0 0 0
121 257 0 0 0 0 0 0 0
0 0 0 0 0 0 0 0 0
119 1 0 0 0 0 0 0 0
0 0 0 0 0 0 0 0 0
0 0 0 0 0 0 0 0 0
805 90 0 0 0 0 0 0 0
700 87 0 0 0 0 0 0 0
0 0 0 0 0 0 0 0 0
331 102 0 0 0 0 0 0 0
376 428 0 0 0 0 0 0 0
0 0 0 0 0 0 0 0 0
0 0 0 0 0 0 0 0 0
262 189 0 0 0 0 0 0 0
0 0 0 0 0 0 0 0 0
84 279 0 0 0 0 0 0 0
0 0 0 0 0 0 0 0 0
0 0 0 0 0 0 0 0 0
332 32 0 0 0 0 0 0 0
0 0 0 0 0 0 0 0 0
729 205 0 0 0 0 0 0 0
722 458 0 0 0 0 0 0 0
0 0 0 0 0 0 0 0 0
0 0 0 0 0 0 0 0 0
705 345 0 0 0 0 0 0 0
0 0 0 0 0 0 0 0 0
634 75 0 0 0 0 0 0 0
741 364 0 0 0 0 0 0 0
0 0 0 0 0 0 0 0 0
0 0 0 0 0 0 0 0 0
814 446 0 0 0 0 0 0 0
0 0 0 0 0 0 0 0 0
0 0 0 0 0 0 0 0 0
1196 172 0 0 0 0 0 0 0
840 243 0 0 0 0 0 0 0
0 0 0 0 0 0 0 0 0
0 0 0 0 0 0 0 0 0
0 0 0 0 0 0 0 0 0
0 0 0 0 0 0 0 0 0
1450 7080 0 0 0 0 0 0 0
229 6681 0 0 0 0 0 0 0
0 0 0 0 0 0 0 0 0
0 0 0 0 0 0 0 0 0
23 6348 0 0 0 0 0 0 0
10173 27160 0 0 0 0 0 0 0
0 4528 0 0 0 0 0 0 0
28 4847 0 0 0 0 0 0 0
0 0 0 0 0 0 0 0 0
0 0 0 0 0 0 0 0 0
0 0 0 0 0 0 0 0 0
0 0 0 0 0 0 0 0 0
19 8258 0 0 0 0 0 0 0
0 2149 0 0 0 0 0 0 0
0 0 0 0 0 0 0 0 0
0 0 0 0 0 0 0 0 0
21 1472 0 0 0 0 0 0 0
0 0 0 0 0 0 0 0 0
4 615 0 0 0 0 0 0 0
226 707 0 0 0 0 0 0 0
0 0 0 0 0 0 0 0 0
0 0 0 0 0 0 0 0 0
773 686 0 0 0 0 0 0 0
0 0 0 0 0 0 0 0 0
900 792 0 0 0 0 0 0 0
1205 781 0 0 0 0 0 0 0
0 0 0 0 0 0 0 0 0
0 0 0 0 0 0 0 0 0
1508 658 0 0 0 0 0 0 0
1670 365 0 0 0 0 0 0 0
0 0 0 0 0 0 0 0 0
470 369 0 0 0 0 0 0 0
0 0 0 0 0 0 0 0 0
0 0 0 0 0 0 0 0 0
1083 401 0 0 0 0 0 0 0
1126 584 0 0 0 0 0 0 0
0 0 0 0 0 0 0 0 0
945 405 0 0 0 0 0 0 0
0 0 0 0 0 0 0 0 0
0 0 0 0 0 0 0 0 0
677 369 0 0 0 0 0 0 0
301 571 0 0 0 0 0 0 0
0 0 0 0 0 0 0 0 0
217 1183 0 0 0 0 0 0 0
0 0 0 0 0 0 0 0 0
0 0 0 0 0 0 0 0 0
317 2010 0 0 0 0 0 0 0
682 3113 0 0 0 0 0 0 0
0 0 0 0 0 0 0 0 0
1298 4351 0 0 0 0 0 0 0
0 0 0 0 0 0 0 0 0
0 0 0 0 0 0 0 0 0
725 4332 0 0 0 0 0 0 0
723 3475 0 0 0 0 0 0 0
0 0 0 0 0 0 0 0 0
198 3445 0 0 0 0 0 0 0
0 0 0 0 0 0 0 0 0
0 0 0 0 0 0 0 0 0
38 3247 0 0 0 0 0 0 0
52 2526 0 0 0 0 0 0 0
0 0 0 0 0 0 0 0 0
16 1932 0 0 0 0 0 0 0
0 1258 0 0 0 0 0 0 0
0 0 0 0 0 0 0 0 0
0 0 0 0 0 0 0 0 0
0 0 0 0 0 0 0 0 0
7 709 0 0 0 0 0 0 0
0 0 0 0 0 0 0 0 0
129 890 0 0 0 0 0 0 0
0 0 0 0 0 0 0 0 0
211 800 0 0 0 0 0 0 0
0 0 0 0 0 0 0 0 0
264 821 0 0 0 0 0 0 0
0 0 0 0 0 0 0 0 0
356 873 0 0 0 0 0 0 0
0 0 0 0 0 0 0 0 0
486 929 0 0 0 0 0 0 0
0 0 0 0 0 0 0 0 0
465 1047 0 0 0 0 0 0 0
1465 1652 0 0 0 0 0 0 0
0 0 0 0 0 0 0 0 0
0 0 0 0 0 0 0 0 0
2108 2276 0 0 0 0 0 0 0
0 0 0 0 0 0 0 0 0
1263 2781 0 0 0 0 0 0 0
381 3228 0 0 0 0 0 0 0
0 0 0 0 0 0 0 0 0
0 0 0 0 0 0 0 0 0
762 4265 0 0 0 0 0 0 0
820 4068 0 0 0 0 0 0 0
0 0 0 0 0 0 0 0 0
611 3100 0 0 0 0 0 0 0
0 0 0 0 0 0 0 0 0
0 0 0 0 0 0 0 0 0
242 791 0 0 0 0 0 0 0
0 529 0 0 0 0 0 0 0
0 0 0 0 0 0 0 0 0
267 405 0 0 0 0 0 0 0
0 0 0 0 0 0 0 0 0
0 0 0 0 0 0 0 0 0
0 0 0 0 0 0 0 0 0
1495 774 0 0 0 0 0 0 0
0 0 0 0 0 0 0 0 0
1113 1819 0 0 0 0 0 0 0
0 0 0 0 0 0 0 0 0
0 0 0 0 0 0 0 0 0
787 3359 0 0 0 0 0 0 0
1180 6255 0 0 0 0 0 0 0
0 0 0 0 0 0 0 0 0
721 10173 0 0 0 0 0 0 0
0 0 0 0 0 0 0 0 0
12556 28182 0 0 0 0 0 0 0
0 0 0 0 0 0 0 0 0
95 1574 0 0 0 0 0 0 0
0 0 0 0 0 0 0 0 0
22 603 0 0 0 0 0 0 0
0 0 0 0 0 0 0 0 0
3 328 0 0 0 0 0 0 0
0 0 0 0 0 0 0 0 0
0 0 0 0 0 0 0 0 0
0 0 0 0 0 0 0 0 0
0 373 0 0 0 0 0 0 0
410 534 0 0 0 0 0 0 0
0 0 0 0 0 0 0 0 0
920 107 0 0 0 0 0 0 0
1371 0 0 0 0 0 0 0 0
0 0 0 0 0 0 0 0 0
0 0 0 0 0 0 0 0 0
905 0 0 0 0 0 0 0 0
0 0 0 0 0 0 0 0 0
1786 7 0 0 0 0 0 0 0
471 2 0 0 0 0 0 0 0
0 0 0 0 0 0 0 0 0
0 0 0 0 0 0 0 0 0
582 41 0 0 0 0 0 0 0
0 0 0 0 0 0 0 0 0
0 0 0 0 0 0 0 0 0
334 5 0 0 0 0 0 0 0
0 0 0 0 0 0 0 0 0
101 7 0 0 0 0 0 0 0
0 0 0 0 0 0 0 0 0
244 9 0 0 0 0 0 0 0
0 0 0 0 0 0 0 0 0
601 62 0 0 0 0 0 0 0
0 0 0 0 0 0 0 0 0
1131 18 0 0 0 0 0 0 0
0 0 0 0 0 0 0 0 0
1022 76 0 0 0 0 0 0 0
0 0 0 0 0 0 0 0 0
0 0 0 0 0 0 0 0 0
0 0 0 0 0 0 0 0 0
599 150 0 0 0 0 0 0 0
652 525 0 0 0 0 0 0 0
0 0 0 0 0 0 0 0 0
383 1414 0 0 0 0 0 0 0
0 0 0 0 0 0 0 0 0
0 0 0 0 0 0 0 0 0
481 2353 0 0 0 0 0 0 0
0 0 0 0 0 0 0 0 0
129 3187 0 0 0 0 0 0 0
203 3931 0 0 0 0 0 0 0
0 0 0 0 0 0 0 0 0
0 0 0 0 0 0 0 0 0
287 3473 0 0 0 0 0 0 0
0 0 0 0 0 0 0 0 0
430 3181 0 0 0 0 0 0 0
632 3198 0 0 0 0 0 0 0
0 0 0 0 0 0 0 0 0
0 0 0 0 0 0 0 0 0
998 3050 0 0 0 0 0 0 0
0 0 0 0 0 0 0 0 0
0 0 0 0 0 0 0 0 0
1127 3191 0 0 0 0 0 0 0
791 2051 0 0 0 0 0 0 0
0 0 0 0 0 0 0 0 0
0 0 0 0 0 0 0 0 0
820 1416 0 0 0 0 0 0 0
0 0 0 0 0 0 0 0 0
731 1176 0 0 0 0 0 0 0
455 1484 0 0 0 0 0 0 0
0 0 0 0 0 0 0 0 0
0 0 0 0 0 0 0 0 0
1336 4189 0 0 0 0 0 0 0
11182 19255 0 0 0 0 0 0 0
399 3924 0 0 0 0 0 0 0
848 4073 0 0 0 0 0 0 0
0 0 0 0 0 0 0 0 0
0 0 0 0 0 0 0 0 0
1219 4220 0 0 0 0 0 0 0
0 0 0 0 0 0 0 0 0
1487 2758 0 0 0 0 0 0 0
901 651 0 0 0 0 0 0 0
0 0 0 0 0 0 0 0 0
0 0 0 0 0 0 0 0 0
1597 3085 0 0 0 0 0 0 0
0 0 0 0 0 0 0 0 0
0 0 0 0 0 0 0 0 0
12141 25773 0 0 0 0 0 0 0
0 0 0 0 0 0 0 0 0
0 1182 0 0 0 0 0 0 0
0 0 0 0 0 0 0 0 0
0 1142 0 0 0 0 0 0 0
0 0 0 0 0 0 0 0 0
123 1335 0 0 0 0 0 0 0
0 0 0 0 0 0 0 0 0
220 1194 0 0 0 0 0 0 0
0 0 0 0 0 0 0 0 0
323 568 0 0 0 0 0 0 0
0 0 0 0 0 0 0 0 0
457 156 0 0 0 0 0 0 0
0 0 0 0 0 0 0 0 0
70 20 0 0 0 0 0 0 0
0 0 0 0 0 0 0 0 0
8 92 0 0 0 0 0 0 0
0 0 0 0 0 0 0 0 0
0 48 0 0 0 0 0 0 0
0 0 0 0 0 0 0 0 0
0 0 0 0 0 0 0 0 0
24 6 0 0 0 0 0 0 0
64 0 0 0 0 0 0 0 0
0 0 0 0 0 0 0 0 0
0 0 0 0 0 0 0 0 0
0 10 0 0 0 0 0 0 0
0 0 0 0 0 0 0 0 0
4 4 0 0 0 0 0 0 0
140 0 0 0 0 0 0 0 0
0 0 0 0 0 0 0 0 0
0 0 0 0 0 0 0 0 0
315 4 0 0 0 0 0 0 0
0 0 0 0 0 0 0 0 0
86 3 0 0 0 0 0 0 0
407 13 0 0 0 0 0 0 0
0 0 0 0 0 0 0 0 0
0 0 0 0 0 0 0 0 0
323 0 0 0 0 0 0 0 0
0 0 0 0 0 0 0 0 0
116 0 0 0 0 0 0 0 0
714 0 0 0 0 0 0 0 0
0 0 0 0 0 0 0 0 0
0 0 0 0 0 0 0 0 0
1010 0 0 0 0 0 0 0 0
1294 13 0 0 0 0 0 0 0
0 0 0 0 0 0 0 0 0
652 6 0 0 0 0 0 0 0
0 0 0 0 0 0 0 0 0
0 0 0 0 0 0 0 0 0
797 19 0 0 0 0 0 0 0
603 39 0 0 0 0 0 0 0
0 0 0 0 0 0 0 0 0
839 609 0 0 0 0 0 0 0
0 0 0 0 0 0 0 0 0
0 0 0 0 0 0 0 0 0
245 1271 0 0 0 0 0 0 0
0 0 0 0 0 0 0 0 0
0 0 0 0 0 0 0 0 0
160 1295 0 0 0 0 0 0 0
0 0 0 0 0 0 0 0 0
0 0 0 0 0 0 0 0 0
125 142 0 0 0 0 0 0 0
0 0 0 0 0 0 0 0 0
0 0 0 0 0 0 0 0 0
1406 4952 0 0 0 0 0 0 0
0 0 0 0 0 0 0 0 0
0 0 0 0 0 0 0 0 0
84 3735 0 0 0 0 0 0 0
11 3224 0 0 0 0 0 0 0
0 0 0 0 0 0 0 0 0
0 1725 0 0 0 0 0 0 0
14490 26278 0 0 0 0 0 0 0
0 0 0 0 0 0 0 0 0
579 5115 0 0 0 0 0 0 0
0 0 0 0 0 0 0 0 0
925 4923 0 0 0 0 0 0 0
811 5140 0 0 0 0 0 0 0
0 0 0 0 0 0 0 0 0
0 0 0 0 0 0 0 0 0
820 4142 0 0 0 0 0 0 0
469 4700 0 0 0 0 0 0 0
0 0 0 0 0 0 0 0 0
192 4474 0 0 0 0 0 0 0
0 0 0 0 0 0 0 0 0
0 0 0 0 0 0 0 0 0
0 0 0 0 0 0 0 0 0
104 4674 0 0 0 0 0 0 0
299 3522 0 0 0 0 0 0 0
0 0 0 0 0 0 0 0 0
0 0 0 0 0 0 0 0 0
103 4052 0 0 0 0 0 0 0
0 0 0 0 0 0 0 0 0
270 2734 0 0 0 0 0 0 0
172 4587 0 0 0 0 0 0 0
0 0 0 0 0 0 0 0 0
0 0 0 0 0 0 0 0 0
349 2074 0 0 0 0 0 0 0
0 0 0 0 0 0 0 0 0
510 4426 0 0 0 0 0 0 0
851 1421 0 0 0 0 0 0 0
0 0 0 0 0 0 0 0 0
0 0 0 0 0 0 0 0 0
0 0 0 0 0 0 0 0 0
718 2803 0 0 0 0 0 0 0
0 0 0 0 0 0 0 0 0
512 3337 0 0 0 0 0 0 0
121 3234 0 0 0 0 0 0 0
0 0 0 0 0 0 0 0 0
0 0 0 0 0 0 0 0 0
353 4330 0 0 0 0 0 0 0
505 3909 0 0 0 0 0 0 0
0 0 0 0 0 0 0 0 0
425 2771 0 0 0 0 0 0 0
0 0 0 0 0 0 0 0 0
270 2573 0 0 0 0 0 0 0
0 0 0 0 0 0 0 0 0
260 3776 0 0 0 0 0 0 0
0 0 0 0 0 0 0 0 0
0 0 0 0 0 0 0 0 0
0 0 0 0 0 0 0 0 0
298 632 0 0 0 0 0 0 0
163 3714 0 0 0 0 0 0 0
0 0 0 0 0 0 0 0 0
12811 16509 0 0 0 0 0 0 0
169 12897 0 0 0 0 0 0 0
0 0 0 0 0 0 0 0 0
707 9400 0 0 0 0 0 0 0
0 0 0 0 0 0 0 0 0
998 12948 0 0 0 0 0 0 0
0 0 0 0 0 0 0 0 0
581 13897 0 0 0 0 0 0 0
0 0 0 0 0 0 0 0 0
461 12524 0 0 0 0 0 0 0
0 0 0 0 0 0 0 0 0
152 10054 0 0 0 0 0 0 0
0 0 0 0 0 0 0 0 0
386 9993 0 0 0 0 0 0 0
0 0 0 0 0 0 0 0 0
464 7960 0 0 0 0 0 0 0
0 0 0 0 0 0 0 0 0
239 5956 0 0 0 0 0 0 0
0 0 0 0 0 0 0 0 0
3 4590 0 0 0 0 0 0 0
0 0 0 0 0 0 0 0 0
474 3312 0 0 0 0 0 0 0
0 0 0 0 0 0 0 0 0
532 3110 0 0 0 0 0 0 0
0 0 0 0 0 0 0 0 0
123 3551 0 0 0 0 0 0 0
0 0 0 0 0 0 0 0 0
2 5136 0 0 0 0 0 0 0
0 0 0 0 0 0 0 0 0
3 4665 0 0 0 0 0 0 0
0 0 0 0 0 0 0 0 0
46 6508 0 0 0 0 0 0 0
82 4732 0 0 0 0 0 0 0
0 0 0 0 0 0 0 0 0
0 0 0 0 0 0 0 0 0
86 6717 0 0 0 0 0 0 0
0 0 0 0 0 0 0 0 0
166 5762 0 0 0 0 0 0 0
482 5882 0 0 0 0 0 0 0
0 0 0 0 0 0 0 0 0
0 0 0 0 0 0 0 0 0
617 3956 0 0 0 0 0 0 0
0 0 0 0 0 0 0 0 0
451 4371 0 0 0 0 0 0 0
335 2546 0 0 0 0 0 0 0
0 0 0 0 0 0 0 0 0
0 0 0 0 0 0 0 0 0
37 2937 0 0 0 0 0 0 0
0 0 0 0 0 0 0 0 0
7 3324 0 0 0 0 0 0 0
53 2923 0 0 0 0 0 0 0
0 0 0 0 0 0 0 0 0
0 0 0 0 0 0 0 0 0
31 2541 0 0 0 0 0 0 0
0 0 0 0 0 0 0 0 0
330 2357 0 0 0 0 0 0 0
151 1998 0 0 0 0 0 0 0
0 0 0 0 0 0 0 0 0
0 0 0 0 0 0 0 0 0
80 1927 0 0 0 0 0 0 0
0 0 0 0 0 0 0 0 0
0 0 0 0 0 0 0 0 0
140 6560 0 0 0 0 0 0 0
0 0 0 0 0 0 0 0 0
0 0 0 0 0 0 0 0 0
54 2128 0 0 0 0 0 0 0
51 1222 0 0 0 0 0 0 0
0 0 0 0 0 0 0 0 0
40 709 0 0 0 0 0 0 0
0 0 0 0 0 0 0 0 0
0 0 0 0 0 0 0 0 0
33 192 0 0 0 0 0 0 0
0 0 0 0 0 0 0 0 0
0 1550 0 0 0 0 0 0 0
11 2299 0 0 0 0 0 0 0
0 0 0 0 0 0 0 0 0
0 0 0 0 0 0 0 0 0
0 1261 0 0 0 0 0 0 0
0 0 0 0 0 0 0 0 0
3 3005 0 0 0 0 0 0 0
0 0 0 0 0 0 0 0 0
42 3507 0 0 0 0 0 0 0
0 0 0 0 0 0 0 0 0
0 0 0 0 0 0 0 0 0
237 4849 0 0 0 0 0 0 0
132 8482 0 0 0 0 0 0 0
17627 33916 0 0 0 0 0 0 0
0 0 0 0 0 0 0 0 0
538 6439 0 0 0 0 0 0 0
0 0 0 0 0 0 0 0 0
1041 6850 0 0 0 0 0 0 0
998 3676 0 0 0 0 0 0 0
0 0 0 0 0 0 0 0 0
0 0 0 0 0 0 0 0 0
1852 2067 0 0 0 0 0 0 0
0 0 0 0 0 0 0 0 0
2046 2753 0 0 0 0 0 0 0
1208 4150 0 0 0 0 0 0 0
0 0 0 0 0 0 0 0 0
0 0 0 0 0 0 0 0 0
1390 4617 0 0 0 0 0 0 0
0 0 0 0 0 0 0 0 0
0 0 0 0 0 0 0 0 0
4409 9663 0 0 0 0 0 0 0
0 0 0 0 0 0 0 0 0
0 0 0 0 0 0 0 0 0
2593 5257 0 0 0 0 0 0 0
2762 3228 0 0 0 0 0 0 0
0 0 0 0 0 0 0 0 0
2780 1435 0 0 0 0 0 0 0
0 0 0 0 0 0 0 0 0
0 0 0 0 0 0 0 0 0
1949 1815 0 0 0 0 0 0 0
1792 1973 0 0 0 0 0 0 0
0 0 0 0 0 0 0 0 0
2995 1404 0 0 0 0 0 0 0
0 0 0 0 0 0 0 0 0
0 0 0 0 0 0 0 0 0
3463 967 0 0 0 0 0 0 0
1046 970 0 0 0 0 0 0 0
0 0 0 0 0 0 0 0 0
1336 822 0 0 0 0 0 0 0
0 0 0 0 0 0 0 0 0
0 0 0 0 0 0 0 0 0
1033 519 0 0 0 0 0 0 0
1864 1096 0 0 0 0 0 0 0
0 0 0 0 0 0 0 0 0
1105 1663 0 0 0 0 0 0 0
0 0 0 0 0 0 0 0 0
0 0 0 0 0 0 0 0 0
1225 2064 0 0 0 0 0 0 0
704 2269 0 0 0 0 0 0 0
0 0 0 0 0 0 0 0 0
413 2333 0 0 0 0 0 0 0
0 0 0 0 0 0 0 0 0
0 0 0 0 0 0 0 0 0
785 1902 0 0 0 0 0 0 0
207 782 0 0 0 0 0 0 0
0 0 0 0 0 0 0 0 0
664 36 0 0 0 0 0 0 0
76 42 0 0 0 0 0 0 0
0 0 0 0 0 0 0 0 0
0 0 0 0 0 0 0 0 0
49 23 0 0 0 0 0 0 0
0 0 0 0 0 0 0 0 0
215 91 0 0 0 0 0 0 0
72 135 0 0 0 0 0 0 0
0 0 0 0 0 0 0 0 0
0 0 0 0 0 0 0 0 0
185 28 0 0 0 0 0 0 0
0 0 0 0 0 0 0 0 0
145 4 0 0 0 0 0 0 0
24 84 0 0 0 0 0 0 0
0 0 0 0 0 0 0 0 0
0 0 0 0 0 0 0 0 0
86 346 0 0 0 0 0 0 0
0 0 0 0 0 0 0 0 0
345 296 0 0 0 0 0 0 0
0 0 0 0 0 0 0 0 0
0 0 0 0 0 0 0 0 0
0 0 0 0 0 0 0 0 0
0 0 0 0 0 0 0 0 0
2456 2262 0 0 0 0 0 0 0
0 0 0 0 0 0 0 0 0
621 902 0 0 0 0 0 0 0
0 0 0 0 0 0 0 0 0
160 583 0 0 0 0 0 0 0
0 0 0 0 0 0 0 0 0
263 534 0 0 0 0 0 0 0
391 925 0 0 0 0 0 0 0
0 0 0 0 0 0 0 0 0
0 0 0 0 0 0 0 0 0
540 438 0 0 0 0 0 0 0
0 0 0 0 0 0 0 0 0
392 478 0 0 0 0 0 0 0
11 620 0 0 0 0 0 0 0
0 0 0 0 0 0 0 0 0
0 0 0 0 0 0 0 0 0
213 736 0 0 0 0 0 0 0
0 0 0 0 0 0 0 0 0
300 795 0 0 0 0 0 0 0
0 1009 0 0 0 0 0 0 0
0 0 0 0 0 0 0 0 0
0 0 0 0 0 0 0 0 0
5 831 0 0 0 0 0 0 0
0 0 0 0 0 0 0 0 0
260 549 0 0 0 0 0 0 0
445 232 0 0 0 0 0 0 0
0 0 0 0 0 0 0 0 0
0 0 0 0 0 0 0 0 0
405 43 0 0 0 0 0 0 0
0 0 0 0 0 0 0 0 0
183 7 0 0 0 0 0 0 0
121 8 0 0 0 0 0 0 0
0 0 0 0 0 0 0 0 0
0 0 0 0 0 0 0 0 0
204 1 0 0 0 0 0 0 0
0 0 0 0 0 0 0 0 0
154 401 0 0 0 0 0 0 0
280 1906 0 0 0 0 0 0 0
0 0 0 0 0 0 0 0 0
0 0 0 0 0 0 0 0 0
772 2799 0 0 0 0 0 0 0
1420 2291 0 0 0 0 0 0 0
0 0 0 0 0 0 0 0 0
2292 1110 0 0 0 0 0 0 0
0 0 0 0 0 0 0 0 0
0 0 0 0 0 0 0 0 0
2930 214 0 0 0 0 0 0 0
3115 525 0 0 0 0 0 0 0
0 0 0 0 0 0 0 0 0
3240 993 0 0 0 0 0 0 0
0 0 0 0 0 0 0 0 0
0 0 0 0 0 0 0 0 0
2522 735 0 0 0 0 0 0 0
3135 302 0 0 0 0 0 0 0
0 0 0 0 0 0 0 0 0
3845 1170 0 0 0 0 0 0 0
0 0 0 0 0 0 0 0 0
0 0 0 0 0 0 0 0 0
2567 2230 0 0 0 0 0 0 0
1237 2013 0 0 0 0 0 0 0
0 0 0 0 0 0 0 0 0
536 2514 0 0 0 0 0 0 0
0 0 0 0 0 0 0 0 0
0 0 0 0 0 0 0 0 0
476 2515 0 0 0 0 0 0 0
0 0 0 0 0 0 0 0 0
0 0 0 0 0 0 0 0 0
561 12935 0 0 0 0 0 0 0
0 0 0 0 0 0 0 0 0
0 0 0 0 0 0 0 0 0
18 5775 0 0 0 0 0 0 0
104 2812 0 0 0 0 0 0 0
0 0 0 0 0 0 0 0 0
168 1158 0 0 0 0 0 0 0
0 0 0 0 0 0 0 0 0
0 0 0 0 0 0 0 0 0
158 874 0 0 0 0 0 0 0
160 2404 0 0 0 0 0 0 0
0 0 0 0 0 0 0 0 0
0 0 0 0 0 0 0 0 0
286 1864 0 0 0 0 0 0 0
0 0 0 0 0 0 0 0 0
602 1000 0 0 0 0 0 0 0
0 0 0 0 0 0 0 0 0
895 3108 0 0 0 0 0 0 0
0 0 0 0 0 0 0 0 0
859 3292 0 0 0 0 0 0 0
0 0 0 0 0 0 0 0 0
891 2998 0 0 0 0 0 0 0
0 0 0 0 0 0 0 0 0
697 1814 0 0 0 0 0 0 0
1084 286 0 0 0 0 0 0 0
0 0 0 0 0 0 0 0 0
0 0 0 0 0 0 0 0 0
1408 343 0 0 0 0 0 0 0
0 0 0 0 0 0 0 0 0
2195 1584 0 0 0 0 0 0 0
3149 3287 0 0 0 0 0 0 0
0 0 0 0 0 0 0 0 0
0 0 0 0 0 0 0 0 0
3204 2838 0 0 0 0 0 0 0
0 0 0 0 0 0 0 0 0
2430 2992 0 0 0 0 0 0 0
2626 2885 0 0 0 0 0 0 0
0 0 0 0 0 0 0 0 0
0 0 0 0 0 0 0 0 0
3728 2578 0 0 0 0 0 0 0
0 0 0 0 0 0 0 0 0
4871 3340 0 0 0 0 0 0 0
4756 3694 0 0 0 0 0 0 0
0 0 0 0 0 0 0 0 0
0 0 0 0 0 0 0 0 0
4598 5194 0 0 0 0 0 0 0
0 0 0 0 0 0 0 0 0
2803 6074 0 0 0 0 0 0 0
528 4096 0 0 0 0 0 0 0
0 0 0 0 0 0 0 0 0
0 0 0 0 0 0 0 0 0
228 939 0 0 0 0 0 0 0
0 0 0 0 0 0 0 0 0
478 857 0 0 0 0 0 0 0
594 1976 0 0 0 0 0 0 0
0 0 0 0 0 0 0 0 0
0 0 0 0 0 0 0 0 0
450 3363 0 0 0 0 0 0 0
335 3310 0 0 0 0 0 0 0
0 0 0 0 0 0 0 0 0
428 2573 0 0 0 0 0 0 0
0 0 0 0 0 0 0 0 0
0 0 0 0 0 0 0 0 0
121 2418 0 0 0 0 0 0 0
0 0 0 0 0 0 0 0 0
87 2551 0 0 0 0 0 0 0
73 1776 0 0 0 0 0 0 0
0 0 0 0 0 0 0 0 0
0 0 0 0 0 0 0 0 0
428 849 0 0 0 0 0 0 0
619 218 0 0 0 0 0 0 0
0 0 0 0 0 0 0 0 0
856 111 0 0 0 0 0 0 0
0 0 0 0 0 0 0 0 0
0 0 0 0 0 0 0 0 0
702 39 0 0 0 0 0 0 0
779 146 0 0 0 0 0 0 0
0 0 0 0 0 0 0 0 0
299 1106 0 0 0 0 0 0 0
0 0 0 0 0 0 0 0 0
0 0 0 0 0 0 0 0 0
307 2660 0 0 0 0 0 0 0
522 2572 0 0 0 0 0 0 0
0 0 0 0 0 0 0 0 0
0 0 0 0 0 0 0 0 0
0 0 0 0 0 0 0 0 0
0 0 0 0 0 0 0 0 0
1500 12730 0 0 0 0 0 0 0
276 8275 0 0 0 0 0 0 0
0 0 0 0 0 0 0 0 0
0 0 0 0 0 0 0 0 0
137 10248 0 0 0 0 0 0 0
0 0 0 0 0 0 0 0 0
307 10322 0 0 0 0 0 0 0
0 0 0 0 0 0 0 0 0
303 10495 0 0 0 0 0 0 0
0 0 0 0 0 0 0 0 0
5 8998 0 0 0 0 0 0 0
0 0 0 0 0 0 0 0 0
25 7704 0 0 0 0 0 0 0
0 0 0 0 0 0 0 0 0
6 7532 0 0 0 0 0 0 0
0 0 0 0 0 0 0 0 0
211 9451 0 0 0 0 0 0 0
0 0 0 0 0 0 0 0 0
733 10439 0 0 0 0 0 0 0
0 0 0 0 0 0 0 0 0
0 0 0 0 0 0 0 0 0
176 11596 0 0 0 0 0 0 0
87 10360 0 0 0 0 0 0 0
0 0 0 0 0 0 0 0 0
0 0 0 0 0 0 0 0 0
137 7271 0 0 0 0 0 0 0
0 0 0 0 0 0 0 0 0
111 7277 0 0 0 0 0 0 0
0 6279 0 0 0 0 0 0 0
0 0 0 0 0 0 0 0 0
0 0 0 0 0 0 0 0 0
0 6676 0 0 0 0 0 0 0
200 6190 0 0 0 0 0 0 0
105 5716 0 0 0 0 0 0 0
0 0 0 0 0 0 0 0 0
0 0 0 0 0 0 0 0 0
0 0 0 0 0 0 0 0 0
192 5394 0 0 0 0 0 0 0
0 0 0 0 0 0 0 0 0
0 0 0 0 0 0 0 0 0
0 0 0 0 0 0 0 0 0
1853 7296 0 0 0 0 0 0 0
0 0 0 0 0 0 0 0 0
1024 3471 0 0 0 0 0 0 0
728 2973 0 0 0 0 0 0 0
0 0 0 0 0 0 0 0 0
0 0 0 0 0 0 0 0 0
1248 2151 0 0 0 0 0 0 0
0 0 0 0 0 0 0 0 0
1755 2107 0 0 0 0 0 0 0
1422 3050 0 0 0 0 0 0 0
0 0 0 0 0 0 0 0 0
0 0 0 0 0 0 0 0 0
0 0 0 0 0 0 0 0 0
1308 3563 0 0 0 0 0 0 0
1545 2663 0 0 0 0 0 0 0
0 0 0 0 0 0 0 0 0
3318 2289 0 0 0 0 0 0 0
0 0 0 0 0 0 0 0 0
0 0 0 0 0 0 0 0 0
5687 2836 0 0 0 0 0 0 0
4986 3889 0 0 0 0 0 0 0
0 0 0 0 0 0 0 0 0
2200 4591 0 0 0 0 0 0 0
0 0 0 0 0 0 0 0 0
0 0 0 0 0 0 0 0 0
4001 4027 0 0 0 0 0 0 0
0 0 0 0 0 0 0 0 0
3008 3480 0 0 0 0 0 0 0
0 0 0 0 0 0 0 0 0
0 0 0 0 0 0 0 0 0
2869 1934 0 0 0 0 0 0 0
0 0 0 0 0 0 0 0 0
2084 1454 0 0 0 0 0 0 0
1829 1006 0 0 0 0 0 0 0
0 0 0 0 0 0 0 0 0
0 0 0 0 0 0 0 0 0
2639 425 0 0 0 0 0 0 0
0 0 0 0 0 0 0 0 0
1243 451 0 0 0 0 0 0 0
1127 512 0 0 0 0 0 0 0
0 0 0 0 0 0 0 0 0
0 0 0 0 0 0 0 0 0
3154 193 0 0 0 0 0 0 0
0 0 0 0 0 0 0 0 0
2553 148 0 0 0 0 0 0 0
0 0 0 0 0 0 0 0 0
458 99 0 0 0 0 0 0 0
0 0 0 0 0 0 0 0 0
0 0 0 0 0 0 0 0 0
2366 192 0 0 0 0 0 0 0
2503 237 0 0 0 0 0 0 0
0 0 0 0 0 0 0 0 0
17 355 0 0 0 0 0 0 0
0 0 0 0 0 0 0 0 0
761 112 0 0 0 0 0 0 0
0 0 0 0 0 0 0 0 0
379 144 0 0 0 0 0 0 0
0 0 0 0 0 0 0 0 0
422 798 0 0 0 0 0 0 0
0 0 0 0 0 0 0 0 0
0 0 0 0 0 0 0 0 0
398 2017 0 0 0 0 0 0 0
0 0 0 0 0 0 0 0 0
121 3199 0 0 0 0 0 0 0
65 4094 0 0 0 0 0 0 0
0 0 0 0 0 0 0 0 0
0 0 0 0 0 0 0 0 0
81 4158 0 0 0 0 0 0 0
0 0 0 0 0 0 0 0 0
709 2778 0 0 0 0 0 0 0
0 0 0 0 0 0 0 0 0
0 0 0 0 0 0 0 0 0
1556 2027 0 0 0 0 0 0 0
1818 1565 0 0 0 0 0 0 0
0 0 0 0 0 0 0 0 0
613 797 0 0 0 0 0 0 0
0 0 0 0 0 0 0 0 0
0 0 0 0 0 0 0 0 0
610 457 0 0 0 0 0 0 0
0 0 0 0 0 0 0 0 0
641 270 0 0 0 0 0 0 0
0 0 0 0 0 0 0 0 0
64 175 0 0 0 0 0 0 0
0 0 0 0 0 0 0 0 0
496 142 0 0 0 0 0 0 0
0 0 0 0 0 0 0 0 0
127 11 0 0 0 0 0 0 0
14 0 0 0 0 0 0 0 0
0 0 0 0 0 0 0 0 0
0 0 0 0 0 0 0 0 0
17 37 0 0 0 0 0 0 0
0 0 0 0 0 0 0 0 0
45 35 0 0 0 0 0 0 0
0 0 0 0 0 0 0 0 0
249 0 0 0 0 0 0 0 0
0 0 0 0 0 0 0 0 0
0 0 0 0 0 0 0 0 0
679 0 0 0 0 0 0 0 0
0 0 0 0 0 0 0 0 0
705 0 0 0 0 0 0 0 0
638 0 0 0 0 0 0 0 0
0 0 0 0 0 0 0 0 0
0 0 0 0 0 0 0 0 0
731 0 0 0 0 0 0 0 0
856 0 0 0 0 0 0 0 0
0 0 0 0 0 0 0 0 0
642 0 0 0 0 0 0 0 0
0 0 0 0 0 0 0 0 0
0 0 0 0 0 0 0 0 0
303 0 0 0 0 0 0 0 0
0 0 0 0 0 0 0 0 0
1492 0 0 0 0 0 0 0 0
0 0 0 0 0 0 0 0 0
0 0 0 0 0 0 0 0 0
1590 0 0 0 0 0 0 0 0
0 0 0 0 0 0 0 0 0
1031 2 0 0 0 0 0 0 0
830 2 0 0 0 0 0 0 0
0 0 0 0 0 0 0 0 0
0 0 0 0 0 0 0 0 0
2392 152 0 0 0 0 0 0 0
0 0 0 0 0 0 0 0 0
3447 551 0 0 0 0 0 0 0
3211 1062 0 0 0 0 0 0 0
0 0 0 0 0 0 0 0 0
0 0 0 0 0 0 0 0 0
957 489 0 0 0 0 0 0 0
0 0 0 0 0 0 0 0 0
2802 43 0 0 0 0 0 0 0
0 0 0 0 0 0 0 0 0
2705 2 0 0 0 0 0 0 0
0 0 0 0 0 0 0 0 0
0 0 0 0 0 0 0 0 0
2763 114 0 0 0 0 0 0 0
2645 136 0 0 0 0 0 0 0
0 0 0 0 0 0 0 0 0
1317 84 0 0 0 0 0 0 0
0 0 0 0 0 0 0 0 0
0 0 0 0 0 0 0 0 0
171 7 0 0 0 0 0 0 0
240 0 0 0 0 0 0 0 0
0 0 0 0 0 0 0 0 0
201 0 0 0 0 0 0 0 0
0 0 0 0 0 0 0 0 0
0 0 0 0 0 0 0 0 0
2230 12 0 0 0 0 0 0 0
0 0 0 0 0 0 0 0 0
8668 12373 0 0 0 0 0 0 0
0 0 0 0 0 0 0 0 0
35 1067 0 0 0 0 0 0 0
0 0 0 0 0 0 0 0 0
171 1176 0 0 0 0 0 0 0
0 0 0 0 0 0 0 0 0
143 2067 0 0 0 0 0 0 0
0 0 0 0 0 0 0 0 0
387 3142 0 0 0 0 0 0 0
0 0 0 0 0 0 0 0 0
0 0 0 0 0 0 0 0 0
259 3785 0 0 0 0 0 0 0
0 0 0 0 0 0 0 0 0
271 2954 0 0 0 0 0 0 0
0 0 0 0 0 0 0 0 0
0 0 0 0 0 0 0 0 0
223 2530 0 0 0 0 0 0 0
0 0 0 0 0 0 0 0 0
287 3113 0 0 0 0 0 0 0
333 2988 0 0 0 0 0 0 0
0 0 0 0 0 0 0 0 0
0 0 0 0 0 0 0 0 0
533 2769 0 0 0 0 0 0 0
0 0 0 0 0 0 0 0 0
409 2224 0 0 0 0 0 0 0
85 1071 0 0 0 0 0 0 0
0 0 0 0 0 0 0 0 0
0 0 0 0 0 0 0 0 0
0 0 0 0 0 0 0 0 0
170 965 0 0 0 0 0 0 0
0 0 0 0 0 0 0 0 0
151 1495 0 0 0 0 0 0 0
181 2052 0 0 0 0 0 0 0
0 0 0 0 0 0 0 0 0
0 0 0 0 0 0 0 0 0
212 3872 0 0 0 0 0 0 0
0 0 0 0 0 0 0 0 0
194 6135 0 0 0 0 0 0 0
269 7562 0 0 0 0 0 0 0
0 0 0 0 0 0 0 0 0
0 0 0 0 0 0 0 0 0
259 6525 0 0 0 0 0 0 0
0 0 0 0 0 0 0 0 0
555 7940 0 0 0 0 0 0 0
0 0 0 0 0 0 0 0 0
0 0 0 0 0 0 0 0 0
45 9495 0 0 0 0 0 0 0
0 0 0 0 0 0 0 0 0
285 10399 0 0 0 0 0 0 0
809 10841 0 0 0 0 0 0 0
0 0 0 0 0 0 0 0 0
0 0 0 0 0 0 0 0 0
45 9346 0 0 0 0 0 0 0
0 0 0 0 0 0 0 0 0
58 7268 0 0 0 0 0 0 0
153 6506 0 0 0 0 0 0 0
0 0 0 0 0 0 0 0 0
0 0 0 0 0 0 0 0 0
83 6565 0 0 0 0 0 0 0
0 0 0 0 0 0 0 0 0
200 4340 0 0 0 0 0 0 0
230 5802 0 0 0 0 0 0 0
0 0 0 0 0 0 0 0 0
0 0 0 0 0 0 0 0 0
405 7479 0 0 0 0 0 0 0
0 0 0 0 0 0 0 0 0
657 8635 0 0 0 0 0 0 0
31 8936 0 0 0 0 0 0 0
0 0 0 0 0 0 0 0 0
0 0 0 0 0 0 0 0 0
200 10686 0 0 0 0 0 0 0
390 11406 0 0 0 0 0 0 0
0 0 0 0 0 0 0 0 0
457 11176 0 0 0 0 0 0 0
0 0 0 0 0 0 0 0 0
0 0 0 0 0 0 0 0 0
413 9835 0 0 0 0 0 0 0
606 8584 0 0 0 0 0 0 0
0 0 0 0 0 0 0 0 0
755 7527 0 0 0 0 0 0 0
0 0 0 0 0 0 0 0 0
0 0 0 0 0 0 0 0 0
918 6550 0 0 0 0 0 0 0
1497 4853 0 0 0 0 0 0 0
0 0 0 0 0 0 0 0 0
1762 3480 0 0 0 0 0 0 0
2376 2411 0 0 0 0 0 0 0
0 0 0 0 0 0 0 0 0
0 0 0 0 0 0 0 0 0
0 0 0 0 0 0 0 0 0
0 0 0 0 0 0 0 0 0
5696 5367 0 0 0 0 0 0 0
1222 1533 0 0 0 0 0 0 0
0 0 0 0 0 0 0 0 0
0 0 0 0 0 0 0 0 0
1105 1126 0 0 0 0 0 0 0
681 2233 0 0 0 0 0 0 0
0 0 0 0 0 0 0 0 0
0 0 0 0 0 0 0 0 0
0 0 0 0 0 0 0 0 0
1182 3450 0 0 0 0 0 0 0
1530 4597 0 0 0 0 0 0 0
0 0 0 0 0 0 0 0 0
1425 4894 0 0 0 0 0 0 0
872 4811 0 0 0 0 0 0 0
0 0 0 0 0 0 0 0 0
0 0 0 0 0 0 0 0 0
704 5085 0 0 0 0 0 0 0
313 4773 0 0 0 0 0 0 0
0 0 0 0 0 0 0 0 0
368 3805 0 0 0 0 0 0 0
0 0 0 0 0 0 0 0 0
1124 3032 0 0 0 0 0 0 0
0 0 0 0 0 0 0 0 0
1457 3384 0 0 0 0 0 0 0
887 3330 0 0 0 0 0 0 0
0 0 0 0 0 0 0 0 0
0 0 0 0 0 0 0 0 0
1490 2559 0 0 0 0 0 0 0
852 1950 0 0 0 0 0 0 0
0 0 0 0 0 0 0 0 0
379 1490 0 0 0 0 0 0 0
0 0 0 0 0 0 0 0 0
0 0 0 0 0 0 0 0 0
390 1072 0 0 0 0 0 0 0
220 817 0 0 0 0 0 0 0
0 0 0 0 0 0 0 0 0
290 577 0 0 0 0 0 0 0
297 316 0 0 0 0 0 0 0
0 0 0 0 0 0 0 0 0
0 0 0 0 0 0 0 0 0
681 389 0 0 0 0 0 0 0
468 342 0 0 0 0 0 0 0
0 0 0 0 0 0 0 0 0
435 119 0 0 0 0 0 0 0
0 0 0 0 0 0 0 0 0
576 9 0 0 0 0 0 0 0
0 0 0 0 0 0 0 0 0
376 0 0 0 0 0 0 0 0
172 0 0 0 0 0 0 0 0
0 0 0 0 0 0 0 0 0
0 0 0 0 0 0 0 0 0
551 16 0 0 0 0 0 0 0
0 0 0 0 0 0 0 0 0
1141 89 0 0 0 0 0 0 0
1597 177 0 0 0 0 0 0 0
0 0 0 0 0 0 0 0 0
0 0 0 0 0 0 0 0 0
415 125 0 0 0 0 0 0 0
166 40 0 0 0 0 0 0 0
0 0 0 0 0 0 0 0 0
364 154 0 0 0 0 0 0 0
0 0 0 0 0 0 0 0 0
0 0 0 0 0 0 0 0 0
276 86 0 0 0 0 0 0 0
695 219 0 0 0 0 0 0 0
0 0 0 0 0 0 0 0 0
1043 58 0 0 0 0 0 0 0
714 180 0 0 0 0 0 0 0
0 0 0 0 0 0 0 0 0
0 0 0 0 0 0 0 0 0
356 50 0 0 0 0 0 0 0
0 0 0 0 0 0 0 0 0
103 50 0 0 0 0 0 0 0
189 300 0 0 0 0 0 0 0
0 0 0 0 0 0 0 0 0
0 0 0 0 0 0 0 0 0
135 498 0 0 0 0 0 0 0
0 0 0 0 0 0 0 0 0
348 68 0 0 0 0 0 0 0
440 134 0 0 0 0 0 0 0
0 0 0 0 0 0 0 0 0
0 0 0 0 0 0 0 0 0
207 550 0 0 0 0 0 0 0
0 0 0 0 0 0 0 0 0
441 1011 0 0 0 0 0 0 0
0 0 0 0 0 0 0 0 0
0 0 0 0 0 0 0 0 0
639 1311 0 0 0 0 0 0 0
0 0 0 0 0 0 0 0 0
696 1817 0 0 0 0 0 0 0
311 1133 0 0 0 0 0 0 0
0 0 0 0 0 0 0 0 0
0 0 0 0 0 0 0 0 0
545 1384 0 0 0 0 0 0 0
0 0 0 0 0 0 0 0 0
254 807 0 0 0 0 0 0 0
410 1041 0 0 0 0 0 0 0
0 0 0 0 0 0 0 0 0
0 0 0 0 0 0 0 0 0
922 2798 0 0 0 0 0 0 0
0 0 0 0 0 0 0 0 0
977 3684 0 0 0 0 0 0 0
551 2729 0 0 0 0 0 0 0
0 0 0 0 0 0 0 0 0
788 2469 0 0 0 0 0 0 0
1046 2943 0 0 0 0 0 0 0
0 0 0 0 0 0 0 0 0
883 2847 0 0 0 0 0 0 0
0 0 0 0 0 0 0 0 0
0 0 0 0 0 0 0 0 0
640 3369 0 0 0 0 0 0 0
604 3754 0 0 0 0 0 0 0
0 0 0 0 0 0 0 0 0
0 0 0 0 0 0 0 0 0
0 0 0 0 0 0 0 0 0
0 0 0 0 0 0 0 0 0
2716 7035 0 0 0 0 0 0 0
1174 4525 0 0 0 0 0 0 0
0 0 0 0 0 0 0 0 0
0 0 0 0 0 0 0 0 0
0 0 0 0 0 0 0 0 0
0 0 0 0 0 0 0 0 0
2599 13103 0 0 0 0 0 0 0
732 5715 0 0 0 0 0 0 0
0 0 0 0 0 0 0 0 0
14042 23089 0 0 0 0 0 0 0
0 0 0 0 0 0 0 0 0
1215 3175 0 0 0 0 0 0 0
0 0 0 0 0 0 0 0 0
992 3726 0 0 0 0 0 0 0
1172 6085 0 0 0 0 0 0 0
0 0 0 0 0 0 0 0 0
0 0 0 0 0 0 0 0 0
1523 7273 0 0 0 0 0 0 0
799 6821 0 0 0 0 0 0 0
0 0 0 0 0 0 0 0 0
237 5796 0 0 0 0 0 0 0
0 0 0 0 0 0 0 0 0
0 0 0 0 0 0 0 0 0
299 6107 0 0 0 0 0 0 0
452 6992 0 0 0 0 0 0 0
0 0 0 0 0 0 0 0 0
592 8262 0 0 0 0 0 0 0
0 0 0 0 0 0 0 0 0
0 0 0 0 0 0 0 0 0
687 10460 0 0 0 0 0 0 0
366 11839 0 0 0 0 0 0 0
0 0 0 0 0 0 0 0 0
195 10754 0 0 0 0 0 0 0
0 0 0 0 0 0 0 0 0
0 0 0 0 0 0 0 0 0
522 9348 0 0 0 0 0 0 0
667 6617 0 0 0 0 0 0 0
0 0 0 0 0 0 0 0 0
0 0 0 0 0 0 0 0 0
1237 5608 0 0 0 0 0 0 0
0 0 0 0 0 0 0 0 0
2022 5209 0 0 0 0 0 0 0
0 0 0 0 0 0 0 0 0
2158 5974 0 0 0 0 0 0 0
0 0 0 0 0 0 0 0 0
2238 6645 0 0 0 0 0 0 0
0 0 0 0 0 0 0 0 0
2323 4867 0 0 0 0 0 0 0
0 0 0 0 0 0 0 0 0
1949 3472 0 0 0 0 0 0 0
0 0 0 0 0 0 0 0 0
1240 2657 0 0 0 0 0 0 0
0 0 0 0 0 0 0 0 0
1125 3211 0 0 0 0 0 0 0
0 0 0 0 0 0 0 0 0
0 0 0 0 0 0 0 0 0
1762 1402 0 0 0 0 0 0 0
0 0 0 0 0 0 0 0 0
0 0 0 0 0 0 0 0 0
1544 1138 0 0 0 0 0 0 0
1328 1658 0 0 0 0 0 0 0
0 0 0 0 0 0 0 0 0
984 1838 0 0 0 0 0 0 0
654 2832 0 0 0 0 0 0 0
0 0 0 0 0 0 0 0 0
0 0 0 0 0 0 0 0 0
610 3546 0 0 0 0 0 0 0
0 0 0 0 0 0 0 0 0
239 2754 0 0 0 0 0 0 0
87 2334 0 0 0 0 0 0 0
0 0 0 0 0 0 0 0 0
0 0 0 0 0 0 0 0 0
0 0 0 0 0 0 0 0 0
121 2350 0 0 0 0 0 0 0
0 0 0 0 0 0 0 0 0
0 0 0 0 0 0 0 0 0
0 0 0 0 0 0 0 0 0
281 6786 0 0 0 0 0 0 0
0 0 0 0 0 0 0 0 0
85 3815 0 0 0 0 0 0 0
19 4087 0 0 0 0 0 0 0
0 0 0 0 0 0 0 0 0
9442 29438 0 0 0 0 0 0 0
0 0 0 0 0 0 0 0 0
0 344 0 0 0 0 0 0 0
0 0 0 0 0 0 0 0 0
10 758 0 0 0 0 0 0 0
71 900 0 0 0 0 0 0 0
0 0 0 0 0 0 0 0 0
0 0 0 0 0 0 0 0 0
8 631 0 0 0 0 0 0 0
0 0 0 0 0 0 0 0 0
0 0 0 0 0 0 0 0 0
0 303 0 0 0 0 0 0 0
0 939 0 0 0 0 0 0 0
0 0 0 0 0 0 0 0 0
0 0 0 0 0 0 0 0 0
41 1393 0 0 0 0 0 0 0
29 476 0 0 0 0 0 0 0
0 0 0 0 0 0 0 0 0
8 206 0 0 0 0 0 0 0
0 0 0 0 0 0 0 0 0
0 0 0 0 0 0 0 0 0
0 365 0 0 0 0 0 0 0
0 174 0 0 0 0 0 0 0
0 0 0 0 0 0 0 0 0
35 94 0 0 0 0 0 0 0
0 0 0 0 0 0 0 0 0
0 0 0 0 0 0 0 0 0
173 21 0 0 0 0 0 0 0
0 0 0 0 0 0 0 0 0
489 0 0 0 0 0 0 0 0
0 0 0 0 0 0 0 0 0
0 0 0 0 0 0 0 0 0
117 4 0 0 0 0 0 0 0
3 0 0 0 0 0 0 0 0
0 0 0 0 0 0 0 0 0
35 20 0 0 0 0 0 0 0
0 0 0 0 0 0 0 0 0
0 0 0 0 0 0 0 0 0
297 542 0 0 0 0 0 0 0
517 608 0 0 0 0 0 0 0
0 0 0 0 0 0 0 0 0
0 0 0 0 0 0 0 0 0
529 542 0 0 0 0 0 0 0
0 0 0 0 0 0 0 0 0
873 1448 0 0 0 0 0 0 0
0 0 0 0 0 0 0 0 0
1268 930 0 0 0 0 0 0 0
0 0 0 0 0 0 0 0 0
1476 99 0 0 0 0 0 0 0
0 0 0 0 0 0 0 0 0
1788 436 0 0 0 0 0 0 0
0 0 0 0 0 0 0 0 0
1644 434 0 0 0 0 0 0 0
0 0 0 0 0 0 0 0 0
1288 566 0 0 0 0 0 0 0
0 0 0 0 0 0 0 0 0
0 0 0 0 0 0 0 0 0
1010 722 0 0 0 0 0 0 0
0 0 0 0 0 0 0 0 0
799 969 0 0 0 0 0 0 0
803 782 0 0 0 0 0 0 0
0 0 0 0 0 0 0 0 0
0 0 0 0 0 0 0 0 0
548 53 0 0 0 0 0 0 0
0 0 0 0 0 0 0 0 0
610 151 0 0 0 0 0 0 0
934 947 0 0 0 0 0 0 0
0 0 0 0 0 0 0 0 0
0 0 0 0 0 0 0 0 0
649 1682 0 0 0 0 0 0 0
0 0 0 0 0 0 0 0 0
797 2427 0 0 0 0 0 0 0
532 2847 0 0 0 0 0 0 0
0 0 0 0 0 0 0 0 0
0 0 0 0 0 0 0 0 0
0 0 0 0 0 0 0 0 0
333 3530 0 0 0 0 0 0 0
87 4264 0 0 0 0 0 0 0
0 0 0 0 0 0 0 0 0
0 0 0 0 0 0 0 0 0
60 5283 0 0 0 0 0 0 0
0 0 0 0 0 0 0 0 0
150 6054 0 0 0 0 0 0 0
297 5607 0 0 0 0 0 0 0
0 0 0 0 0 0 0 0 0
0 0 0 0 0 0 0 0 0
317 5074 0 0 0 0 0 0 0
0 0 0 0 0 0 0 0 0
237 5648 0 0 0 0 0 0 0
244 6068 0 0 0 0 0 0 0
0 0 0 0 0 0 0 0 0
0 0 0 0 0 0 0 0 0
489 4836 0 0 0 0 0 0 0
0 0 0 0 0 0 0 0 0
693 3416 0 0 0 0 0 0 0
486 2878 0 0 0 0 0 0 0
0 0 0 0 0 0 0 0 0
0 0 0 0 0 0 0 0 0
0 0 0 0 0 0 0 0 0
617 2448 0 0 0 0 0 0 0
1173 1792 0 0 0 0 0 0 0
0 0 0 0 0 0 0 0 0
2275 1300 0 0 0 0 0 0 0
0 0 0 0 0 0 0 0 0
0 0 0 0 0 0 0 0 0
886 880 0 0 0 0 0 0 0
2156 682 0 0 0 0 0 0 0
0 0 0 0 0 0 0 0 0
898 386 0 0 0 0 0 0 0
0 0 0 0 0 0 0 0 0
0 0 0 0 0 0 0 0 0
941 643 0 0 0 0 0 0 0
172 595 0 0 0 0 0 0 0
0 0 0 0 0 0 0 0 0
686 670 0 0 0 0 0 0 0
0 0 0 0 0 0 0 0 0
0 0 0 0 0 0 0 0 0
984 803 0 0 0 0 0 0 0
934 612 0 0 0 0 0 0 0
0 0 0 0 0 0 0 0 0
1244 575 0 0 0 0 0 0 0
0 0 0 0 0 0 0 0 0
0 0 0 0 0 0 0 0 0
690 823 0 0 0 0 0 0 0
944 1199 0 0 0 0 0 0 0
0 0 0 0 0 0 0 0 0
895 1318 0 0 0 0 0 0 0
0 0 0 0 0 0 0 0 0
203 1457 0 0 0 0 0 0 0
0 0 0 0 0 0 0 0 0
248 1430 0 0 0 0 0 0 0
0 0 0 0 0 0 0 0 0
652 947 0 0 0 0 0 0 0
0 0 0 0 0 0 0 0 0
798 710 0 0 0 0 0 0 0
0 0 0 0 0 0 0 0 0
0 0 0 0 0 0 0 0 0
0 0 0 0 0 0 0 0 0
3594 1997 0 0 0 0 0 0 0
0 0 0 0 0 0 0 0 0
1982 232 0 0 0 0 0 0 0
0 0 0 0 0 0 0 0 0
787 332 0 0 0 0 0 0 0
0 0 0 0 0 0 0 0 0
1201 538 0 0 0 0 0 0 0
0 0 0 0 0 0 0 0 0
1466 156 0 0 0 0 0 0 0
0 0 0 0 0 0 0 0 0
974 25 0 0 0 0 0 0 0
0 0 0 0 0 0 0 0 0
796 277 0 0 0 0 0 0 0
0 0 0 0 0 0 0 0 0
896 887 0 0 0 0 0 0 0
0 0 0 0 0 0 0 0 0
678 1325 0 0 0 0 0 0 0
0 0 0 0 0 0 0 0 0
546 1790 0 0 0 0 0 0 0
0 0 0 0 0 0 0 0 0
982 2544 0 0 0 0 0 0 0
0 0 0 0 0 0 0 0 0
1014 4503 0 0 0 0 0 0 0
0 0 0 0 0 0 0 0 0
928 6879 0 0 0 0 0 0 0
0 0 0 0 0 0 0 0 0
695 9707 0 0 0 0 0 0 0
0 0 0 0 0 0 0 0 0
206 13259 0 0 0 0 0 0 0
14 14738 0 0 0 0 0 0 0
0 0 0 0 0 0 0 0 0
0 0 0 0 0 0 0 0 0
363 14372 0 0 0 0 0 0 0
0 0 0 0 0 0 0 0 0
415 12831 0 0 0 0 0 0 0
216 10794 0 0 0 0 0 0 0
0 0 0 0 0 0 0 0 0
0 0 0 0 0 0 0 0 0
528 10416 0 0 0 0 0 0 0
0 0 0 0 0 0 0 0 0
0 0 0 0 0 0 0 0 0
431 8440 0 0 0 0 0 0 0
147 8534 0 0 0 0 0 0 0
0 0 0 0 0 0 0 0 0
0 0 0 0 0 0 0 0 0
270 8521 0 0 0 0 0 0 0
0 0 0 0 0 0 0 0 0
415 10152 0 0 0 0 0 0 0
106 11417 0 0 0 0 0 0 0
0 0 0 0 0 0 0 0 0
0 0 0 0 0 0 0 0 0
279 10901 0 0 0 0 0 0 0
0 0 0 0 0 0 0 0 0
221 9980 0 0 0 0 0 0 0
98 7841 0 0 0 0 0 0 0
0 0 0 0 0 0 0 0 0
0 0 0 0 0 0 0 0 0
48 7543 0 0 0 0 0 0 0
92 5121 0 0 0 0 0 0 0
0 0 0 0 0 0 0 0 0
21 4201 0 0 0 0 0 0 0
0 0 0 0 0 0 0 0 0
0 0 0 0 0 0 0 0 0
61 3454 0 0 0 0 0 0 0
64 1626 0 0 0 0 0 0 0
0 0 0 0 0 0 0 0 0
47 599 0 0 0 0 0 0 0
0 0 0 0 0 0 0 0 0
0 0 0 0 0 0 0 0 0
527 822 0 0 0 0 0 0 0
1062 976 0 0 0 0 0 0 0
0 0 0 0 0 0 0 0 0
900 1212 0 0 0 0 0 0 0
0 0 0 0 0 0 0 0 0
0 0 0 0 0 0 0 0 0
1044 664 0 0 0 0 0 0 0
1465 323 0 0 0 0 0 0 0
0 0 0 0 0 0 0 0 0
1701 365 0 0 0 0 0 0 0
0 0 0 0 0 0 0 0 0
0 0 0 0 0 0 0 0 0
1449 469 0 0 0 0 0 0 0
1478 505 0 0 0 0 0 0 0
0 0 0 0 0 0 0 0 0
1085 253 0 0 0 0 0 0 0
0 0 0 0 0 0 0 0 0
0 0 0 0 0 0 0 0 0
0 0 0 0 0 0 0 0 0
2236 2815 0 0 0 0 0 0 0
0 0 0 0 0 0 0 0 0
1152 1652 0 0 0 0 0 0 0
0 0 0 0 0 0 0 0 0
1581 3026 0 0 0 0 0 0 0
0 0 0 0 0 0 0 0 0
1141 3005 0 0 0 0 0 0 0
0 0 0 0 0 0 0 0 0
1344 2361 0 0 0 0 0 0 0
0 0 0 0 0 0 0 0 0
1270 1810 0 0 0 0 0 0 0
0 0 0 0 0 0 0 0 0
1229 1223 0 0 0 0 0 0 0
0 0 0 0 0 0 0 0 0
820 704 0 0 0 0 0 0 0
0 0 0 0 0 0 0 0 0
393 360 0 0 0 0 0 0 0
0 0 0 0 0 0 0 0 0
807 26 0 0 0 0 0 0 0
0 0 0 0 0 0 0 0 0
1274 0 0 0 0 0 0 0 0
0 0 0 0 0 0 0 0 0
1733 0 0 0 0 0 0 0 0
0 0 0 0 0 0 0 0 0
1441 8 0 0 0 0 0 0 0
0 0 0 0 0 0 0 0 0
1457 94 0 0 0 0 0 0 0
0 0 0 0 0 0 0 0 0
1074 131 0 0 0 0 0 0 0
0 0 0 0 0 0 0 0 0
548 5 0 0 0 0 0 0 0
0 0 0 0 0 0 0 0 0
191 0 0 0 0 0 0 0 0
0 0 0 0 0 0 0 0 0
0 0 0 0 0 0 0 0 0
290 0 0 0 0 0 0 0 0
0 0 0 0 0 0 0 0 0
0 0 0 0 0 0 0 0 0
768 46 0 0 0 0 0 0 0
0 0 0 0 0 0 0 0 0
0 0 0 0 0 0 0 0 0
339 315 0 0 0 0 0 0 0
0 0 0 0 0 0 0 0 0
81 0 0 0 0 0 0 0 0
308 0 0 0 0 0 0 0 0
0 0 0 0 0 0 0 0 0
0 0 0 0 0 0 0 0 0
774 0 0 0 0 0 0 0 0
1481 0 0 0 0 0 0 0 0
0 0 0 0 0 0 0 0 0
780 0 0 0 0 0 0 0 0
0 0 0 0 0 0 0 0 0
0 0 0 0 0 0 0 0 0
923 0 0 0 0 0 0 0 0
1388 45 0 0 0 0 0 0 0
0 0 0 0 0 0 0 0 0
935 46 0 0 0 0 0 0 0
0 0 0 0 0 0 0 0 0
0 0 0 0 0 0 0 0 0
367 18 0 0 0 0 0 0 0
471 0 0 0 0 0 0 0 0
0 0 0 0 0 0 0 0 0
413 0 0 0 0 0 0 0 0
0 0 0 0 0 0 0 0 0
0 0 0 0 0 0 0 0 0
212 0 0 0 0 0 0 0 0
408 0 0 0 0 0 0 0 0
0 0 0 0 0 0 0 0 0
323 0 0 0 0 0 0 0 0
0 0 0 0 0 0 0 0 0
0 0 0 0 0 0 0 0 0
49 0 0 0 0 0 0 0 0
78 0 0 0 0 0 0 0 0
0 0 0 0 0 0 0 0 0
0 0 0 0 0 0 0 0 0
0 0 0 0 0 0 0 0 0
6 0 0 0 0 0 0 0 0
0 0 0 0 0 0 0 0 0
7 127 0 0 0 0 0 0 0
0 0 0 0 0 0 0 0 0
70 630 0 0 0 0 0 0 0
0 0 0 0 0 0 0 0 0
173 529 0 0 0 0 0 0 0
0 0 0 0 0 0 0 0 0
165 201 0 0 0 0 0 0 0
0 0 0 0 0 0 0 0 0
175 30 0 0 0 0 0 0 0
0 0 0 0 0 0 0 0 0
247 0 0 0 0 0 0 0 0
0 0 0 0 0 0 0 0 0
256 31 0 0 0 0 0 0 0
0 0 0 0 0 0 0 0 0
198 27 0 0 0 0 0 0 0
0 0 0 0 0 0 0 0 0
356 0 0 0 0 0 0 0 0
0 0 0 0 0 0 0 0 0
964 5 0 0 0 0 0 0 0
0 0 0 0 0 0 0 0 0
0 0 0 0 0 0 0 0 0
0 0 0 0 0 0 0 0 0
3419 350 0 0 0 0 0 0 0
0 0 0 0 0 0 0 0 0
887 0 0 0 0 0 0 0 0
1030 0 0 0 0 0 0 0 0
0 0 0 0 0 0 0 0 0
1316 0 0 0 0 0 0 0 0
0 0 0 0 0 0 0 0 0
1116 4 0 0 0 0 0 0 0
0 0 0 0 0 0 0 0 0
1109 0 0 0 0 0 0 0 0
0 0 0 0 0 0 0 0 0
0 0 0 0 0 0 0 0 0
1175 0 0 0 0 0 0 0 0
0 0 0 0 0 0 0 0 0
1299 0 0 0 0 0 0 0 0
1055 0 0 0 0 0 0 0 0
0 0 0 0 0 0 0 0 0
0 0 0 0 0 0 0 0 0
248 0 0 0 0 0 0 0 0
0 0 0 0 0 0 0 0 0
24 0 0 0 0 0 0 0 0
119 1 0 0 0 0 0 0 0
0 0 0 0 0 0 0 0 0
0 0 0 0 0 0 0 0 0
264 0 0 0 0 0 0 0 0
0 0 0 0 0 0 0 0 0
647 11 0 0 0 0 0 0 0
1396 32 0 0 0 0 0 0 0
0 0 0 0 0 0 0 0 0
0 0 0 0 0 0 0 0 0
1545 0 0 0 0 0 0 0 0
0 0 0 0 0 0 0 0 0
1326 0 0 0 0 0 0 0 0
2332 0 0 0 0 0 0 0 0
0 0 0 0 0 0 0 0 0
0 0 0 0 0 0 0 0 0
3323 1 0 0 0 0 0 0 0
3493 41 0 0 0 0 0 0 0
0 0 0 0 0 0 0 0 0
3258 379 0 0 0 0 0 0 0
0 0 0 0 0 0 0 0 0
0 0 0 0 0 0 0 0 0
2739 1208 0 0 0 0 0 0 0
3497 2223 0 0 0 0 0 0 0
0 0 0 0 0 0 0 0 0
3561 3850 0 0 0 0 0 0 0
0 0 0 0 0 0 0 0 0
0 0 0 0 0 0 0 0 0
4295 6044 0 0 0 0 0 0 0
4209 6920 0 0 0 0 0 0 0
0 0 0 0 0 0 0 0 0
3396 6904 0 0 0 0 0 0 0
0 0 0 0 0 0 0 0 0
0 0 0 0 0 0 0 0 0
3567 6570 0 0 0 0 0 0 0
2062 4825 0 0 0 0 0 0 0
0 0 0 0 0 0 0 0 0
167 2985 0 0 0 0 0 0 0
0 0 0 0 0 0 0 0 0
0 0 0 0 0 0 0 0 0
834 2616 0 0 0 0 0 0 0
649 3692 0 0 0 0 0 0 0
0 0 0 0 0 0 0 0 0
0 0 0 0 0 0 0 0 0
0 0 0 0 0 0 0 0 0
0 0 0 0 0 0 0 0 0
1899 9180 0 0 0 0 0 0 0
432 2123 0 0 0 0 0 0 0
0 0 0 0 0 0 0 0 0
40 1286 0 0 0 0 0 0 0
0 0 0 0 0 0 0 0 0
0 0 0 0 0 0 0 0 0
439 965 0 0 0 0 0 0 0
475 995 0 0 0 0 0 0 0
0 0 0 0 0 0 0 0 0
685 1141 0 0 0 0 0 0 0
0 0 0 0 0 0 0 0 0
378 943 0 0 0 0 0 0 0
0 0 0 0 0 0 0 0 0
476 1224 0 0 0 0 0 0 0
0 0 0 0 0 0 0 0 0
733 1418 0 0 0 0 0 0 0
0 0 0 0 0 0 0 0 0
968 685 0 0 0 0 0 0 0
0 0 0 0 0 0 0 0 0
1214 555 0 0 0 0 0 0 0
0 0 0 0 0 0 0 0 0
557 542 0 0 0 0 0 0 0
0 0 0 0 0 0 0 0 0
609 393 0 0 0 0 0 0 0
0 0 0 0 0 0 0 0 0
0 0 0 0 0 0 0 0 0
1002 161 0 0 0 0 0 0 0
968 278 0 0 0 0 0 0 0
0 0 0 0 0 0 0 0 0
0 0 0 0 0 0 0 0 0
938 425 0 0 0 0 0 0 0
0 0 0 0 0 0 0 0 0
535 399 0 0 0 0 0 0 0
221 287 0 0 0 0 0 0 0
0 0 0 0 0 0 0 0 0
0 0 0 0 0 0 0 0 0
246 202 0 0 0 0 0 0 0
0 0 0 0 0 0 0 0 0
74 286 0 0 0 0 0 0 0
174 194 0 0 0 0 0 0 0
0 0 0 0 0 0 0 0 0
0 0 0 0 0 0 0 0 0
169 186 0 0 0 0 0 0 0
0 0 0 0 0 0 0 0 0
0 97 0 0 0 0 0 0 0
211 100 0 0 0 0 0 0 0
0 0 0 0 0 0 0 0 0
0 0 0 0 0 0 0 0 0
314 315 0 0 0 0 0 0 0
0 0 0 0 0 0 0 0 0
617 218 0 0 0 0 0 0 0
261 489 0 0 0 0 0 0 0
0 0 0 0 0 0 0 0 0
0 0 0 0 0 0 0 0 0
857 773 0 0 0 0 0 0 0
0 0 0 0 0 0 0 0 0
1303 603 0 0 0 0 0 0 0
161 213 0 0 0 0 0 0 0
0 0 0 0 0 0 0 0 0
0 0 0 0 0 0 0 0 0
142 365 0 0 0 0 0 0 0
0 0 0 0 0 0 0 0 0
139 228 0 0 0 0 0 0 0
321 177 0 0 0 0 0 0 0
0 0 0 0 0 0 0 0 0
0 0 0 0 0 0 0 0 0
174 177 0 0 0 0 0 0 0
0 0 0 0 0 0 0 0 0
244 119 0 0 0 0 0 0 0
217 61 0 0 0 0 0 0 0
0 0 0 0 0 0 0 0 0
0 0 0 0 0 0 0 0 0
0 0 0 0 0 0 0 0 0
449 15 0 0 0 0 0 0 0
641 11 0 0 0 0 0 0 0
0 0 0 0 0 0 0 0 0
0 0 0 0 0 0 0 0 0
703 51 0 0 0 0 0 0 0
0 0 0 0 0 0 0 0 0
534 106 0 0 0 0 0 0 0
463 62 0 0 0 0 0 0 0
0 0 0 0 0 0 0 0 0
0 0 0 0 0 0 0 0 0
283 31 0 0 0 0 0 0 0
0 0 0 0 0 0 0 0 0
159 343 0 0 0 0 0 0 0
242 379 0 0 0 0 0 0 0
0 0 0 0 0 0 0 0 0
0 0 0 0 0 0 0 0 0
0 0 0 0 0 0 0 0 0
357 105 0 0 0 0 0 0 0
119 46 0 0 0 0 0 0 0
0 0 0 0 0 0 0 0 0
425 151 0 0 0 0 0 0 0
0 0 0 0 0 0 0 0 0
0 0 0 0 0 0 0 0 0
148 76 0 0 0 0 0 0 0
467 63 0 0 0 0 0 0 0
0 0 0 0 0 0 0 0 0
15 28 0 0 0 0 0 0 0
0 0 0 0 0 0 0 0 0
0 0 0 0 0 0 0 0 0
110 23 0 0 0 0 0 0 0
228 70 0 0 0 0 0 0 0
0 0 0 0 0 0 0 0 0
0 0 0 0 0 0 0 0 0
0 0 0 0 0 0 0 0 0
183 90 0 0 0 0 0 0 0
363 101 0 0 0 0 0 0 0
0 0 0 0 0 0 0 0 0
524 98 0 0 0 0 0 0 0
0 0 0 0 0 0 0 0 0
0 0 0 0 0 0 0 0 0
745 278 0 0 0 0 0 0 0
988 484 0 0 0 0 0 0 0
0 0 0 0 0 0 0 0 0
1169 556 0 0 0 0 0 0 0
1303 662 0 0 0 0 0 0 0
0 0 0 0 0 0 0 0 0
0 0 0 0 0 0 0 0 0
0 0 0 0 0 0 0 0 0
1669 379 0 0 0 0 0 0 0
0 0 0 0 0 0 0 0 0
0 0 0 0 0 0 0 0 0
0 0 0 0 0 0 0 0 0
4840 2150 0 0 0 0 0 0 0
0 0 0 0 0 0 0 0 0
2768 1177 0 0 0 0 0 0 0
0 0 0 0 0 0 0 0 0
4645 1848 0 0 0 0 0 0 0
0 0 0 0 0 0 0 0 0
5348 2602 0 0 0 0 0 0 0
0 0 0 0 0 0 0 0 0
4050 3909 0 0 0 0 0 0 0
0 0 0 0 0 0 0 0 0
1806 5380 0 0 0 0 0 0 0
0 0 0 0 0 0 0 0 0
0 0 0 0 0 0 0 0 0
2026 5238 0 0 0 0 0 0 0
0 0 0 0 0 0 0 0 0
2607 3750 0 0 0 0 0 0 0
2097 2586 0 0 0 0 0 0 0
0 0 0 0 0 0 0 0 0
0 0 0 0 0 0 0 0 0
2314 3073 0 0 0 0 0 0 0
0 0 0 0 0 0 0 0 0
1919 3634 0 0 0 0 0 0 0
1371 2960 0 0 0 0 0 0 0
0 0 0 0 0 0 0 0 0
0 0 0 0 0 0 0 0 0
1004 1412 0 0 0 0 0 0 0
0 0 0 0 0 0 0 0 0
474 322 0 0 0 0 0 0 0
0 0 0 0 0 0 0 0 0
0 0 0 0 0 0 0 0 0
464 587 0 0 0 0 0 0 0
0 0 0 0 0 0 0 0 0
562 1470 0 0 0 0 0 0 0
263 1382 0 0 0 0 0 0 0
0 0 0 0 0 0 0 0 0
0 0 0 0 0 0 0 0 0
671 705 0 0 0 0 0 0 0
0 0 0 0 0 0 0 0 0
764 316 0 0 0 0 0 0 0
280 92 0 0 0 0 0 0 0
0 0 0 0 0 0 0 0 0
0 0 0 0 0 0 0 0 0
526 244 0 0 0 0 0 0 0
0 0 0 0 0 0 0 0 0
429 1231 0 0 0 0 0 0 0
0 0 0 0 0 0 0 0 0
424 2382 0 0 0 0 0 0 0
0 0 0 0 0 0 0 0 0
0 0 0 0 0 0 0 0 0
844 1963 0 0 0 0 0 0 0
1074 905 0 0 0 0 0 0 0
0 0 0 0 0 0 0 0 0
1181 11 0 0 0 0 0 0 0
0 0 0 0 0 0 0 0 0
0 0 0 0 0 0 0 0 0
1100 45 0 0 0 0 0 0 0
910 97 0 0 0 0 0 0 0
0 0 0 0 0 0 0 0 0
1423 149 0 0 0 0 0 0 0
0 0 0 0 0 0 0 0 0
0 0 0 0 0 0 0 0 0
1915 139 0 0 0 0 0 0 0
0 0 0 0 0 0 0 0 0
1746 85 0 0 0 0 0 0 0
0 0 0 0 0 0 0 0 0
0 0 0 0 0 0 0 0 0
1907 139 0 0 0 0 0 0 0
2310 185 0 0 0 0 0 0 0
0 0 0 0 0 0 0 0 0
2976 340 0 0 0 0 0 0 0
0 0 0 0 0 0 0 0 0
0 0 0 0 0 0 0 0 0
2144 496 0 0 0 0 0 0 0
1351 416 0 0 0 0 0 0 0
0 0 0 0 0 0 0 0 0
741 182 0 0 0 0 0 0 0
0 0 0 0 0 0 0 0 0
0 0 0 0 0 0 0 0 0
587 23 0 0 0 0 0 0 0
0 0 0 0 0 0 0 0 0
398 4 0 0 0 0 0 0 0
0 0 0 0 0 0 0 0 0
500 0 0 0 0 0 0 0 0
0 0 0 0 0 0 0 0 0
866 0 0 0 0 0 0 0 0
0 0 0 0 0 0 0 0 0
847 5 0 0 0 0 0 0 0
0 0 0 0 0 0 0 0 0
863 11 0 0 0 0 0 0 0
0 0 0 0 0 0 0 0 0
602 10 0 0 0 0 0 0 0
0 0 0 0 0 0 0 0 0
346 12 0 0 0 0 0 0 0
0 0 0 0 0 0 0 0 0
456 10 0 0 0 0 0 0 0
0 0 0 0 0 0 0 0 0
0 0 0 0 0 0 0 0 0
217 23 0 0 0 0 0 0 0
0 0 0 0 0 0 0 0 0
590 20 0 0 0 0 0 0 0
1041 16 0 0 0 0 0 0 0
0 0 0 0 0 0 0 0 0
0 0 0 0 0 0 0 0 0
1134 202 0 0 0 0 0 0 0
0 0 0 0 0 0 0 0 0
848 195 0 0 0 0 0 0 0
899 98 0 0 0 0 0 0 0
0 0 0 0 0 0 0 0 0
0 0 0 0 0 0 0 0 0
1677 0 0 0 0 0 0 0 0
0 0 0 0 0 0 0 0 0
3215 0 0 0 0 0 0 0 0
0 0 0 0 0 0 0 0 0
0 0 0 0 0 0 0 0 0
4350 0 0 0 0 0 0 0 0
0 0 0 0 0 0 0 0 0
4517 71 0 0 0 0 0 0 0
0 0 0 0 0 0 0 0 0
3607 219 0 0 0 0 0 0 0
0 0 0 0 0 0 0 0 0
2723 812 0 0 0 0 0 0 0
0 0 0 0 0 0 0 0 0
1639 1809 0 0 0 0 0 0 0
2137 2696 0 0 0 0 0 0 0
0 0 0 0 0 0 0 0 0
0 0 0 0 0 0 0 0 0
3694 2470 0 0 0 0 0 0 0
0 0 0 0 0 0 0 0 0
0 0 0 0 0 0 0 0 0
0 0 0 0 0 0 0 0 0
8350 7314 0 0 0 0 0 0 0
0 0 0 0 0 0 0 0 0
0 0 0 0 0 0 0 0 0
5601 4814 0 0 0 0 0 0 0
6191 4800 0 0 0 0 0 0 0
0 0 0 0 0 0 0 0 0
3479 2761 0 0 0 0 0 0 0
0 0 0 0 0 0 0 0 0
0 0 0 0 0 0 0 0 0
320 1582 0 0 0 0 0 0 0
1058 1553 0 0 0 0 0 0 0
0 0 0 0 0 0 0 0 0
1164 2478 0 0 0 0 0 0 0
0 0 0 0 0 0 0 0 0
0 0 0 0 0 0 0 0 0
548 3387 0 0 0 0 0 0 0
0 0 0 0 0 0 0 0 0
14 3369 0 0 0 0 0 0 0
0 0 0 0 0 0 0 0 0
0 0 0 0 0 0 0 0 0
65 4094 0 0 0 0 0 0 0
0 0 0 0 0 0 0 0 0
248 5189 0 0 0 0 0 0 0
182 3741 0 0 0 0 0 0 0
0 0 0 0 0 0 0 0 0
0 0 0 0 0 0 0 0 0
67 2855 0 0 0 0 0 0 0
154 2571 0 0 0 0 0 0 0
0 0 0 0 0 0 0 0 0
79 2188 0 0 0 0 0 0 0
0 0 0 0 0 0 0 0 0
0 0 0 0 0 0 0 0 0
0 0 0 0 0 0 0 0 0
90 1569 0 0 0 0 0 0 0
31 1405 0 0 0 0 0 0 0
0 0 0 0 0 0 0 0 0
538 1094 0 0 0 0 0 0 0
0 0 0 0 0 0 0 0 0
394 2876 0 0 0 0 0 0 0
0 0 0 0 0 0 0 0 0
72 2844 0 0 0 0 0 0 0
0 0 0 0 0 0 0 0 0
121 2369 0 0 0 0 0 0 0
0 0 0 0 0 0 0 0 0
904 2437 0 0 0 0 0 0 0
0 0 0 0 0 0 0 0 0
46 2005 0 0 0 0 0 0 0
0 0 0 0 0 0 0 0 0
0 0 0 0 0 0 0 0 0
0 0 0 0 0 0 0 0 0
582 1363 0 0 0 0 0 0 0
45 1648 0 0 0 0 0 0 0
0 0 0 0 0 0 0 0 0
426 642 0 0 0 0 0 0 0
0 0 0 0 0 0 0 0 0
0 0 0 0 0 0 0 0 0
251 777 0 0 0 0 0 0 0
227 1409 0 0 0 0 0 0 0
0 0 0 0 0 0 0 0 0
249 230 0 0 0 0 0 0 0
234 711 0 0 0 0 0 0 0
0 0 0 0 0 0 0 0 0
0 0 0 0 0 0 0 0 0
92 528 0 0 0 0 0 0 0
0 0 0 0 0 0 0 0 0
443 197 0 0 0 0 0 0 0
459 576 0 0 0 0 0 0 0
0 0 0 0 0 0 0 0 0
0 0 0 0 0 0 0 0 0
0 0 0 0 0 0 0 0 0
281 958 0 0 0 0 0 0 0
0 0 0 0 0 0 0 0 0
106 1125 0 0 0 0 0 0 0
0 0 0 0 0 0 0 0 0
291 2998 0 0 0 0 0 0 0
0 0 0 0 0 0 0 0 0
210 3804 0 0 0 0 0 0 0
0 0 0 0 0 0 0 0 0
715 3483 0 0 0 0 0 0 0
0 0 0 0 0 0 0 0 0
58 3978 0 0 0 0 0 0 0
0 0 0 0 0 0 0 0 0
158 3562 0 0 0 0 0 0 0
21 2984 0 0 0 0 0 0 0
0 0 0 0 0 0 0 0 0
0 0 0 0 0 0 0 0 0
80 2675 0 0 0 0 0 0 0
0 0 0 0 0 0 0 0 0
0 2001 0 0 0 0 0 0 0
108 1279 0 0 0 0 0 0 0
0 0 0 0 0 0 0 0 0
0 0 0 0 0 0 0 0 0
6 581 0 0 0 0 0 0 0
0 0 0 0 0 0 0 0 0
33 137 0 0 0 0 0 0 0
0 118 0 0 0 0 0 0 0
0 0 0 0 0 0 0 0 0
0 0 0 0 0 0 0 0 0
0 64 0 0 0 0 0 0 0
0 0 0 0 0 0 0 0 0
92 176 0 0 0 0 0 0 0
291 409 0 0 0 0 0 0 0
0 0 0 0 0 0 0 0 0
0 0 0 0 0 0 0 0 0
318 508 0 0 0 0 0 0 0
0 0 0 0 0 0 0 0 0
607 640 0 0 0 0 0 0 0
612 475 0 0 0 0 0 0 0
0 0 0 0 0 0 0 0 0
0 0 0 0 0 0 0 0 0
774 251 0 0 0 0 0 0 0
0 0 0 0 0 0 0 0 0
914 4 0 0 0 0 0 0 0
978 10 0 0 0 0 0 0 0
0 0 0 0 0 0 0 0 0
0 0 0 0 0 0 0 0 0
842 9 0 0 0 0 0 0 0
0 0 0 0 0 0 0 0 0
1432 4 0 0 0 0 0 0 0
2905 50 0 0 0 0 0 0 0
0 0 0 0 0 0 0 0 0
0 0 0 0 0 0 0 0 0
3140 105 0 0 0 0 0 0 0
2709 60 0 0 0 0 0 0 0
0 0 0 0 0 0 0 0 0
1894 0 0 0 0 0 0 0 0
0 0 0 0 0 0 0 0 0
0 0 0 0 0 0 0 0 0
0 0 0 0 0 0 0 0 0
3018 203 0 0 0 0 0 0 0
0 0 0 0 0 0 0 0 0
1013 119 0 0 0 0 0 0 0
0 0 0 0 0 0 0 0 0
0 0 0 0 0 0 0 0 0
847 240 0 0 0 0 0 0 0
897 359 0 0 0 0 0 0 0
0 0 0 0 0 0 0 0 0
781 406 0 0 0 0 0 0 0
0 0 0 0 0 0 0 0 0
0 0 0 0 0 0 0 0 0
605 356 0 0 0 0 0 0 0
529 592 0 0 0 0 0 0 0
0 0 0 0 0 0 0 0 0
496 172 0 0 0 0 0 0 0
0 0 0 0 0 0 0 0 0
0 0 0 0 0 0 0 0 0
555 81 0 0 0 0 0 0 0
474 18 0 0 0 0 0 0 0
0 0 0 0 0 0 0 0 0
275 76 0 0 0 0 0 0 0
0 0 0 0 0 0 0 0 0
0 0 0 0 0 0 0 0 0
158 0 0 0 0 0 0 0 0
0 0 0 0 0 0 0 0 0
196 40 0 0 0 0 0 0 0
0 0 0 0 0 0 0 0 0
0 20 0 0 0 0 0 0 0
0 0 0 0 0 0 0 0 0
318 25 0 0 0 0 0 0 0
0 0 0 0 0 0 0 0 0
66 7 0 0 0 0 0 0 0
0 0 0 0 0 0 0 0 0
128 15 0 0 0 0 0 0 0
0 0 0 0 0 0 0 0 0
309 0 0 0 0 0 0 0 0
0 0 0 0 0 0 0 0 0
180 0 0 0 0 0 0 0 0
0 0 0 0 0 0 0 0 0
209 0 0 0 0 0 0 0 0
0 0 0 0 0 0 0 0 0
569 0 0 0 0 0 0 0 0
0 0 0 0 0 0 0 0 0
1325 11 0 0 0 0 0 0 0
0 0 0 0 0 0 0 0 0
2231 33 0 0 0 0 0 0 0
0 0 0 0 0 0 0 0 0
2642 773 0 0 0 0 0 0 0
0 0 0 0 0 0 0 0 0
2137 2330 0 0 0 0 0 0 0
1613 2861 0 0 0 0 0 0 0
0 0 0 0 0 0 0 0 0
0 0 0 0 0 0 0 0 0
1250 3356 0 0 0 0 0 0 0
0 0 0 0 0 0 0 0 0
1546 3216 0 0 0 0 0 0 0
1820 2704 0 0 0 0 0 0 0
0 0 0 0 0 0 0 0 0
0 0 0 0 0 0 0 0 0
1760 1258 0 0 0 0 0 0 0
0 0 0 0 0 0 0 0 0
1733 1847 0 0 0 0 0 0 0
1668 1958 0 0 0 0 0 0 0
0 0 0 0 0 0 0 0 0
0 0 0 0 0 0 0 0 0
989 1871 0 0 0 0 0 0 0
0 0 0 0 0 0 0 0 0
547 586 0 0 0 0 0 0 0
552 627 0 0 0 0 0 0 0
0 0 0 0 0 0 0 0 0
0 0 0 0 0 0 0 0 0
287 428 0 0 0 0 0 0 0
0 0 0 0 0 0 0 0 0
165 585 0 0 0 0 0 0 0
499 732 0 0 0 0 0 0 0
0 0 0 0 0 0 0 0 0
0 0 0 0 0 0 0 0 0
553 1099 0 0 0 0 0 0 0
0 0 0 0 0 0 0 0 0
56 1293 0 0 0 0 0 0 0
543 1357 0 0 0 0 0 0 0
0 0 0 0 0 0 0 0 0
0 0 0 0 0 0 0 0 0
430 990 0 0 0 0 0 0 0
292 775 0 0 0 0 0 0 0
0 0 0 0 0 0 0 0 0
171 1894 0 0 0 0 0 0 0
0 0 0 0 0 0 0 0 0
0 0 0 0 0 0 0 0 0
243 2487 0 0 0 0 0 0 0
0 0 0 0 0 0 0 0 0
0 0 0 0 0 0 0 0 0
480 5746 0 0 0 0 0 0 0
0 0 0 0 0 0 0 0 0
0 0 0 0 0 0 0 0 0
268 3056 0 0 0 0 0 0 0
498 2870 0 0 0 0 0 0 0
0 0 0 0 0 0 0 0 0
398 3259 0 0 0 0 0 0 0
0 0 0 0 0 0 0 0 0
0 0 0 0 0 0 0 0 0
388 2368 0 0 0 0 0 0 0
0 0 0 0 0 0 0 0 0
246 2232 0 0 0 0 0 0 0
0 0 0 0 0 0 0 0 0
696 2920 0 0 0 0 0 0 0
0 0 0 0 0 0 0 0 0
0 0 0 0 0 0 0 0 0
853 2251 0 0 0 0 0 0 0
108 1152 0 0 0 0 0 0 0
0 0 0 0 0 0 0 0 0
47 420 0 0 0 0 0 0 0
0 0 0 0 0 0 0 0 0
194 12 0 0 0 0 0 0 0
0 0 0 0 0 0 0 0 0
104 1 0 0 0 0 0 0 0
0 0 0 0 0 0 0 0 0
218 6 0 0 0 0 0 0 0
0 0 0 0 0 0 0 0 0
464 17 0 0 0 0 0 0 0
0 0 0 0 0 0 0 0 0
341 63 0 0 0 0 0 0 0
0 0 0 0 0 0 0 0 0
0 0 0 0 0 0 0 0 0
0 0 0 0 0 0 0 0 0
957 3457 0 0 0 0 0 0 0
0 0 0 0 0 0 0 0 0
85 2493 0 0 0 0 0 0 0
0 0 0 0 0 0 0 0 0
96 2949 0 0 0 0 0 0 0
0 0 0 0 0 0 0 0 0
357 2738 0 0 0 0 0 0 0
0 0 0 0 0 0 0 0 0
206 2029 0 0 0 0 0 0 0
0 0 0 0 0 0 0 0 0
208 1460 0 0 0 0 0 0 0
0 0 0 0 0 0 0 0 0
299 830 0 0 0 0 0 0 0
0 0 0 0 0 0 0 0 0
421 585 0 0 0 0 0 0 0
0 0 0 0 0 0 0 0 0
991 796 0 0 0 0 0 0 0
0 0 0 0 0 0 0 0 0
931 1199 0 0 0 0 0 0 0
0 0 0 0 0 0 0 0 0
521 1265 0 0 0 0 0 0 0
799 1207 0 0 0 0 0 0 0
0 0 0 0 0 0 0 0 0
0 0 0 0 0 0 0 0 0
1095 1174 0 0 0 0 0 0 0
0 0 0 0 0 0 0 0 0
716 1292 0 0 0 0 0 0 0
333 994 0 0 0 0 0 0 0
0 0 0 0 0 0 0 0 0
0 0 0 0 0 0 0 0 0
443 1073 0 0 0 0 0 0 0
0 0 0 0 0 0 0 0 0
724 2075 0 0 0 0 0 0 0
362 1708 0 0 0 0 0 0 0
0 0 0 0 0 0 0 0 0
0 0 0 0 0 0 0 0 0
0 0 0 0 0 0 0 0 0
4 1767 0 0 0 0 0 0 0
358 2276 0 0 0 0 0 0 0
551 3022 0 0 0 0 0 0 0
0 0 0 0 0 0 0 0 0
0 0 0 0 0 0 0 0 0
539 2573 0 0 0 0 0 0 0
0 0 0 0 0 0 0 0 0
773 3098 0 0 0 0 0 0 0
595 3272 0 0 0 0 0 0 0
0 0 0 0 0 0 0 0 0
0 0 0 0 0 0 0 0 0
0 0 0 0 0 0 0 0 0
0 0 0 0 0 0 0 0 0
0 0 0 0 0 0 0 0 0
0 0 0 0 0 0 0 0 0
0 0 0 0 0 0 0 0 0
0 0 0 0 0 0 0 0 0
158 1832 0 0 0 0 0 0 0
34 1009 0 0 0 0 0 0 0
0 0 0 0 0 0 0 0 0
191 686 0 0 0 0 0 0 0
464 382 0 0 0 0 0 0 0
0 0 0 0 0 0 0 0 0
0 0 0 0 0 0 0 0 0
0 0 0 0 0 0 0 0 0
150 3098 0 0 0 0 0 0 0
835 1975 0 0 0 0 0 0 0
0 0 0 0 0 0 0 0 0
0 0 0 0 0 0 0 0 0
1609 1576 0 0 0 0 0 0 0
0 0 0 0 0 0 0 0 0
1886 1760 0 0 0 0 0 0 0
2753 2848 0 0 0 0 0 0 0
0 0 0 0 0 0 0 0 0
0 0 0 0 0 0 0 0 0
2117 2889 0 0 0 0 0 0 0
0 0 0 0 0 0 0 0 0
1824 2420 0 0 0 0 0 0 0
930 1587 0 0 0 0 0 0 0
0 0 0 0 0 0 0 0 0
0 0 0 0 0 0 0 0 0
0 0 0 0 0 0 0 0 0
163 940 0 0 0 0 0 0 0
452 801 0 0 0 0 0 0 0
0 0 0 0 0 0 0 0 0
908 995 0 0 0 0 0 0 0
0 0 0 0 0 0 0 0 0
0 0 0 0 0 0 0 0 0
1835 1006 0 0 0 0 0 0 0
2248 988 0 0 0 0 0 0 0
0 0 0 0 0 0 0 0 0
2495 667 0 0 0 0 0 0 0
0 0 0 0 0 0 0 0 0
0 0 0 0 0 0 0 0 0
2469 230 0 0 0 0 0 0 0
2088 84 0 0 0 0 0 0 0
0 0 0 0 0 0 0 0 0
0 0 0 0 0 0 0 0 0
0 0 0 0 0 0 0 0 0
2166 132 0 0 0 0 0 0 0
1000 1080 0 0 0 0 0 0 0
0 0 0 0 0 0 0 0 0
2708 2577 0 0 0 0 0 0 0
2319 3618 0 0 0 0 0 0 0
0 0 0 0 0 0 0 0 0
0 0 0 0 0 0 0 0 0
1610 4703 0 0 0 0 0 0 0
0 0 0 0 0 0 0 0 0
1800 4203 0 0 0 0 0 0 0
1461 2801 0 0 0 0 0 0 0
0 0 0 0 0 0 0 0 0
0 0 0 0 0 0 0 0 0
1059 1628 0 0 0 0 0 0 0
0 0 0 0 0 0 0 0 0
1294 1309 0 0 0 0 0 0 0
0 0 0 0 0 0 0 0 0
0 0 0 0 0 0 0 0 0
841 763 0 0 0 0 0 0 0
569 189 0 0 0 0 0 0 0
0 0 0 0 0 0 0 0 0
1116 101 0 0 0 0 0 0 0
420 31 0 0 0 0 0 0 0
0 0 0 0 0 0 0 0 0
0 0 0 0 0 0 0 0 0
571 19 0 0 0 0 0 0 0
999 29 0 0 0 0 0 0 0
0 0 0 0 0 0 0 0 0
0 0 0 0 0 0 0 0 0
0 0 0 0 0 0 0 0 0
21047 33699 0 0 0 0 0 0 0
409 3012 0 0 0 0 0 0 0
0 0 0 0 0 0 0 0 0
0 0 0 0 0 0 0 0 0
451 3729 0 0 0 0 0 0 0
0 0 0 0 0 0 0 0 0
482 4312 0 0 0 0 0 0 0
0 0 0 0 0 0 0 0 0
0 0 0 0 0 0 0 0 0
536 4309 0 0 0 0 0 0 0
667 5757 0 0 0 0 0 0 0
0 0 0 0 0 0 0 0 0
554 5900 0 0 0 0 0 0 0
0 0 0 0 0 0 0 0 0
0 0 0 0 0 0 0 0 0
35 5048 0 0 0 0 0 0 0
431 2836 0 0 0 0 0 0 0
0 0 0 0 0 0 0 0 0
175 5073 0 0 0 0 0 0 0
0 0 0 0 0 0 0 0 0
0 0 0 0 0 0 0 0 0
52 4375 0 0 0 0 0 0 0
0 0 0 0 0 0 0 0 0
345 4418 0 0 0 0 0 0 0
0 0 0 0 0 0 0 0 0
620 4862 0 0 0 0 0 0 0
0 0 0 0 0 0 0 0 0
519 4920 0 0 0 0 0 0 0
0 0 0 0 0 0 0 0 0
3 4698 0 0 0 0 0 0 0
0 0 0 0 0 0 0 0 0
34 4540 0 0 0 0 0 0 0
0 0 0 0 0 0 0 0 0
65 4331 0 0 0 0 0 0 0
0 0 0 0 0 0 0 0 0
0 0 0 0 0 0 0 0 0
335 3771 0 0 0 0 0 0 0
0 0 0 0 0 0 0 0 0
0 0 0 0 0 0 0 0 0
0 0 0 0 0 0 0 0 0
1222 4877 0 0 0 0 0 0 0
0 0 0 0 0 0 0 0 0
571 1011 0 0 0 0 0 0 0
166 2155 0 0 0 0 0 0 0
0 0 0 0 0 0 0 0 0
0 0 0 0 0 0 0 0 0
81 2150 0 0 0 0 0 0 0
0 0 0 0 0 0 0 0 0
344 1848 0 0 0 0 0 0 0
385 868 0 0 0 0 0 0 0
0 0 0 0 0 0 0 0 0
0 0 0 0 0 0 0 0 0
0 0 0 0 0 0 0 0 0
817 483 0 0 0 0 0 0 0
1214 1187 0 0 0 0 0 0 0
0 0 0 0 0 0 0 0 0
0 0 0 0 0 0 0 0 0
1519 871 0 0 0 0 0 0 0
0 0 0 0 0 0 0 0 0
887 1296 0 0 0 0 0 0 0
0 0 0 0 0 0 0 0 0
26 221 0 0 0 0 0 0 0
0 0 0 0 0 0 0 0 0
202 112 0 0 0 0 0 0 0
0 0 0 0 0 0 0 0 0
1 83 0 0 0 0 0 0 0
0 158 0 0 0 0 0 0 0
0 0 0 0 0 0 0 0 0
0 0 0 0 0 0 0 0 0
0 0 0 0 0 0 0 0 0
44 65 0 0 0 0 0 0 0
0 0 0 0 0 0 0 0 0
36 33 0 0 0 0 0 0 0
698 161 0 0 0 0 0 0 0
0 0 0 0 0 0 0 0 0
0 0 0 0 0 0 0 0 0
1157 595 0 0 0 0 0 0 0
0 0 0 0 0 0 0 0 0
2467 462 0 0 0 0 0 0 0
4031 239 0 0 0 0 0 0 0
0 0 0 0 0 0 0 0 0
0 0 0 0 0 0 0 0 0
5240 791 0 0 0 0 0 0 0
0 0 0 0 0 0 0 0 0
5006 2544 0 0 0 0 0 0 0
0 0 0 0 0 0 0 0 0
0 0 0 0 0 0 0 0 0
5744 4179 0 0 0 0 0 0 0
0 0 0 0 0 0 0 0 0
6419 4188 0 0 0 0 0 0 0
4628 3090 0 0 0 0 0 0 0
0 0 0 0 0 0 0 0 0
0 0 0 0 0 0 0 0 0
2005 1416 0 0 0 0 0 0 0
2719 1933 0 0 0 0 0 0 0
0 0 0 0 0 0 0 0 0
2527 2305 0 0 0 0 0 0 0
0 0 0 0 0 0 0 0 0
0 0 0 0 0 0 0 0 0
1338 2260 0 0 0 0 0 0 0
0 0 0 0 0 0 0 0 0
949 1637 0 0 0 0 0 0 0
1385 1325 0 0 0 0 0 0 0
0 0 0 0 0 0 0 0 0
0 0 0 0 0 0 0 0 0
1304 878 0 0 0 0 0 0 0
378 834 0 0 0 0 0 0 0
0 0 0 0 0 0 0 0 0
480 441 0 0 0 0 0 0 0
0 0 0 0 0 0 0 0 0
0 0 0 0 0 0 0 0 0
959 131 0 0 0 0 0 0 0
1296 370 0 0 0 0 0 0 0
0 0 0 0 0 0 0 0 0
2330 219 0 0 0 0 0 0 0
0 0 0 0 0 0 0 0 0
0 0 0 0 0 0 0 0 0
2336 240 0 0 0 0 0 0 0
1727 123 0 0 0 0 0 0 0
0 0 0 0 0 0 0 0 0
869 63 0 0 0 0 0 0 0
0 0 0 0 0 0 0 0 0
0 0 0 0 0 0 0 0 0
1795 477 0 0 0 0 0 0 0
2116 956 0 0 0 0 0 0 0
0 0 0 0 0 0 0 0 0
2201 1801 0 0 0 0 0 0 0
0 0 0 0 0 0 0 0 0
0 0 0 0 0 0 0 0 0
2057 1488 0 0 0 0 0 0 0
1965 913 0 0 0 0 0 0 0
0 0 0 0 0 0 0 0 0
2224 662 0 0 0 0 0 0 0
0 0 0 0 0 0 0 0 0
0 0 0 0 0 0 0 0 0
2622 534 0 0 0 0 0 0 0
3583 488 0 0 0 0 0 0 0
0 0 0 0 0 0 0 0 0
0 0 0 0 0 0 0 0 0
4738 760 0 0 0 0 0 0 0
0 0 0 0 0 0 0 0 0
3293 887 0 0 0 0 0 0 0
0 0 0 0 0 0 0 0 0
1720 797 0 0 0 0 0 0 0
0 0 0 0 0 0 0 0 0
778 1175 0 0 0 0 0 0 0
0 0 0 0 0 0 0 0 0
208 1231 0 0 0 0 0 0 0
0 0 0 0 0 0 0 0 0
596 1054 0 0 0 0 0 0 0
0 0 0 0 0 0 0 0 0
263 642 0 0 0 0 0 0 0
0 0 0 0 0 0 0 0 0
564 222 0 0 0 0 0 0 0
0 0 0 0 0 0 0 0 0
835 482 0 0 0 0 0 0 0
0 0 0 0 0 0 0 0 0
535 1431 0 0 0 0 0 0 0
0 0 0 0 0 0 0 0 0
96 2650 0 0 0 0 0 0 0
0 0 0 0 0 0 0 0 0
150 2906 0 0 0 0 0 0 0
663 2821 0 0 0 0 0 0 0
0 0 0 0 0 0 0 0 0
0 0 0 0 0 0 0 0 0
0 0 0 0 0 0 0 0 0
0 0 0 0 0 0 0 0 0
4841 7551 0 0 0 0 0 0 0
4600 899 0 0 0 0 0 0 0
0 0 0 0 0 0 0 0 0
0 0 0 0 0 0 0 0 0
4684 867 0 0 0 0 0 0 0
0 0 0 0 0 0 0 0 0
3954 961 0 0 0 0 0 0 0
1900 2296 0 0 0 0 0 0 0
0 0 0 0 0 0 0 0 0
0 0 0 0 0 0 0 0 0
1830 3485 0 0 0 0 0 0 0
0 0 0 0 0 0 0 0 0
2882 4077 0 0 0 0 0 0 0
2344 4015 0 0 0 0 0 0 0
0 0 0 0 0 0 0 0 0
0 0 0 0 0 0 0 0 0
994 3543 0 0 0 0 0 0 0
0 0 0 0 0 0 0 0 0
529 2449 0 0 0 0 0 0 0
388 928 0 0 0 0 0 0 0
0 0 0 0 0 0 0 0 0
0 0 0 0 0 0 0 0 0
762 1459 0 0 0 0 0 0 0
0 0 0 0 0 0 0 0 0
259 1822 0 0 0 0 0 0 0
21 2707 0 0 0 0 0 0 0
0 0 0 0 0 0 0 0 0
0 0 0 0 0 0 0 0 0
142 3511 0 0 0 0 0 0 0
71 4192 0 0 0 0 0 0 0
0 0 0 0 0 0 0 0 0
167 5183 0 0 0 0 0 0 0
0 0 0 0 0 0 0 0 0
0 0 0 0 0 0 0 0 0
706 5509 0 0 0 0 0 0 0
981 3834 0 0 0 0 0 0 0
0 0 0 0 0 0 0 0 0
1298 2908 0 0 0 0 0 0 0
0 0 0 0 0 0 0 0 0
0 0 0 0 0 0 0 0 0
1747 1780 0 0 0 0 0 0 0
2037 1107 0 0 0 0 0 0 0
0 0 0 0 0 0 0 0 0
1133 168 0 0 0 0 0 0 0
0 0 0 0 0 0 0 0 0
0 0 0 0 0 0 0 0 0
694 352 0 0 0 0 0 0 0
1650 657 0 0 0 0 0 0 0
0 0 0 0 0 0 0 0 0
1375 979 0 0 0 0 0 0 0
0 0 0 0 0 0 0 0 0
0 0 0 0 0 0 0 0 0
1019 853 0 0 0 0 0 0 0
0 0 0 0 0 0 0 0 0
701 899 0 0 0 0 0 0 0
0 0 0 0 0 0 0 0 0
366 851 0 0 0 0 0 0 0
0 0 0 0 0 0 0 0 0
149 850 0 0 0 0 0 0 0
0 0 0 0 0 0 0 0 0
481 974 0 0 0 0 0 0 0
0 0 0 0 0 0 0 0 0
721 1444 0 0 0 0 0 0 0
0 0 0 0 0 0 0 0 0
935 2178 0 0 0 0 0 0 0
0 0 0 0 0 0 0 0 0
979 3328 0 0 0 0 0 0 0
0 0 0 0 0 0 0 0 0
768 2240 0 0 0 0 0 0 0
0 0 0 0 0 0 0 0 0
325 1230 0 0 0 0 0 0 0
0 0 0 0 0 0 0 0 0
354 803 0 0 0 0 0 0 0
0 0 0 0 0 0 0 0 0
370 644 0 0 0 0 0 0 0
0 0 0 0 0 0 0 0 0
400 901 0 0 0 0 0 0 0
0 0 0 0 0 0 0 0 0
344 584 0 0 0 0 0 0 0
0 0 0 0 0 0 0 0 0
339 801 0 0 0 0 0 0 0
0 0 0 0 0 0 0 0 0
615 920 0 0 0 0 0 0 0
0 0 0 0 0 0 0 0 0
1029 384 0 0 0 0 0 0 0
0 0 0 0 0 0 0 0 0
1111 363 0 0 0 0 0 0 0
0 0 0 0 0 0 0 0 0
0 0 0 0 0 0 0 0 0
0 0 0 0 0 0 0 0 0
858 1256 0 0 0 0 0 0 0
1174 396 0 0 0 0 0 0 0
0 0 0 0 0 0 0 0 0
0 0 0 0 0 0 0 0 0
871 700 0 0 0 0 0 0 0
0 0 0 0 0 0 0 0 0
328 697 0 0 0 0 0 0 0
0 216 0 0 0 0 0 0 0
0 0 0 0 0 0 0 0 0
0 0 0 0 0 0 0 0 0
0 105 0 0 0 0 0 0 0
0 0 0 0 0 0 0 0 0
117 8 0 0 0 0 0 0 0
451 83 0 0 0 0 0 0 0
0 0 0 0 0 0 0 0 0
0 0 0 0 0 0 0 0 0
705 272 0 0 0 0 0 0 0
0 0 0 0 0 0 0 0 0
558 1105 0 0 0 0 0 0 0
200 2651 0 0 0 0 0 0 0
0 0 0 0 0 0 0 0 0
0 0 0 0 0 0 0 0 0
82 2129 0 0 0 0 0 0 0
0 0 0 0 0 0 0 0 0
275 2317 0 0 0 0 0 0 0
922 1347 0 0 0 0 0 0 0
0 0 0 0 0 0 0 0 0
0 0 0 0 0 0 0 0 0
1351 806 0 0 0 0 0 0 0
0 0 0 0 0 0 0 0 0
1041 1037 0 0 0 0 0 0 0
900 1347 0 0 0 0 0 0 0
0 0 0 0 0 0 0 0 0
0 0 0 0 0 0 0 0 0
0 0 0 0 0 0 0 0 0
5514 4051 0 0 0 0 0 0 0
0 0 0 0 0 0 0 0 0
2508 1125 0 0 0 0 0 0 0
0 0 0 0 0 0 0 0 0
0 0 0 0 0 0 0 0 0
1379 863 0 0 0 0 0 0 0
0 0 0 0 0 0 0 0 0
791 1311 0 0 0 0 0 0 0
0 0 0 0 0 0 0 0 0
1213 3351 0 0 0 0 0 0 0
0 0 0 0 0 0 0 0 0
0 0 0 0 0 0 0 0 0
996 3650 0 0 0 0 0 0 0
4908 26994 0 0 0 0 0 0 0
0 0 0 0 0 0 0 0 0
0 2429 0 0 0 0 0 0 0
0 2422 0 0 0 0 0 0 0
0 0 0 0 0 0 0 0 0
0 0 0 0 0 0 0 0 0
93 2747 0 0 0 0 0 0 0
0 0 0 0 0 0 0 0 0
0 0 0 0 0 0 0 0 0
81 2765 0 0 0 0 0 0 0
495 1800 0 0 0 0 0 0 0
0 0 0 0 0 0 0 0 0
1268 1682 0 0 0 0 0 0 0
0 0 0 0 0 0 0 0 0
0 0 0 0 0 0 0 0 0
2227 1824 0 0 0 0 0 0 0
2289 504 0 0 0 0 0 0 0
0 0 0 0 0 0 0 0 0
2781 130 0 0 0 0 0 0 0
0 0 0 0 0 0 0 0 0
3179 79 0 0 0 0 0 0 0
0 0 0 0 0 0 0 0 0
0 0 0 0 0 0 0 0 0
2926 169 0 0 0 0 0 0 0
0 0 0 0 0 0 0 0 0
0 0 0 0 0 0 0 0 0
2004 1168 0 0 0 0 0 0 0
1546 2348 0 0 0 0 0 0 0
0 0 0 0 0 0 0 0 0
2035 3302 0 0 0 0 0 0 0
0 0 0 0 0 0 0 0 0
0 0 0 0 0 0 0 0 0
1466 3847 0 0 0 0 0 0 0
951 4083 0 0 0 0 0 0 0
0 0 0 0 0 0 0 0 0
782 3874 0 0 0 0 0 0 0
723 4297 0 0 0 0 0 0 0
0 0 0 0 0 0 0 0 0
0 0 0 0 0 0 0 0 0
0 0 0 0 0 0 0 0 0
906 5479 0 0 0 0 0 0 0
0 0 0 0 0 0 0 0 0
986 6550 0 0 0 0 0 0 0
0 0 0 0 0 0 0 0 0
0 0 0 0 0 0 0 0 0
0 0 0 0 0 0 0 0 0
0 0 0 0 0 0 0 0 0
0 0 0 0 0 0 0 0 0
2923 11913 0 0 0 0 0 0 0
0 0 0 0 0 0 0 0 0
1060 489 0 0 0 0 0 0 0
0 0 0 0 0 0 0 0 0
797 1042 0 0 0 0 0 0 0
1800 1225 0 0 0 0 0 0 0
0 0 0 0 0 0 0 0 0
0 0 0 0 0 0 0 0 0
0 0 0 0 0 0 0 0 0
2382 288 0 0 0 0 0 0 0
0 0 0 0 0 0 0 0 0
1132 71 0 0 0 0 0 0 0
1319 37 0 0 0 0 0 0 0
0 0 0 0 0 0 0 0 0
0 0 0 0 0 0 0 0 0
2271 20 0 0 0 0 0 0 0
0 0 0 0 0 0 0 0 0
1581 226 0 0 0 0 0 0 0
447 277 0 0 0 0 0 0 0
0 0 0 0 0 0 0 0 0
0 0 0 0 0 0 0 0 0
454 123 0 0 0 0 0 0 0
0 0 0 0 0 0 0 0 0
173 111 0 0 0 0 0 0 0
0 0 0 0 0 0 0 0 0
0 0 0 0 0 0 0 0 0
367 341 0 0 0 0 0 0 0
0 0 0 0 0 0 0 0 0
732 470 0 0 0 0 0 0 0
727 309 0 0 0 0 0 0 0
0 0 0 0 0 0 0 0 0
0 0 0 0 0 0 0 0 0
652 51 0 0 0 0 0 0 0
0 0 0 0 0 0 0 0 0
539 0 0 0 0 0 0 0 0
546 0 0 0 0 0 0 0 0
0 0 0 0 0 0 0 0 0
0 0 0 0 0 0 0 0 0
453 32 0 0 0 0 0 0 0
0 0 0 0 0 0 0 0 0
1142 101 0 0 0 0 0 0 0
0 0 0 0 0 0 0 0 0
1790 112 0 0 0 0 0 0 0
0 0 0 0 0 0 0 0 0
0 0 0 0 0 0 0 0 0
3443 96 0 0 0 0 0 0 0
4706 85 0 0 0 0 0 0 0
0 0 0 0 0 0 0 0 0
4515 916 0 0 0 0 0 0 0
0 0 0 0 0 0 0 0 0
0 0 0 0 0 0 0 0 0
3358 1761 0 0 0 0 0 0 0
2861 3121 0 0 0 0 0 0 0
0 0 0 0 0 0 0 0 0
3613 9169 0 0 0 0 0 0 0
0 0 0 0 0 0 0 0 0
0 0 0 0 0 0 0 0 0
3507 10796 0 0 0 0 0 0 0
0 0 0 0 0 0 0 0 0
2785 8037 0 0 0 0 0 0 0
0 0 0 0 0 0 0 0 0
0 0 0 0 0 0 0 0 0
1738 7862 0 0 0 0 0 0 0
886 5668 0 0 0 0 0 0 0
0 0 0 0 0 0 0 0 0
252 4190 0 0 0 0 0 0 0
0 0 0 0 0 0 0 0 0
0 0 0 0 0 0 0 0 0
290 3364 0 0 0 0 0 0 0
127 3232 0 0 0 0 0 0 0
0 0 0 0 0 0 0 0 0
811 2652 0 0 0 0 0 0 0
0 0 0 0 0 0 0 0 0
0 0 0 0 0 0 0 0 0
1136 3552 0 0 0 0 0 0 0
0 0 0 0 0 0 0 0 0
1188 4417 0 0 0 0 0 0 0
0 0 0 0 0 0 0 0 0
859 3884 0 0 0 0 0 0 0
0 0 0 0 0 0 0 0 0
783 3022 0 0 0 0 0 0 0
0 0 0 0 0 0 0 0 0
336 2722 0 0 0 0 0 0 0
0 0 0 0 0 0 0 0 0
177 1721 0 0 0 0 0 0 0
0 0 0 0 0 0 0 0 0
133 429 0 0 0 0 0 0 0
0 0 0 0 0 0 0 0 0
136 658 0 0 0 0 0 0 0
0 0 0 0 0 0 0 0 0
228 810 0 0 0 0 0 0 0
0 0 0 0 0 0 0 0 0
0 0 0 0 0 0 0 0 0
686 1404 0 0 0 0 0 0 0
0 0 0 0 0 0 0 0 0
1468 2330 0 0 0 0 0 0 0
1133 1914 0 0 0 0 0 0 0
0 0 0 0 0 0 0 0 0
0 0 0 0 0 0 0 0 0
200 1241 0 0 0 0 0 0 0
0 0 0 0 0 0 0 0 0
69 677 0 0 0 0 0 0 0
364 399 0 0 0 0 0 0 0
0 0 0 0 0 0 0 0 0
0 0 0 0 0 0 0 0 0
168 211 0 0 0 0 0 0 0
0 0 0 0 0 0 0 0 0
371 270 0 0 0 0 0 0 0
0 0 0 0 0 0 0 0 0
0 0 0 0 0 0 0 0 0
871 317 0 0 0 0 0 0 0
0 0 0 0 0 0 0 0 0
589 522 0 0 0 0 0 0 0
55 548 0 0 0 0 0 0 0
0 0 0 0 0 0 0 0 0
0 0 0 0 0 0 0 0 0
210 307 0 0 0 0 0 0 0
0 0 0 0 0 0 0 0 0
360 126 0 0 0 0 0 0 0
228 138 0 0 0 0 0 0 0
0 0 0 0 0 0 0 0 0
0 0 0 0 0 0 0 0 0
23 95 0 0 0 0 0 0 0
0 0 0 0 0 0 0 0 0
0 0 0 0 0 0 0 0 0
7 130 0 0 0 0 0 0 0
116 252 0 0 0 0 0 0 0
0 0 0 0 0 0 0 0 0
0 0 0 0 0 0 0 0 0
0 0 0 0 0 0 0 0 0
824 1095 0 0 0 0 0 0 0
0 0 0 0 0 0 0 0 0
816 733 0 0 0 0 0 0 0
0 0 0 0 0 0 0 0 0
0 0 0 0 0 0 0 0 0
764 1734 0 0 0 0 0 0 0
181 2098 0 0 0 0 0 0 0
0 0 0 0 0 0 0 0 0
429 3101 0 0 0 0 0 0 0
0 0 0 0 0 0 0 0 0
0 0 0 0 0 0 0 0 0
0 0 0 0 0 0 0 0 0
583 2962 0 0 0 0 0 0 0
562 2833 0 0 0 0 0 0 0
0 0 0 0 0 0 0 0 0
0 0 0 0 0 0 0 0 0
96 3126 0 0 0 0 0 0 0
229 3451 0 0 0 0 0 0 0
0 0 0 0 0 0 0 0 0
298 3675 0 0 0 0 0 0 0
0 0 0 0 0 0 0 0 0
0 0 0 0 0 0 0 0 0
424 4726 0 0 0 0 0 0 0
838 5077 0 0 0 0 0 0 0
0 0 0 0 0 0 0 0 0
1000 4443 0 0 0 0 0 0 0
0 0 0 0 0 0 0 0 0
0 0 0 0 0 0 0 0 0
0 0 0 0 0 0 0 0 0
1055 4769 0 0 0 0 0 0 0
1271 5101 0 0 0 0 0 0 0
0 0 0 0 0 0 0 0 0
1384 4816 0 0 0 0 0 0 0
0 0 0 0 0 0 0 0 0
954 2701 0 0 0 0 0 0 0
0 0 0 0 0 0 0 0 0
1082 1889 0 0 0 0 0 0 0
0 0 0 0 0 0 0 0 0
1210 2282 0 0 0 0 0 0 0
0 0 0 0 0 0 0 0 0
1368 1321 0 0 0 0 0 0 0
0 0 0 0 0 0 0 0 0
1438 1261 0 0 0 0 0 0 0
0 0 0 0 0 0 0 0 0
939 2021 0 0 0 0 0 0 0
0 0 0 0 0 0 0 0 0
391 3086 0 0 0 0 0 0 0
0 0 0 0 0 0 0 0 0
0 0 0 0 0 0 0 0 0
222 3911 0 0 0 0 0 0 0
0 0 0 0 0 0 0 0 0
0 0 0 0 0 0 0 0 0
591 2788 0 0 0 0 0 0 0
1224 887 0 0 0 0 0 0 0
0 0 0 0 0 0 0 0 0
1137 4117 0 0 0 0 0 0 0
333 7588 0 0 0 0 0 0 0
0 0 0 0 0 0 0 0 0
0 0 0 0 0 0 0 0 0
1592 8678 0 0 0 0 0 0 0
0 0 0 0 0 0 0 0 0
792 6879 0 0 0 0 0 0 0
1637 5048 0 0 0 0 0 0 0
0 0 0 0 0 0 0 0 0
0 0 0 0 0 0 0 0 0
1471 5418 0 0 0 0 0 0 0
0 0 0 0 0 0 0 0 0
822 4521 0 0 0 0 0 0 0
409 4914 0 0 0 0 0 0 0
0 0 0 0 0 0 0 0 0
0 0 0 0 0 0 0 0 0
190 5322 0 0 0 0 0 0 0
0 0 0 0 0 0 0 0 0
371 4321 0 0 0 0 0 0 0
451 3705 0 0 0 0 0 0 0
0 0 0 0 0 0 0 0 0
0 0 0 0 0 0 0 0 0
485 2724 0 0 0 0 0 0 0
0 0 0 0 0 0 0 0 0
182 2779 0 0 0 0 0 0 0
181 3251 0 0 0 0 0 0 0
0 0 0 0 0 0 0 0 0
0 0 0 0 0 0 0 0 0
219 3837 0 0 0 0 0 0 0
0 0 0 0 0 0 0 0 0
264 5055 0 0 0 0 0 0 0
330 4953 0 0 0 0 0 0 0
0 0 0 0 0 0 0 0 0
0 0 0 0 0 0 0 0 0
321 4159 0 0 0 0 0 0 0
0 0 0 0 0 0 0 0 0
408 4047 0 0 0 0 0 0 0
265 3199 0 0 0 0 0 0 0
0 0 0 0 0 0 0 0 0
0 0 0 0 0 0 0 0 0
199 2016 0 0 0 0 0 0 0
0 0 0 0 0 0 0 0 0
337 3154 0 0 0 0 0 0 0
441 3089 0 0 0 0 0 0 0
0 0 0 0 0 0 0 0 0
0 0 0 0 0 0 0 0 0
365 2684 0 0 0 0 0 0 0
100 2968 0 0 0 0 0 0 0
0 0 0 0 0 0 0 0 0
431 4597 0 0 0 0 0 0 0
0 0 0 0 0 0 0 0 0
0 0 0 0 0 0 0 0 0
932 5328 0 0 0 0 0 0 0
9376 21549 0 0 0 0 0 0 0
1702 1947 0 0 0 0 0 0 0
2365 1405 0 0 0 0 0 0 0
0 0 0 0 0 0 0 0 0
0 0 0 0 0 0 0 0 0
2176 1971 0 0 0 0 0 0 0
0 0 0 0 0 0 0 0 0
1303 1584 0 0 0 0 0 0 0
1558 1633 0 0 0 0 0 0 0
0 0 0 0 0 0 0 0 0
0 0 0 0 0 0 0 0 0
1767 1568 0 0 0 0 0 0 0
0 0 0 0 0 0 0 0 0
1310 1307 0 0 0 0 0 0 0
0 0 0 0 0 0 0 0 0
0 0 0 0 0 0 0 0 0
1503 737 0 0 0 0 0 0 0
2201 396 0 0 0 0 0 0 0
0 0 0 0 0 0 0 0 0
1511 433 0 0 0 0 0 0 0
1065 391 0 0 0 0 0 0 0
0 0 0 0 0 0 0 0 0
0 0 0 0 0 0 0 0 0
0 0 0 0 0 0 0 0 0
470 458 0 0 0 0 0 0 0
0 0 0 0 0 0 0 0 0
720 918 0 0 0 0 0 0 0
0 0 0 0 0 0 0 0 0
414 469 0 0 0 0 0 0 0
0 0 0 0 0 0 0 0 0
800 430 0 0 0 0 0 0 0
0 0 0 0 0 0 0 0 0
1774 1330 0 0 0 0 0 0 0
0 0 0 0 0 0 0 0 0
2568 1056 0 0 0 0 0 0 0
0 0 0 0 0 0 0 0 0
3246 761 0 0 0 0 0 0 0
0 0 0 0 0 0 0 0 0
4296 261 0 0 0 0 0 0 0
0 0 0 0 0 0 0 0 0
1125 31 0 0 0 0 0 0 0
0 0 0 0 0 0 0 0 0
1071 130 0 0 0 0 0 0 0
490 411 0 0 0 0 0 0 0
0 0 0 0 0 0 0 0 0
0 0 0 0 0 0 0 0 0
261 1520 0 0 0 0 0 0 0
0 0 0 0 0 0 0 0 0
896 1694 0 0 0 0 0 0 0
1327 1120 0 0 0 0 0 0 0
0 0 0 0 0 0 0 0 0
0 0 0 0 0 0 0 0 0
1428 946 0 0 0 0 0 0 0
0 0 0 0 0 0 0 0 0
1617 685 0 0 0 0 0 0 0
1641 736 0 0 0 0 0 0 0
0 0 0 0 0 0 0 0 0
0 0 0 0 0 0 0 0 0
0 0 0 0 0 0 0 0 0
0 0 0 0 0 0 0 0 0
4157 2269 0 0 0 0 0 0 0
897 381 0 0 0 0 0 0 0
0 0 0 0 0 0 0 0 0
0 0 0 0 0 0 0 0 0
468 234 0 0 0 0 0 0 0
0 0 0 0 0 0 0 0 0
0 0 0 0 0 0 0 0 0
1584 945 0 0 0 0 0 0 0
0 0 0 0 0 0 0 0 0
0 0 0 0 0 0 0 0 0
303 496 0 0 0 0 0 0 0
132 178 0 0 0 0 0 0 0
0 0 0 0 0 0 0 0 0
416 482 0 0 0 0 0 0 0
0 0 0 0 0 0 0 0 0
0 0 0 0 0 0 0 0 0
538 532 0 0 0 0 0 0 0
905 759 0 0 0 0 0 0 0
0 0 0 0 0 0 0 0 0
930 1057 0 0 0 0 0 0 0
0 0 0 0 0 0 0 0 0
0 0 0 0 0 0 0 0 0
1717 1767 0 0 0 0 0 0 0
2715 1649 0 0 0 0 0 0 0
0 0 0 0 0 0 0 0 0
2702 1821 0 0 0 0 0 0 0
0 0 0 0 0 0 0 0 0
0 0 0 0 0 0 0 0 0
3039 1950 0 0 0 0 0 0 0
3025 3249 0 0 0 0 0 0 0
0 0 0 0 0 0 0 0 0
2625 5979 0 0 0 0 0 0 0
0 0 0 0 0 0 0 0 0
0 0 0 0 0 0 0 0 0
2917 8036 0 0 0 0 0 0 0
3723 6935 0 0 0 0 0 0 0
0 0 0 0 0 0 0 0 0
3777 6623 0 0 0 0 0 0 0
0 0 0 0 0 0 0 0 0
0 0 0 0 0 0 0 0 0
3408 6164 0 0 0 0 0 0 0
2390 4770 0 0 0 0 0 0 0
0 0 0 0 0 0 0 0 0
0 0 0 0 0 0 0 0 0
2130 4137 0 0 0 0 0 0 0
0 0 0 0 0 0 0 0 0
1917 3148 0 0 0 0 0 0 0
0 0 0 0 0 0 0 0 0
1822 1875 0 0 0 0 0 0 0
1776 1376 0 0 0 0 0 0 0
0 0 0 0 0 0 0 0 0
0 0 0 0 0 0 0 0 0
646 1941 0 0 0 0 0 0 0
0 0 0 0 0 0 0 0 0
420 3197 0 0 0 0 0 0 0
1146 3735 0 0 0 0 0 0 0
0 0 0 0 0 0 0 0 0
0 0 0 0 0 0 0 0 0
1093 3587 0 0 0 0 0 0 0
0 0 0 0 0 0 0 0 0
0 0 0 0 0 0 0 0 0
1172 2991 0 0 0 0 0 0 0
1459 2809 0 0 0 0 0 0 0
0 0 0 0 0 0 0 0 0
0 0 0 0 0 0 0 0 0
1143 2698 0 0 0 0 0 0 0
947 4515 0 0 0 0 0 0 0
0 0 0 0 0 0 0 0 0
2458 7178 0 0 0 0 0 0 0
0 0 0 0 0 0 0 0 0
0 0 0 0 0 0 0 0 0
4111 7601 0 0 0 0 0 0 0
2921 5752 0 0 0 0 0 0 0
0 0 0 0 0 0 0 0 0
0 0 0 0 0 0 0 0 0
0 0 0 0 0 0 0 0 0
1559 7970 0 0 0 0 0 0 0
1739 10330 0 0 0 0 0 0 0
0 0 0 0 0 0 0 0 0
3001 9553 0 0 0 0 0 0 0
0 0 0 0 0 0 0 0 0
0 0 0 0 0 0 0 0 0
3793 7417 0 0 0 0 0 0 0
3386 6299 0 0 0 0 0 0 0
0 0 0 0 0 0 0 0 0
3129 5722 0 0 0 0 0 0 0
0 0 0 0 0 0 0 0 0
0 0 0 0 0 0 0 0 0
1968 4245 0 0 0 0 0 0 0
1724 2087 0 0 0 0 0 0 0
0 0 0 0 0 0 0 0 0
0 0 0 0 0 0 0 0 0
2113 2865 0 0 0 0 0 0 0
0 0 0 0 0 0 0 0 0
2440 3253 0 0 0 0 0 0 0
0 0 0 0 0 0 0 0 0
2741 3034 0 0 0 0 0 0 0
0 0 0 0 0 0 0 0 0
1704 2050 0 0 0 0 0 0 0
0 0 0 0 0 0 0 0 0
1651 1956 0 0 0 0 0 0 0
0 0 0 0 0 0 0 0 0
1822 1998 0 0 0 0 0 0 0
0 0 0 0 0 0 0 0 0
1582 2202 0 0 0 0 0 0 0
0 0 0 0 0 0 0 0 0
14771 29880 0 0 0 0 0 0 0
0 0 0 0 0 0 0 0 0
2135 2519 0 0 0 0 0 0 0
0 0 0 0 0 0 0 0 0
0 0 0 0 0 0 0 0 0
1719 4965 0 0 0 0 0 0 0
0 0 0 0 0 0 0 0 0
2013 5427 0 0 0 0 0 0 0
2149 3325 0 0 0 0 0 0 0
0 0 0 0 0 0 0 0 0
0 0 0 0 0 0 0 0 0
2921 1143 0 0 0 0 0 0 0
0 0 0 0 0 0 0 0 0
3791 672 0 0 0 0 0 0 0
4079 1039 0 0 0 0 0 0 0
0 0 0 0 0 0 0 0 0
0 0 0 0 0 0 0 0 0
4057 2648 0 0 0 0 0 0 0
0 0 0 0 0 0 0 0 0
3381 4665 0 0 0 0 0 0 0
0 0 0 0 0 0 0 0 0
0 0 0 0 0 0 0 0 0
2976 6719 0 0 0 0 0 0 0
0 0 0 0 0 0 0 0 0
3211 7742 0 0 0 0 0 0 0
2658 7531 0 0 0 0 0 0 0
0 0 0 0 0 0 0 0 0
0 0 0 0 0 0 0 0 0
2471 5806 0 0 0 0 0 0 0
0 0 0 0 0 0 0 0 0
2617 3054 0 0 0 0 0 0 0
3122 1565 0 0 0 0 0 0 0
0 0 0 0 0 0 0 0 0
0 0 0 0 0 0 0 0 0
2161 1365 0 0 0 0 0 0 0
0 0 0 0 0 0 0 0 0
2329 782 0 0 0 0 0 0 0
0 0 0 0 0 0 0 0 0
1778 927 0 0 0 0 0 0 0
0 0 0 0 0 0 0 0 0
0 0 0 0 0 0 0 0 0
1434 1248 0 0 0 0 0 0 0
0 0 0 0 0 0 0 0 0
0 0 0 0 0 0 0 0 0
3385 2971 0 0 0 0 0 0 0
0 0 0 0 0 0 0 0 0
0 0 0 0 0 0 0 0 0
1406 1001 0 0 0 0 0 0 0
839 974 0 0 0 0 0 0 0
0 0 0 0 0 0 0 0 0
1119 655 0 0 0 0 0 0 0
0 0 0 0 0 0 0 0 0
0 0 0 0 0 0 0 0 0
1539 461 0 0 0 0 0 0 0
0 0 0 0 0 0 0 0 0
1987 421 0 0 0 0 0 0 0
0 0 0 0 0 0 0 0 0
0 0 0 0 0 0 0 0 0
2655 440 0 0 0 0 0 0 0
4490 305 0 0 0 0 0 0 0
0 0 0 0 0 0 0 0 0
5978 191 0 0 0 0 0 0 0
0 0 0 0 0 0 0 0 0
0 0 0 0 0 0 0 0 0
6117 460 0 0 0 0 0 0 0
5483 1449 0 0 0 0 0 0 0
0 0 0 0 0 0 0 0 0
5993 2174 0 0 0 0 0 0 0
0 0 0 0 0 0 0 0 0
0 0 0 0 0 0 0 0 0
7259 6136 0 0 0 0 0 0 0
0 0 0 0 0 0 0 0 0
8379 6679 0 0 0 0 0 0 0
0 0 0 0 0 0 0 0 0
7913 2575 0 0 0 0 0 0 0
0 0 0 0 0 0 0 0 0
7813 555 0 0 0 0 0 0 0
0 0 0 0 0 0 0 0 0
7164 787 0 0 0 0 0 0 0
0 0 0 0 0 0 0 0 0
5867 649 0 0 0 0 0 0 0
0 0 0 0 0 0 0 0 0
3705 790 0 0 0 0 0 0 0
0 0 0 0 0 0 0 0 0
4311 1348 0 0 0 0 0 0 0
0 0 0 0 0 0 0 0 0
7097 1897 0 0 0 0 0 0 0
0 0 0 0 0 0 0 0 0
7346 2437 0 0 0 0 0 0 0
0 0 0 0 0 0 0 0 0
7709 2691 0 0 0 0 0 0 0
5775 2699 0 0 0 0 0 0 0
0 0 0 0 0 0 0 0 0
0 0 0 0 0 0 0 0 0
5183 2569 0 0 0 0 0 0 0
0 0 0 0 0 0 0 0 0
4802 2001 0 0 0 0 0 0 0
3956 902 0 0 0 0 0 0 0
0 0 0 0 0 0 0 0 0
0 0 0 0 0 0 0 0 0
4054 421 0 0 0 0 0 0 0
0 0 0 0 0 0 0 0 0
4277 536 0 0 0 0 0 0 0
3841 881 0 0 0 0 0 0 0
0 0 0 0 0 0 0 0 0
0 0 0 0 0 0 0 0 0
3378 1594 0 0 0 0 0 0 0
0 0 0 0 0 0 0 0 0
4012 2642 0 0 0 0 0 0 0
3365 2753 0 0 0 0 0 0 0
0 0 0 0 0 0 0 0 0
0 0 0 0 0 0 0 0 0
2539 3652 0 0 0 0 0 0 0
0 0 0 0 0 0 0 0 0
1779 4905 0 0 0 0 0 0 0
1452 4151 0 0 0 0 0 0 0
0 0 0 0 0 0 0 0 0
0 0 0 0 0 0 0 0 0
2018 4402 0 0 0 0 0 0 0
0 0 0 0 0 0 0 0 0
1927 5323 0 0 0 0 0 0 0
0 0 0 0 0 0 0 0 0
2299 4401 0 0 0 0 0 0 0
0 0 0 0 0 0 0 0 0
0 0 0 0 0 0 0 0 0
2674 2729 0 0 0 0 0 0 0
2246 2233 0 0 0 0 0 0 0
0 0 0 0 0 0 0 0 0
1018 1953 0 0 0 0 0 0 0
0 0 0 0 0 0 0 0 0
0 0 0 0 0 0 0 0 0
764 1826 0 0 0 0 0 0 0
0 0 0 0 0 0 0 0 0
0 0 0 0 0 0 0 0 0
1581 2150 0 0 0 0 0 0 0
0 0 0 0 0 0 0 0 0
2399 3500 0 0 0 0 0 0 0
0 0 0 0 0 0 0 0 0
2075 5086 0 0 0 0 0 0 0
1222 9289 0 0 0 0 0 0 0
0 0 0 0 0 0 0 0 0
0 0 0 0 0 0 0 0 0
924 12865 0 0 0 0 0 0 0
0 0 0 0 0 0 0 0 0
1002 11751 0 0 0 0 0 0 0
1938 8675 0 0 0 0 0 0 0
0 0 0 0 0 0 0 0 0
0 0 0 0 0 0 0 0 0
1603 5886 0 0 0 0 0 0 0
0 0 0 0 0 0 0 0 0
1217 6281 0 0 0 0 0 0 0
1104 7179 0 0 0 0 0 0 0
0 0 0 0 0 0 0 0 0
0 0 0 0 0 0 0 0 0
2246 8633 0 0 0 0 0 0 0
0 0 0 0 0 0 0 0 0
1837 9656 0 0 0 0 0 0 0
845 9946 0 0 0 0 0 0 0
0 0 0 0 0 0 0 0 0
0 0 0 0 0 0 0 0 0
483 10707 0 0 0 0 0 0 0
0 0 0 0 0 0 0 0 0
326 8619 0 0 0 0 0 0 0
270 6656 0 0 0 0 0 0 0
0 0 0 0 0 0 0 0 0
0 0 0 0 0 0 0 0 0
438 4555 0 0 0 0 0 0 0
328 2575 0 0 0 0 0 0 0
0 0 0 0 0 0 0 0 0
0 0 0 0 0 0 0 0 0
0 0 0 0 0 0 0 0 0
0 0 0 0 0 0 0 0 0
795 2892 0 0 0 0 0 0 0
11 544 0 0 0 0 0 0 0
0 0 0 0 0 0 0 0 0
1 663 0 0 0 0 0 0 0
0 0 0 0 0 0 0 0 0
0 0 0 0 0 0 0 0 0
3 897 0 0 0 0 0 0 0
0 994 0 0 0 0 0 0 0
0 0 0 0 0 0 0 0 0
166 1045 0 0 0 0 0 0 0
0 0 0 0 0 0 0 0 0
0 0 0 0 0 0 0 0 0
1402 1162 0 0 0 0 0 0 0
1336 1056 0 0 0 0 0 0 0
0 0 0 0 0 0 0 0 0
748 1439 0 0 0 0 0 0 0
788 2597 0 0 0 0 0 0 0
0 0 0 0 0 0 0 0 0
0 0 0 0 0 0 0 0 0
512 3378 0 0 0 0 0 0 0
0 0 0 0 0 0 0 0 0
0 2834 0 0 0 0 0 0 0
7 1950 0 0 0 0 0 0 0
0 0 0 0 0 0 0 0 0
0 0 0 0 0 0 0 0 0
38 1333 0 0 0 0 0 0 0
237 642 0 0 0 0 0 0 0
0 0 0 0 0 0 0 0 0
502 507 0 0 0 0 0 0 0
0 0 0 0 0 0 0 0 0
0 0 0 0 0 0 0 0 0
0 0 0 0 0 0 0 0 0
656 654 0 0 0 0 0 0 0
1554 884 0 0 0 0 0 0 0
0 0 0 0 0 0 0 0 0
0 0 0 0 0 0 0 0 0
2848 1108 0 0 0 0 0 0 0
0 0 0 0 0 0 0 0 0
3282 1084 0 0 0 0 0 0 0
1744 888 0 0 0 0 0 0 0
0 0 0 0 0 0 0 0 0
0 0 0 0 0 0 0 0 0
1544 666 0 0 0 0 0 0 0
2708 388 0 0 0 0 0 0 0
0 0 0 0 0 0 0 0 0
2720 507 0 0 0 0 0 0 0
0 0 0 0 0 0 0 0 0
0 0 0 0 0 0 0 0 0
2320 2678 0 0 0 0 0 0 0
1595 5545 0 0 0 0 0 0 0
0 0 0 0 0 0 0 0 0
1053 6967 0 0 0 0 0 0 0
0 0 0 0 0 0 0 0 0
0 0 0 0 0 0 0 0 0
547 7230 0 0 0 0 0 0 0
935 8683 0 0 0 0 0 0 0
0 0 0 0 0 0 0 0 0
1212 11697 0 0 0 0 0 0 0
998 14380 0 0 0 0 0 0 0
0 0 0 0 0 0 0 0 0
0 0 0 0 0 0 0 0 0
528 14476 0 0 0 0 0 0 0
373 14133 0 0 0 0 0 0 0
0 0 0 0 0 0 0 0 0
400 13753 0 0 0 0 0 0 0
0 0 0 0 0 0 0 0 0
0 0 0 0 0 0 0 0 0
267 13401 0 0 0 0 0 0 0
237 11840 0 0 0 0 0 0 0
0 0 0 0 0 0 0 0 0
189 8032 0 0 0 0 0 0 0
0 0 0 0 0 0 0 0 0
0 0 0 0 0 0 0 0 0
233 4654 0 0 0 0 0 0 0
543 3841 0 0 0 0 0 0 0
0 0 0 0 0 0 0 0 0
503 4883 0 0 0 0 0 0 0
0 0 0 0 0 0 0 0 0
0 0 0 0 0 0 0 0 0
994 5752 0 0 0 0 0 0 0
1137 7012 0 0 0 0 0 0 0
0 0 0 0 0 0 0 0 0
1312 5774 0 0 0 0 0 0 0
0 0 0 0 0 0 0 0 0
0 0 0 0 0 0 0 0 0
15833 27349 0 0 0 0 0 0 0
0 0 0 0 0 0 0 0 0
3862 4312 0 0 0 0 0 0 0
0 0 0 0 0 0 0 0 0
0 0 0 0 0 0 0 0 0
5573 6793 0 0 0 0 0 0 0
5186 7221 0 0 0 0 0 0 0
0 0 0 0 0 0 0 0 0
0 0 0 0 0 0 0 0 0
0 0 0 0 0 0 0 0 0
4492 7098 0 0 0 0 0 0 0
3193 7280 0 0 0 0 0 0 0
0 0 0 0 0 0 0 0 0
2031 7898 0 0 0 0 0 0 0
1777 4331 0 0 0 0 0 0 0
0 0 0 0 0 0 0 0 0
0 0 0 0 0 0 0 0 0
0 0 0 0 0 0 0 0 0
0 0 0 0 0 0 0 0 0
696 3214 0 0 0 0 0 0 0
237 2439 0 0 0 0 0 0 0
0 0 0 0 0 0 0 0 0
187 762 0 0 0 0 0 0 0
0 0 0 0 0 0 0 0 0
456 1117 0 0 0 0 0 0 0
0 0 0 0 0 0 0 0 0
0 0 0 0 0 0 0 0 0
0 0 0 0 0 0 0 0 0
606 2636 0 0 0 0 0 0 0
762 3251 0 0 0 0 0 0 0
0 0 0 0 0 0 0 0 0
1307 3414 0 0 0 0 0 0 0
2155 3535 0 0 0 0 0 0 0
0 0 0 0 0 0 0 0 0
0 0 0 0 0 0 0 0 0
3442 5379 0 0 0 0 0 0 0
0 0 0 0 0 0 0 0 0
2089 5379 0 0 0 0 0 0 0
1224 6315 0 0 0 0 0 0 0
0 0 0 0 0 0 0 0 0
0 0 0 0 0 0 0 0 0
909 6619 0 0 0 0 0 0 0
0 0 0 0 0 0 0 0 0
0 0 0 0 0 0 0 0 0
855 6735 0 0 0 0 0 0 0
0 0 0 0 0 0 0 0 0
383 5817 0 0 0 0 0 0 0
0 0 0 0 0 0 0 0 0
195 4743 0 0 0 0 0 0 0
0 0 0 0 0 0 0 0 0
317 3954 0 0 0 0 0 0 0
0 0 0 0 0 0 0 0 0
95 2867 0 0 0 0 0 0 0
0 0 0 0 0 0 0 0 0
153 1501 0 0 0 0 0 0 0
86 729 0 0 0 0 0 0 0
0 0 0 0 0 0 0 0 0
0 0 0 0 0 0 0 0 0
0 0 0 0 0 0 0 0 0
57 1229 0 0 0 0 0 0 0
13 1227 0 0 0 0 0 0 0
0 0 0 0 0 0 0 0 0
45 2100 0 0 0 0 0 0 0
0 0 0 0 0 0 0 0 0
0 0 0 0 0 0 0 0 0
444 4254 0 0 0 0 0 0 0
511 3771 0 0 0 0 0 0 0
0 0 0 0 0 0 0 0 0
595 1590 0 0 0 0 0 0 0
0 0 0 0 0 0 0 0 0
0 0 0 0 0 0 0 0 0
875 1948 0 0 0 0 0 0 0
354 192 0 0 0 0 0 0 0
0 0 0 0 0 0 0 0 0
0 0 0 0 0 0 0 0 0
0 0 0 0 0 0 0 0 0
329 1367 0 0 0 0 0 0 0
0 0 0 0 0 0 0 0 0
372 3221 0 0 0 0 0 0 0
171 3629 0 0 0 0 0 0 0
0 0 0 0 0 0 0 0 0
0 0 0 0 0 0 0 0 0
36 3800 0 0 0 0 0 0 0
0 0 0 0 0 0 0 0 0
82 3286 0 0 0 0 0 0 0
4 4766 0 0 0 0 0 0 0
0 0 0 0 0 0 0 0 0
0 0 0 0 0 0 0 0 0
726 5319 0 0 0 0 0 0 0
551 5250 0 0 0 0 0 0 0
0 0 0 0 0 0 0 0 0
0 0 0 0 0 0 0 0 0
437 5303 0 0 0 0 0 0 0
0 0 0 0 0 0 0 0 0
0 0 0 0 0 0 0 0 0
1240 5556 0 0 0 0 0 0 0
1423 7638 0 0 0 0 0 0 0
0 0 0 0 0 0 0 0 0
2083 8506 0 0 0 0 0 0 0
0 0 0 0 0 0 0 0 0
2273 8917 0 0 0 0 0 0 0
0 0 0 0 0 0 0 0 0
1876 10355 0 0 0 0 0 0 0
0 0 0 0 0 0 0 0 0
1602 10143 0 0 0 0 0 0 0
0 0 0 0 0 0 0 0 0
1443 10847 0 0 0 0 0 0 0
0 0 0 0 0 0 0 0 0
0 0 0 0 0 0 0 0 0
1731 10231 0 0 0 0 0 0 0
1129 8345 0 0 0 0 0 0 0
0 0 0 0 0 0 0 0 0
0 0 0 0 0 0 0 0 0
717 6579 0 0 0 0 0 0 0
0 0 0 0 0 0 0 0 0
1027 5776 0 0 0 0 0 0 0
0 0 0 0 0 0 0 0 0
0 0 0 0 0 0 0 0 0
0 0 0 0 0 0 0 0 0
3584 12472 0 0 0 0 0 0 0
1098 7995 0 0 0 0 0 0 0
0 0 0 0 0 0 0 0 0
1089 6501 0 0 0 0 0 0 0
0 0 0 0 0 0 0 0 0
0 0 0 0 0 0 0 0 0
1073 5924 0 0 0 0 0 0 0
0 0 0 0 0 0 0 0 0
1470 6930 0 0 0 0 0 0 0
0 0 0 0 0 0 0 0 0
0 0 0 0 0 0 0 0 0
1232 7675 0 0 0 0 0 0 0
2649 7466 0 0 0 0 0 0 0
0 0 0 0 0 0 0 0 0
2503 7743 0 0 0 0 0 0 0
0 0 0 0 0 0 0 0 0
0 0 0 0 0 0 0 0 0
481 7212 0 0 0 0 0 0 0
1472 5879 0 0 0 0 0 0 0
0 0 0 0 0 0 0 0 0
1236 8210 0 0 0 0 0 0 0
0 0 0 0 0 0 0 0 0
0 0 0 0 0 0 0 0 0
1540 11636 0 0 0 0 0 0 0
0 0 0 0 0 0 0 0 0
1408 12551 0 0 0 0 0 0 0
0 0 0 0 0 0 0 0 0
1193 13059 0 0 0 0 0 0 0
0 0 0 0 0 0 0 0 0
0 0 0 0 0 0 0 0 0
548 12360 0 0 0 0 0 0 0
0 12086 0 0 0 0 0 0 0
0 0 0 0 0 0 0 0 0
7 11039 0 0 0 0 0 0 0
0 0 0 0 0 0 0 0 0
0 10579 0 0 0 0 0 0 0
0 0 0 0 0 0 0 0 0
0 9387 0 0 0 0 0 0 0
0 0 0 0 0 0 0 0 0
19 7978 0 0 0 0 0 0 0
0 0 0 0 0 0 0 0 0
387 8047 0 0 0 0 0 0 0
0 0 0 0 0 0 0 0 0
90 8873 0 0 0 0 0 0 0
0 0 0 0 0 0 0 0 0
37 7643 0 0 0 0 0 0 0
0 0 0 0 0 0 0 0 0
138 6256 0 0 0 0 0 0 0
0 0 0 0 0 0 0 0 0
174 3264 0 0 0 0 0 0 0
0 0 0 0 0 0 0 0 0
105 2699 0 0 0 0 0 0 0
148 6602 0 0 0 0 0 0 0
0 0 0 0 0 0 0 0 0
255 9317 0 0 0 0 0 0 0
0 0 0 0 0 0 0 0 0
517 14318 0 0 0 0 0 0 0
0 0 0 0 0 0 0 0 0
589 17935 0 0 0 0 0 0 0
0 0 0 0 0 0 0 0 0
492 21249 0 0 0 0 0 0 0
0 0 0 0 0 0 0 0 0
302 22276 0 0 0 0 0 0 0
0 0 0 0 0 0 0 0 0
32 20070 0 0 0 0 0 0 0
0 0 0 0 0 0 0 0 0
2 20041 0 0 0 0 0 0 0
1 14047 0 0 0 0 0 0 0
0 0 0 0 0 0 0 0 0
0 0 0 0 0 0 0 0 0
0 9446 0 0 0 0 0 0 0
0 0 0 0 0 0 0 0 0
0 9509 0 0 0 0 0 0 0
0 0 0 0 0 0 0 0 0
0 7931 0 0 0 0 0 0 0
0 0 0 0 0 0 0 0 0
0 6064 0 0 0 0 0 0 0
0 0 0 0 0 0 0 0 0
0 6070 0 0 0 0 0 0 0
0 5172 0 0 0 0 0 0 0
0 0 0 0 0 0 0 0 0
0 0 0 0 0 0 0 0 0
256 4972 0 0 0 0 0 0 0
0 0 0 0 0 0 0 0 0
84 6266 0 0 0 0 0 0 0
39 9256 0 0 0 0 0 0 0
0 0 0 0 0 0 0 0 0
0 0 0 0 0 0 0 0 0
192 12977 0 0 0 0 0 0 0
0 0 0 0 0 0 0 0 0
458 18430 0 0 0 0 0 0 0
371 23160 0 0 0 0 0 0 0
0 0 0 0 0 0 0 0 0
0 0 0 0 0 0 0 0 0
236 25227 0 0 0 0 0 0 0
0 0 0 0 0 0 0 0 0
243 23505 0 0 0 0 0 0 0
663 19943 0 0 0 0 0 0 0
0 0 0 0 0 0 0 0 0
0 0 0 0 0 0 0 0 0
1358 13320 0 0 0 0 0 0 0
0 0 0 0 0 0 0 0 0
1531 10414 0 0 0 0 0 0 0
0 0 0 0 0 0 0 0 0
1813 9763 0 0 0 0 0 0 0
0 0 0 0 0 0 0 0 0
0 0 0 0 0 0 0 0 0
2455 7632 0 0 0 0 0 0 0
2754 9331 0 0 0 0 0 0 0
0 0 0 0 0 0 0 0 0
1329 9562 0 0 0 0 0 0 0
0 0 0 0 0 0 0 0 0
0 0 0 0 0 0 0 0 0
3484 8024 0 0 0 0 0 0 0
2391 7345 0 0 0 0 0 0 0
0 0 0 0 0 0 0 0 0
1709 6226 0 0 0 0 0 0 0
0 0 0 0 0 0 0 0 0
0 0 0 0 0 0 0 0 0
1910 5477 0 0 0 0 0 0 0
1909 5417 0 0 0 0 0 0 0
0 0 0 0 0 0 0 0 0
2428 4029 0 0 0 0 0 0 0
0 0 0 0 0 0 0 0 0
0 0 0 0 0 0 0 0 0
0 0 0 0 0 0 0 0 0
6954 8273 0 0 0 0 0 0 0
0 0 0 0 0 0 0 0 0
2457 3116 0 0 0 0 0 0 0
0 0 0 0 0 0 0 0 0
2496 3880 0 0 0 0 0 0 0
0 0 0 0 0 0 0 0 0
974 3712 0 0 0 0 0 0 0
0 0 0 0 0 0 0 0 0
3500 3056 0 0 0 0 0 0 0
0 0 0 0 0 0 0 0 0
4378 2665 0 0 0 0 0 0 0
0 0 0 0 0 0 0 0 0
2657 3264 0 0 0 0 0 0 0
0 0 0 0 0 0 0 0 0
2697 3885 0 0 0 0 0 0 0
0 0 0 0 0 0 0 0 0
2735 3329 0 0 0 0 0 0 0
0 0 0 0 0 0 0 0 0
1986 3209 0 0 0 0 0 0 0
0 0 0 0 0 0 0 0 0
2125 2874 0 0 0 0 0 0 0
0 0 0 0 0 0 0 0 0
1729 2450 0 0 0 0 0 0 0
0 0 0 0 0 0 0 0 0
2858 1995 0 0 0 0 0 0 0
0 0 0 0 0 0 0 0 0
905 1581 0 0 0 0 0 0 0
0 0 0 0 0 0 0 0 0
1644 1604 0 0 0 0 0 0 0
0 0 0 0 0 0 0 0 0
2489 1416 0 0 0 0 0 0 0
0 0 0 0 0 0 0 0 0
610 2388 0 0 0 0 0 0 0
0 0 0 0 0 0 0 0 0
1329 3302 0 0 0 0 0 0 0
0 0 0 0 0 0 0 0 0
1105 3180 0 0 0 0 0 0 0
1556 2520 0 0 0 0 0 0 0
0 0 0 0 0 0 0 0 0
0 0 0 0 0 0 0 0 0
2088 3285 0 0 0 0 0 0 0
0 0 0 0 0 0 0 0 0
948 2879 0 0 0 0 0 0 0
290 1937 0 0 0 0 0 0 0
0 0 0 0 0 0 0 0 0
0 0 0 0 0 0 0 0 0
912 1383 0 0 0 0 0 0 0
0 0 0 0 0 0 0 0 0
2133 1140 0 0 0 0 0 0 0
2270 1210 0 0 0 0 0 0 0
0 0 0 0 0 0 0 0 0
0 0 0 0 0 0 0 0 0
636 987 0 0 0 0 0 0 0
0 0 0 0 0 0 0 0 0
1556 871 0 0 0 0 0 0 0
2202 1581 0 0 0 0 0 0 0
0 0 0 0 0 0 0 0 0
0 0 0 0 0 0 0 0 0
537 3042 0 0 0 0 0 0 0
0 0 0 0 0 0 0 0 0
1628 3290 0 0 0 0 0 0 0
0 0 0 0 0 0 0 0 0
1534 2720 0 0 0 0 0 0 0
0 0 0 0 0 0 0 0 0
0 0 0 0 0 0 0 0 0
276 1602 0 0 0 0 0 0 0
563 639 0 0 0 0 0 0 0
0 0 0 0 0 0 0 0 0
308 490 0 0 0 0 0 0 0
0 0 0 0 0 0 0 0 0
0 0 0 0 0 0 0 0 0
286 605 0 0 0 0 0 0 0
586 447 0 0 0 0 0 0 0
0 0 0 0 0 0 0 0 0
1842 245 0 0 0 0 0 0 0
