0 0 0 0 0 0 0 0 0
0 0 0 0 0 0 0 0 0
0 0 0 0 0 0 0 0 0
4772 8839 0 0 0 0 0 0 0
0 0 0 0 0 0 0 0 0
8253 5725 0 0 0 0 0 0 0
0 0 0 0 0 0 0 0 0
0 0 0 0 0 0 0 0 0
2252 2265 0 0 0 0 0 0 0
1927 544 0 0 0 0 0 0 0
1136 254 0 0 0 0 0 0 0
0 0 0 0 0 0 0 0 0
531 98 0 0 0 0 0 0 0
2795 694 0 0 0 0 0 0 0
1463 1304 0 0 0 0 0 0 0
1466 880 0 0 0 0 0 0 0
0 0 0 0 0 0 0 0 0
4822 5634 0 0 0 0 0 0 0
408 75 0 0 0 0 0 0 0
1102 932 0 0 0 0 0 0 0
2363 3282 0 0 0 0 0 0 0
0 0 0 0 0 0 0 0 0
470 265 0 0 0 0 0 0 0
1414 5784 0 0 0 0 0 0 0
1010 1086 0 0 0 0 0 0 0
1452 806 0 0 0 0 0 0 0
0 0 0 0 0 0 0 0 0
6537 5390 0 0 0 0 0 0 0
2220 2789 0 0 0 0 0 0 0
1050 2478 0 0 0 0 0 0 0
3076 2761 0 0 0 0 0 0 0
0 0 0 0 0 0 0 0 0
3968 5292 0 0 0 0 0 0 0
14710 27099 0 0 0 0 0 0 0
0 0 0 0 0 0 0 0 0
1003 3568 0 0 0 0 0 0 0
2181 7547 0 0 0 0 0 0 0
1336 3682 0 0 0 0 0 0 0
4341 5402 0 0 0 0 0 0 0
0 0 0 0 0 0 0 0 0
1744 1145 0 0 0 0 0 0 0
1863 789 0 0 0 0 0 0 0
2209 708 0 0 0 0 0 0 0
4782 3282 0 0 0 0 0 0 0
0 0 0 0 0 0 0 0 0
0 0 0 0 0 0 0 0 0
5867 13033 0 0 0 0 0 0 0
1553 4038 0 0 0 0 0 0 0
3802 12355 0 0 0 0 0 0 0
0 0 0 0 0 0 0 0 0
996 3605 0 0 0 0 0 0 0
2421 5564 0 0 0 0 0 0 0
1164 1649 0 0 0 0 0 0 0
2766 2094 0 0 0 0 0 0 0
0 0 0 0 0 0 0 0 0
1559 2439 0 0 0 0 0 0 0
1173 1945 0 0 0 0 0 0 0
1786 5067 0 0 0 0 0 0 0
2397 3029 0 0 0 0 0 0 0
0 0 0 0 0 0 0 0 0
1218 2487 0 0 0 0 0 0 0
1632 4205 0 0 0 0 0 0 0
953 843 0 0 0 0 0 0 0
6635 15401 0 0 0 0 0 0 0
0 0 0 0 0 0 0 0 0
2493 6119 0 0 0 0 0 0 0
4148 10709 0 0 0 0 0 0 0
2502 6097 0 0 0 0 0 0 0
9395 14908 0 0 0 0 0 0 0
0 0 0 0 0 0 0 0 0
1572 2848 0 0 0 0 0 0 0
2238 7095 0 0 0 0 0 0 0
3383 9962 0 0 0 0 0 0 0
4372 4144 0 0 0 0 0 0 0
0 0 0 0 0 0 0 0 0
4236 8886 0 0 0 0 0 0 0
442 2229 0 0 0 0 0 0 0
966 5238 0 0 0 0 0 0 0
1639 8032 0 0 0 0 0 0 0
0 0 0 0 0 0 0 0 0
0 0 0 0 0 0 0 0 0
3926 8197 0 0 0 0 0 0 0
2200 5512 0 0 0 0 0 0 0
3084 7925 0 0 0 0 0 0 0
0 0 0 0 0 0 0 0 0
1208 2963 0 0 0 0 0 0 0
1345 2358 0 0 0 0 0 0 0
1420 2984 0 0 0 0 0 0 0
3221 6692 0 0 0 0 0 0 0
0 0 0 0 0 0 0 0 0
14350 21719 0 0 0 0 0 0 0
0 0 0 0 0 0 0 0 0
522 2832 0 0 0 0 0 0 0
430 3314 0 0 0 0 0 0 0
1376 7114 0 0 0 0 0 0 0
4141 11065 0 0 0 0 0 0 0
0 0 0 0 0 0 0 0 0
1472 4934 0 0 0 0 0 0 0
2048 5960 0 0 0 0 0 0 0
5433 12478 0 0 0 0 0 0 0
5277 8525 0 0 0 0 0 0 0
0 0 0 0 0 0 0 0 0
2073 4104 0 0 0 0 0 0 0
2046 2595 0 0 0 0 0 0 0
0 0 0 0 0 0 0 0 0
4456 12421 0 0 0 0 0 0 0
0 0 0 0 0 0 0 0 0
1022 3933 0 0 0 0 0 0 0
442 2652 0 0 0 0 0 0 0
330 2479 0 0 0 0 0 0 0
4175 8653 0 0 0 0 0 0 0
0 0 0 0 0 0 0 0 0
0 0 0 0 0 0 0 0 0
4386 6917 0 0 0 0 0 0 0
4140 3807 0 0 0 0 0 0 0
3905 3699 0 0 0 0 0 0 0
0 0 0 0 0 0 0 0 0
935 597 0 0 0 0 0 0 0
601 430 0 0 0 0 0 0 0
441 211 0 0 0 0 0 0 0
2589 1138 0 0 0 0 0 0 0
0 0 0 0 0 0 0 0 0
0 0 0 0 0 0 0 0 0
1709 662 0 0 0 0 0 0 0
673 563 0 0 0 0 0 0 0
1597 2018 0 0 0 0 0 0 0
0 0 0 0 0 0 0 0 0
0 0 0 0 0 0 0 0 0
3161 6252 0 0 0 0 0 0 0
1328 1040 0 0 0 0 0 0 0
5248 5584 0 0 0 0 0 0 0
0 0 0 0 0 0 0 0 0
1155 1991 0 0 0 0 0 0 0
1158 1344 0 0 0 0 0 0 0
0 0 0 0 0 0 0 0 0
4705 5757 0 0 0 0 0 0 0
0 0 0 0 0 0 0 0 0
1892 1176 0 0 0 0 0 0 0
4561 2085 0 0 0 0 0 0 0
1932 283 0 0 0 0 0 0 0
4690 1285 0 0 0 0 0 0 0
0 0 0 0 0 0 0 0 0
1171 45 0 0 0 0 0 0 0
1151 65 0 0 0 0 0 0 0
0 0 0 0 0 0 0 0 0
4835 369 0 0 0 0 0 0 0
0 0 0 0 0 0 0 0 0
4078 598 0 0 0 0 0 0 0
2777 45 0 0 0 0 0 0 0
3291 34 0 0 0 0 0 0 0
6924 127 0 0 0 0 0 0 0
0 0 0 0 0 0 0 0 0
16873 29171 0 0 0 0 0 0 0
1044 5052 0 0 0 0 0 0 0
2451 8637 0 0 0 0 0 0 0
2338 7887 0 0 0 0 0 0 0
0 0 0 0 0 0 0 0 0
838 4250 0 0 0 0 0 0 0
613 4796 0 0 0 0 0 0 0
1962 12819 0 0 0 0 0 0 0
1328 13465 0 0 0 0 0 0 0
0 0 0 0 0 0 0 0 0
1124 14720 0 0 0 0 0 0 0
986 9666 0 0 0 0 0 0 0
718 9750 0 0 0 0 0 0 0
1308 12762 0 0 0 0 0 0 0
0 0 0 0 0 0 0 0 0
252 4138 0 0 0 0 0 0 0
530 3990 0 0 0 0 0 0 0
582 3725 0 0 0 0 0 0 0
9750 36210 0 0 0 0 0 0 0
807 3896 0 0 0 0 0 0 0
4562 14189 0 0 0 0 0 0 0
0 0 0 0 0 0 0 0 0
2531 7001 0 0 0 0 0 0 0
6061 18133 0 0 0 0 0 0 0
3308 7835 0 0 0 0 0 0 0
6904 17871 0 0 0 0 0 0 0
0 0 0 0 0 0 0 0 0
1208 4919 0 0 0 0 0 0 0
1565 5736 0 0 0 0 0 0 0
3792 11942 0 0 0 0 0 0 0
6263 13502 0 0 0 0 0 0 0
0 0 0 0 0 0 0 0 0
2221 7690 0 0 0 0 0 0 0
3117 7540 0 0 0 0 0 0 0
17318 48475 0 0 0 0 0 0 0
3422 9473 0 0 0 0 0 0 0
7495 18487 0 0 0 0 0 0 0
0 0 0 0 0 0 0 0 0
1865 7138 0 0 0 0 0 0 0
3550 10493 0 0 0 0 0 0 0
6616 17823 0 0 0 0 0 0 0
5807 18267 0 0 0 0 0 0 0
0 0 0 0 0 0 0 0 0
3601 7149 0 0 0 0 0 0 0
3080 7046 0 0 0 0 0 0 0
3849 10503 0 0 0 0 0 0 0
5088 13074 0 0 0 0 0 0 0
0 0 0 0 0 0 0 0 0
2155 7157 0 0 0 0 0 0 0
435 3025 0 0 0 0 0 0 0
2371 11780 0 0 0 0 0 0 0
1118 7066 0 0 0 0 0 0 0
0 0 0 0 0 0 0 0 0
965 3021 0 0 0 0 0 0 0
1337 4953 0 0 0 0 0 0 0
938 4525 0 0 0 0 0 0 0
2536 12123 0 0 0 0 0 0 0
0 0 0 0 0 0 0 0 0
449 5421 0 0 0 0 0 0 0
508 5003 0 0 0 0 0 0 0
2417 13377 0 0 0 0 0 0 0
1911 10837 0 0 0 0 0 0 0
0 0 0 0 0 0 0 0 0
802 6067 0 0 0 0 0 0 0
482 6133 0 0 0 0 0 0 0
668 7197 0 0 0 0 0 0 0
1299 15423 0 0 0 0 0 0 0
0 0 0 0 0 0 0 0 0
404 9396 0 0 0 0 0 0 0
0 0 0 0 0 0 0 0 0
1102 17976 0 0 0 0 0 0 0
631 13624 0 0 0 0 0 0 0
0 0 0 0 0 0 0 0 0
527 8311 0 0 0 0 0 0 0
456 9095 0 0 0 0 0 0 0
103 6373 0 0 0 0 0 0 0
1153 16294 0 0 0 0 0 0 0
0 0 0 0 0 0 0 0 0
323 6533 0 0 0 0 0 0 0
0 0 0 0 0 0 0 0 0
1397 10736 0 0 0 0 0 0 0
2409 10467 0 0 0 0 0 0 0
0 0 0 0 0 0 0 0 0
3924 11205 0 0 0 0 0 0 0
2481 6041 0 0 0 0 0 0 0
5358 11326 0 0 0 0 0 0 0
5821 11231 0 0 0 0 0 0 0
0 0 0 0 0 0 0 0 0
3471 4553 0 0 0 0 0 0 0
3437 4174 0 0 0 0 0 0 0
3067 3912 0 0 0 0 0 0 0
5289 10118 0 0 0 0 0 0 0
0 0 0 0 0 0 0 0 0
5596 10529 0 0 0 0 0 0 0
2758 5374 0 0 0 0 0 0 0
2418 4364 0 0 0 0 0 0 0
5991 8413 0 0 0 0 0 0 0
0 0 0 0 0 0 0 0 0
0 0 0 0 0 0 0 0 0
3207 7041 0 0 0 0 0 0 0
767 2698 0 0 0 0 0 0 0
2420 5235 0 0 0 0 0 0 0
0 0 0 0 0 0 0 0 0
898 3886 0 0 0 0 0 0 0
325 3061 0 0 0 0 0 0 0
29 1990 0 0 0 0 0 0 0
574 2395 0 0 0 0 0 0 0
0 0 0 0 0 0 0 0 0
456 4356 0 0 0 0 0 0 0
524 3614 0 0 0 0 0 0 0
399 5394 0 0 0 0 0 0 0
408 12101 0 0 0 0 0 0 0
0 0 0 0 0 0 0 0 0
713 4064 0 0 0 0 0 0 0
94 2343 0 0 0 0 0 0 0
151 2204 0 0 0 0 0 0 0
619 4863 0 0 0 0 0 0 0
0 0 0 0 0 0 0 0 0
742 2993 0 0 0 0 0 0 0
265 2490 0 0 0 0 0 0 0
57 1899 0 0 0 0 0 0 0
2027 18294 0 0 0 0 0 0 0
0 0 0 0 0 0 0 0 0
0 0 0 0 0 0 0 0 0
2971 15980 0 0 0 0 0 0 0
692 3998 0 0 0 0 0 0 0
4331 11858 0 0 0 0 0 0 0
0 0 0 0 0 0 0 0 0
2897 2217 0 0 0 0 0 0 0
21584 30706 0 0 0 0 0 0 0
0 0 0 0 0 0 0 0 0
7003 9659 0 0 0 0 0 0 0
0 0 0 0 0 0 0 0 0
6861 10519 0 0 0 0 0 0 0
5910 9584 0 0 0 0 0 0 0
0 0 0 0 0 0 0 0 0
4548 4831 0 0 0 0 0 0 0
8260 8542 0 0 0 0 0 0 0
5260 4403 0 0 0 0 0 0 0
7179 6902 0 0 0 0 0 0 0
0 0 0 0 0 0 0 0 0
0 0 0 0 0 0 0 0 0
3072 5684 0 0 0 0 0 0 0
4820 4917 0 0 0 0 0 0 0
8261 4487 0 0 0 0 0 0 0
0 0 0 0 0 0 0 0 0
6098 1613 0 0 0 0 0 0 0
12865 3019 0 0 0 0 0 0 0
0 0 0 0 0 0 0 0 0
16987 3663 0 0 0 0 0 0 0
0 0 0 0 0 0 0 0 0
6400 3284 0 0 0 0 0 0 0
5087 5082 0 0 0 0 0 0 0
3737 5898 0 0 0 0 0 0 0
8072 17108 0 0 0 0 0 0 0
0 0 0 0 0 0 0 0 0
4283 7778 0 0 0 0 0 0 0
5147 6183 0 0 0 0 0 0 0
10486 9519 0 0 0 0 0 0 0
11375 8780 0 0 0 0 0 0 0
0 0 0 0 0 0 0 0 0
6373 4472 0 0 0 0 0 0 0
5601 4516 0 0 0 0 0 0 0
4792 4528 0 0 0 0 0 0 0
7570 10873 0 0 0 0 0 0 0
0 0 0 0 0 0 0 0 0
1207 3532 0 0 0 0 0 0 0
605 3263 0 0 0 0 0 0 0
0 0 0 0 0 0 0 0 0
1001 6981 0 0 0 0 0 0 0
0 0 0 0 0 0 0 0 0
1382 4208 0 0 0 0 0 0 0
761 2026 0 0 0 0 0 0 0
1024 1801 0 0 0 0 0 0 0
4633 4075 0 0 0 0 0 0 0
0 0 0 0 0 0 0 0 0
0 0 0 0 0 0 0 0 0
5310 710 0 0 0 0 0 0 0
4756 92 0 0 0 0 0 0 0
11793 1925 0 0 0 0 0 0 0
0 0 0 0 0 0 0 0 0
7336 420 0 0 0 0 0 0 0
6389 572 0 0 0 0 0 0 0
6166 1181 0 0 0 0 0 0 0
14876 4032 0 0 0 0 0 0 0
0 0 0 0 0 0 0 0 0
0 0 0 0 0 0 0 0 0
15374 3289 0 0 0 0 0 0 0
10099 1863 0 0 0 0 0 0 0
13164 3738 0 0 0 0 0 0 0
0 0 0 0 0 0 0 0 0
11842 3695 0 0 0 0 0 0 0
4854 5072 0 0 0 0 0 0 0
4046 8503 0 0 0 0 0 0 0
7555 14183 0 0 0 0 0 0 0
0 0 0 0 0 0 0 0 0
8009 9214 0 0 0 0 0 0 0
4483 2602 0 0 0 0 0 0 0
3656 2534 0 0 0 0 0 0 0
7635 6092 0 0 0 0 0 0 0
0 0 0 0 0 0 0 0 0
3736 1881 0 0 0 0 0 0 0
4348 893 0 0 0 0 0 0 0
4286 1554 0 0 0 0 0 0 0
6489 2101 0 0 0 0 0 0 0
0 0 0 0 0 0 0 0 0
4230 3045 0 0 0 0 0 0 0
1347 604 0 0 0 0 0 0 0
0 0 0 0 0 0 0 0 0
8263 5484 0 0 0 0 0 0 0
0 0 0 0 0 0 0 0 0
998 1645 0 0 0 0 0 0 0
860 1430 0 0 0 0 0 0 0
0 0 0 0 0 0 0 0 0
4464 6173 0 0 0 0 0 0 0
0 0 0 0 0 0 0 0 0
2454 3637 0 0 0 0 0 0 0
589 2065 0 0 0 0 0 0 0
454 2099 0 0 0 0 0 0 0
3006 6225 0 0 0 0 0 0 0
0 0 0 0 0 0 0 0 0
651 1415 0 0 0 0 0 0 0
732 1261 0 0 0 0 0 0 0
759 1441 0 0 0 0 0 0 0
1294 3345 0 0 0 0 0 0 0
0 0 0 0 0 0 0 0 0
535 1353 0 0 0 0 0 0 0
500 800 0 0 0 0 0 0 0
1421 1741 0 0 0 0 0 0 0
2911 2403 0 0 0 0 0 0 0
0 0 0 0 0 0 0 0 0
0 0 0 0 0 0 0 0 0
1948 1292 0 0 0 0 0 0 0
600 133 0 0 0 0 0 0 0
404 283 0 0 0 0 0 0 0
0 0 0 0 0 0 0 0 0
3264 2815 0 0 0 0 0 0 0
1327 1088 0 0 0 0 0 0 0
1467 1810 0 0 0 0 0 0 0
2929 4459 0 0 0 0 0 0 0
0 0 0 0 0 0 0 0 0
1636 1351 0 0 0 0 0 0 0
2533 4132 0 0 0 0 0 0 0
0 0 0 0 0 0 0 0 0
2003 7114 0 0 0 0 0 0 0
0 0 0 0 0 0 0 0 0
275 2527 0 0 0 0 0 0 0
506 3728 0 0 0 0 0 0 0
616 9325 0 0 0 0 0 0 0
1042 11465 0 0 0 0 0 0 0
0 0 0 0 0 0 0 0 0
298 7138 0 0 0 0 0 0 0
2840 15303 0 0 0 0 0 0 0
410 6514 0 0 0 0 0 0 0
832 7552 0 0 0 0 0 0 0
0 0 0 0 0 0 0 0 0
2062 14530 0 0 0 0 0 0 0
3915 16742 0 0 0 0 0 0 0
626 8604 0 0 0 0 0 0 0
2437 10519 0 0 0 0 0 0 0
0 0 0 0 0 0 0 0 0
636 3394 0 0 0 0 0 0 0
590 3354 0 0 0 0 0 0 0
3463 11392 0 0 0 0 0 0 0
872 5480 0 0 0 0 0 0 0
0 0 0 0 0 0 0 0 0
3130 13302 0 0 0 0 0 0 0
1008 3024 0 0 0 0 0 0 0
1706 5562 0 0 0 0 0 0 0
4954 13852 0 0 0 0 0 0 0
0 0 0 0 0 0 0 0 0
2912 6758 0 0 0 0 0 0 0
2635 6280 0 0 0 0 0 0 0
4511 6958 0 0 0 0 0 0 0
4326 11773 0 0 0 0 0 0 0
0 0 0 0 0 0 0 0 0
2346 4445 0 0 0 0 0 0 0
5570 8433 0 0 0 0 0 0 0
2661 4520 0 0 0 0 0 0 0
2649 6215 0 0 0 0 0 0 0
0 0 0 0 0 0 0 0 0
6576 14369 0 0 0 0 0 0 0
2099 6248 0 0 0 0 0 0 0
2353 7641 0 0 0 0 0 0 0
4328 11768 0 0 0 0 0 0 0
0 0 0 0 0 0 0 0 0
2868 9995 0 0 0 0 0 0 0
2685 5831 0 0 0 0 0 0 0
7530 14813 0 0 0 0 0 0 0
3008 5827 0 0 0 0 0 0 0
0 0 0 0 0 0 0 0 0
9474 17937 0 0 0 0 0 0 0
2244 4634 0 0 0 0 0 0 0
2631 5872 0 0 0 0 0 0 0
6269 12110 0 0 0 0 0 0 0
0 0 0 0 0 0 0 0 0
4007 2765 0 0 0 0 0 0 0
7338 11829 0 0 0 0 0 0 0
3910 4895 0 0 0 0 0 0 0
6482 12577 0 0 0 0 0 0 0
0 0 0 0 0 0 0 0 0
3704 6492 0 0 0 0 0 0 0
0 0 0 0 0 0 0 0 0
7134 6910 0 0 0 0 0 0 0
9438 7760 0 0 0 0 0 0 0
0 0 0 0 0 0 0 0 0
21458 29343 0 0 0 0 0 0 0
2035 9040 0 0 0 0 0 0 0
0 0 0 0 0 0 0 0 0
872 1912 0 0 0 0 0 0 0
954 1213 0 0 0 0 0 0 0
1317 1211 0 0 0 0 0 0 0
4994 8228 0 0 0 0 0 0 0
0 0 0 0 0 0 0 0 0
1166 2684 0 0 0 0 0 0 0
0 0 0 0 0 0 0 0 0
2264 7975 0 0 0 0 0 0 0
3810 17989 0 0 0 0 0 0 0
0 0 0 0 0 0 0 0 0
1706 5984 0 0 0 0 0 0 0
1551 6200 0 0 0 0 0 0 0
967 4201 0 0 0 0 0 0 0
3383 14206 0 0 0 0 0 0 0
0 0 0 0 0 0 0 0 0
1508 3941 0 0 0 0 0 0 0
0 0 0 0 0 0 0 0 0
1928 7855 0 0 0 0 0 0 0
3002 5627 0 0 0 0 0 0 0
0 0 0 0 0 0 0 0 0
1478 1901 0 0 0 0 0 0 0
1061 1711 0 0 0 0 0 0 0
831 1147 0 0 0 0 0 0 0
5114 12812 0 0 0 0 0 0 0
0 0 0 0 0 0 0 0 0
1349 2814 0 0 0 0 0 0 0
0 0 0 0 0 0 0 0 0
1538 4192 0 0 0 0 0 0 0
2384 9465 0 0 0 0 0 0 0
0 0 0 0 0 0 0 0 0
1275 7298 0 0 0 0 0 0 0
597 1061 0 0 0 0 0 0 0
728 1311 0 0 0 0 0 0 0
4740 9977 0 0 0 0 0 0 0
0 0 0 0 0 0 0 0 0
0 0 0 0 0 0 0 0 0
2203 6630 0 0 0 0 0 0 0
307 2514 0 0 0 0 0 0 0
2248 5023 0 0 0 0 0 0 0
0 0 0 0 0 0 0 0 0
1078 2128 0 0 0 0 0 0 0
746 3402 0 0 0 0 0 0 0
267 1579 0 0 0 0 0 0 0
328 168 0 0 0 0 0 0 0
0 0 0 0 0 0 0 0 0
1560 3981 0 0 0 0 0 0 0
447 168 0 0 0 0 0 0 0
776 1084 0 0 0 0 0 0 0
2418 3389 0 0 0 0 0 0 0
0 0 0 0 0 0 0 0 0
496 1539 0 0 0 0 0 0 0
502 1063 0 0 0 0 0 0 0
2387 1707 0 0 0 0 0 0 0
2146 2229 0 0 0 0 0 0 0
0 0 0 0 0 0 0 0 0
425 88 0 0 0 0 0 0 0
386 104 0 0 0 0 0 0 0
2019 230 0 0 0 0 0 0 0
3726 495 0 0 0 0 0 0 0
0 0 0 0 0 0 0 0 0
3649 408 0 0 0 0 0 0 0
9413 1596 0 0 0 0 0 0 0
7579 1208 0 0 0 0 0 0 0
11665 3560 0 0 0 0 0 0 0
0 0 0 0 0 0 0 0 0
0 0 0 0 0 0 0 0 0
12721 3653 0 0 0 0 0 0 0
9044 1303 0 0 0 0 0 0 0
13479 4607 0 0 0 0 0 0 0
0 0 0 0 0 0 0 0 0
20134 56499 0 0 0 0 0 0 0
0 0 0 0 0 0 0 0 0
1030 6290 0 0 0 0 0 0 0
2149 6538 0 0 0 0 0 0 0
5248 11818 0 0 0 0 0 0 0
4019 13008 0 0 0 0 0 0 0
0 0 0 0 0 0 0 0 0
1256 5674 0 0 0 0 0 0 0
1386 4906 0 0 0 0 0 0 0
2288 7168 0 0 0 0 0 0 0
3664 11955 0 0 0 0 0 0 0
0 0 0 0 0 0 0 0 0
0 0 0 0 0 0 0 0 0
4033 9552 0 0 0 0 0 0 0
1561 4825 0 0 0 0 0 0 0
3179 10833 0 0 0 0 0 0 0
0 0 0 0 0 0 0 0 0
1304 5105 0 0 0 0 0 0 0
1301 6390 0 0 0 0 0 0 0
2301 10296 0 0 0 0 0 0 0
3378 11584 0 0 0 0 0 0 0
0 0 0 0 0 0 0 0 0
0 0 0 0 0 0 0 0 0
2204 9009 0 0 0 0 0 0 0
1493 6403 0 0 0 0 0 0 0
3637 6961 0 0 0 0 0 0 0
0 0 0 0 0 0 0 0 0
708 1415 0 0 0 0 0 0 0
1031 2342 0 0 0 0 0 0 0
558 1127 0 0 0 0 0 0 0
2851 5197 0 0 0 0 0 0 0
0 0 0 0 0 0 0 0 0
741 318 0 0 0 0 0 0 0
1219 349 0 0 0 0 0 0 0
3886 5724 0 0 0 0 0 0 0
1796 2261 0 0 0 0 0 0 0
0 0 0 0 0 0 0 0 0
897 2740 0 0 0 0 0 0 0
1146 1422 0 0 0 0 0 0 0
644 2134 0 0 0 0 0 0 0
934 1357 0 0 0 0 0 0 0
0 0 0 0 0 0 0 0 0
4291 2441 0 0 0 0 0 0 0
2292 1240 0 0 0 0 0 0 0
4387 1686 0 0 0 0 0 0 0
3778 2973 0 0 0 0 0 0 0
0 0 0 0 0 0 0 0 0
1974 597 0 0 0 0 0 0 0
3274 897 0 0 0 0 0 0 0
8188 1370 0 0 0 0 0 0 0
9712 1670 0 0 0 0 0 0 0
0 0 0 0 0 0 0 0 0
5603 79 0 0 0 0 0 0 0
5928 226 0 0 0 0 0 0 0
12342 359 0 0 0 0 0 0 0
13142 2035 0 0 0 0 0 0 0
0 0 0 0 0 0 0 0 0
7284 18 0 0 0 0 0 0 0
7077 47 0 0 0 0 0 0 0
6468 217 0 0 0 0 0 0 0
10657 81 0 0 0 0 0 0 0
0 0 0 0 0 0 0 0 0
8695 884 0 0 0 0 0 0 0
4199 376 0 0 0 0 0 0 0
3856 475 0 0 0 0 0 0 0
8119 1382 0 0 0 0 0 0 0
0 0 0 0 0 0 0 0 0
2572 773 0 0 0 0 0 0 0
1824 984 0 0 0 0 0 0 0
3247 2229 0 0 0 0 0 0 0
4130 1010 0 0 0 0 0 0 0
0 0 0 0 0 0 0 0 0
2102 724 0 0 0 0 0 0 0
1717 426 0 0 0 0 0 0 0
1251 275 0 0 0 0 0 0 0
4539 2638 0 0 0 0 0 0 0
0 0 0 0 0 0 0 0 0
1490 706 0 0 0 0 0 0 0
1492 899 0 0 0 0 0 0 0
0 0 0 0 0 0 0 0 0
4245 1977 0 0 0 0 0 0 0
0 0 0 0 0 0 0 0 0
0 0 0 0 0 0 0 0 0
2928 1696 0 0 0 0 0 0 0
745 607 0 0 0 0 0 0 0
727 835 0 0 0 0 0 0 0
3647 1787 0 0 0 0 0 0 0
0 0 0 0 0 0 0 0 0
2582 484 0 0 0 0 0 0 0
2727 643 0 0 0 0 0 0 0
2806 929 0 0 0 0 0 0 0
5372 2436 0 0 0 0 0 0 0
0 0 0 0 0 0 0 0 0
5655 3118 0 0 0 0 0 0 0
2405 1138 0 0 0 0 0 0 0
2416 928 0 0 0 0 0 0 0
7776 6866 0 0 0 0 0 0 0
0 0 0 0 0 0 0 0 0
2906 2441 0 0 0 0 0 0 0
2445 3170 0 0 0 0 0 0 0
1433 3122 0 0 0 0 0 0 0
4488 12523 0 0 0 0 0 0 0
0 0 0 0 0 0 0 0 0
949 4578 0 0 0 0 0 0 0
824 4059 0 0 0 0 0 0 0
4449 8783 0 0 0 0 0 0 0
4092 5112 0 0 0 0 0 0 0
0 0 0 0 0 0 0 0 0
1629 2451 0 0 0 0 0 0 0
1594 3659 0 0 0 0 0 0 0
1147 2308 0 0 0 0 0 0 0
1995 4342 0 0 0 0 0 0 0
0 0 0 0 0 0 0 0 0
480 4011 0 0 0 0 0 0 0
1612 4597 0 0 0 0 0 0 0
979 2656 0 0 0 0 0 0 0
3051 7180 0 0 0 0 0 0 0
0 0 0 0 0 0 0 0 0
1243 2137 0 0 0 0 0 0 0
3842 9144 0 0 0 0 0 0 0
2154 1845 0 0 0 0 0 0 0
6541 11441 0 0 0 0 0 0 0
0 0 0 0 0 0 0 0 0
6997 5490 0 0 0 0 0 0 0
3789 7744 0 0 0 0 0 0 0
2282 4727 0 0 0 0 0 0 0
7536 15462 0 0 0 0 0 0 0
0 0 0 0 0 0 0 0 0
3561 9287 0 0 0 0 0 0 0
4431 5790 0 0 0 0 0 0 0
2865 6462 0 0 0 0 0 0 0
5675 6848 0 0 0 0 0 0 0
0 0 0 0 0 0 0 0 0
5580 4495 0 0 0 0 0 0 0
1861 3220 0 0 0 0 0 0 0
1667 2072 0 0 0 0 0 0 0
2225 1060 0 0 0 0 0 0 0
0 0 0 0 0 0 0 0 0
10453 3345 0 0 0 0 0 0 0
3960 466 0 0 0 0 0 0 0
4141 826 0 0 0 0 0 0 0
11926 2801 0 0 0 0 0 0 0
0 0 0 0 0 0 0 0 0
0 0 0 0 0 0 0 0 0
10044 4108 0 0 0 0 0 0 0
6836 1130 0 0 0 0 0 0 0
13337 3613 0 0 0 0 0 0 0
0 0 0 0 0 0 0 0 0
12700 3436 0 0 0 0 0 0 0
5962 1691 0 0 0 0 0 0 0
0 0 0 0 0 0 0 0 0
9678 7737 0 0 0 0 0 0 0
0 0 0 0 0 0 0 0 0
1517 913 0 0 0 0 0 0 0
1205 514 0 0 0 0 0 0 0
3518 2452 0 0 0 0 0 0 0
5973 2468 0 0 0 0 0 0 0
0 0 0 0 0 0 0 0 0
2716 490 0 0 0 0 0 0 0
6407 5085 0 0 0 0 0 0 0
0 0 0 0 0 0 0 0 0
9925 7006 0 0 0 0 0 0 0
0 0 0 0 0 0 0 0 0
4541 718 0 0 0 0 0 0 0
3925 1482 0 0 0 0 0 0 0
3826 3707 0 0 0 0 0 0 0
10150 4188 0 0 0 0 0 0 0
0 0 0 0 0 0 0 0 0
0 0 0 0 0 0 0 0 0
7772 2333 0 0 0 0 0 0 0
4194 1430 0 0 0 0 0 0 0
6393 2105 0 0 0 0 0 0 0
0 0 0 0 0 0 0 0 0
3057 310 0 0 0 0 0 0 0
5901 1239 0 0 0 0 0 0 0
0 0 0 0 0 0 0 0 0
7462 1138 0 0 0 0 0 0 0
0 0 0 0 0 0 0 0 0
5341 1152 0 0 0 0 0 0 0
0 0 0 0 0 0 0 0 0
4524 1048 0 0 0 0 0 0 0
4555 947 0 0 0 0 0 0 0
0 0 0 0 0 0 0 0 0
2786 650 0 0 0 0 0 0 0
4071 1142 0 0 0 0 0 0 0
0 0 0 0 0 0 0 0 0
4977 2388 0 0 0 0 0 0 0
0 0 0 0 0 0 0 0 0
1689 466 0 0 0 0 0 0 0
1836 547 0 0 0 0 0 0 0
4389 1221 0 0 0 0 0 0 0
3489 677 0 0 0 0 0 0 0
0 0 0 0 0 0 0 0 0
2464 493 0 0 0 0 0 0 0
5151 1016 0 0 0 0 0 0 0
0 0 0 0 0 0 0 0 0
7645 1987 0 0 0 0 0 0 0
0 0 0 0 0 0 0 0 0
2857 610 0 0 0 0 0 0 0
2696 520 0 0 0 0 0 0 0
5456 2900 0 0 0 0 0 0 0
3988 2254 0 0 0 0 0 0 0
0 0 0 0 0 0 0 0 0
1705 2072 0 0 0 0 0 0 0
5463 3413 0 0 0 0 0 0 0
0 0 0 0 0 0 0 0 0
11129 4987 0 0 0 0 0 0 0
0 0 0 0 0 0 0 0 0
4135 118 0 0 0 0 0 0 0
2796 381 0 0 0 0 0 0 0
5314 1026 0 0 0 0 0 0 0
8368 1339 0 0 0 0 0 0 0
0 0 0 0 0 0 0 0 0
0 0 0 0 0 0 0 0 0
8534 950 0 0 0 0 0 0 0
0 0 0 0 0 0 0 0 0
11908 822 0 0 0 0 0 0 0
0 0 0 0 0 0 0 0 0
4343 135 0 0 0 0 0 0 0
4661 123 0 0 0 0 0 0 0
7786 626 0 0 0 0 0 0 0
10908 499 0 0 0 0 0 0 0
0 0 0 0 0 0 0 0 0
8894 1827 0 0 0 0 0 0 0
0 0 0 0 0 0 0 0 0
4478 395 0 0 0 0 0 0 0
10120 2541 0 0 0 0 0 0 0
0 0 0 0 0 0 0 0 0
7565 658 0 0 0 0 0 0 0
8900 734 0 0 0 0 0 0 0
8665 3861 0 0 0 0 0 0 0
6515 914 0 0 0 0 0 0 0
0 0 0 0 0 0 0 0 0
11438 5561 0 0 0 0 0 0 0
7753 831 0 0 0 0 0 0 0
4604 3521 0 0 0 0 0 0 0
13654 5179 0 0 0 0 0 0 0
0 0 0 0 0 0 0 0 0
4028 2237 0 0 0 0 0 0 0
5232 2312 0 0 0 0 0 0 0
8355 3480 0 0 0 0 0 0 0
13989 6428 0 0 0 0 0 0 0
0 0 0 0 0 0 0 0 0
8191 2860 0 0 0 0 0 0 0
8854 2416 0 0 0 0 0 0 0
5447 3621 0 0 0 0 0 0 0
11468 9052 0 0 0 0 0 0 0
0 0 0 0 0 0 0 0 0
7269 3618 0 0 0 0 0 0 0
5842 3524 0 0 0 0 0 0 0
6888 5787 0 0 0 0 0 0 0
12832 6813 0 0 0 0 0 0 0
0 0 0 0 0 0 0 0 0
3350 3158 0 0 0 0 0 0 0
6679 1719 0 0 0 0 0 0 0
0 0 0 0 0 0 0 0 0
13866 7598 0 0 0 0 0 0 0
0 0 0 0 0 0 0 0 0
10442 1453 0 0 0 0 0 0 0
5510 768 0 0 0 0 0 0 0
0 0 0 0 0 0 0 0 0
14610 1302 0 0 0 0 0 0 0
0 0 0 0 0 0 0 0 0
8190 1594 0 0 0 0 0 0 0
8643 1814 0 0 0 0 0 0 0
11903 363 0 0 0 0 0 0 0
10961 7946 0 0 0 0 0 0 0
0 0 0 0 0 0 0 0 0
8413 3614 0 0 0 0 0 0 0
9449 3532 0 0 0 0 0 0 0
9154 1008 0 0 0 0 0 0 0
13902 6042 0 0 0 0 0 0 0
0 0 0 0 0 0 0 0 0
13439 2102 0 0 0 0 0 0 0
5887 1981 0 0 0 0 0 0 0
5858 2983 0 0 0 0 0 0 0
16517 3072 0 0 0 0 0 0 0
0 0 0 0 0 0 0 0 0
14320 2543 0 0 0 0 0 0 0
6057 2423 0 0 0 0 0 0 0
11786 1255 0 0 0 0 0 0 0
17010 6432 0 0 0 0 0 0 0
0 0 0 0 0 0 0 0 0
6174 5650 0 0 0 0 0 0 0
12156 1941 0 0 0 0 0 0 0
12600 3355 0 0 0 0 0 0 0
12273 6961 0 0 0 0 0 0 0
0 0 0 0 0 0 0 0 0
20331 10440 0 0 0 0 0 0 0
0 0 0 0 0 0 0 0 0
11126 4063 0 0 0 0 0 0 0
13056 4654 0 0 0 0 0 0 0
0 0 0 0 0 0 0 0 0
598 2027 0 0 0 0 0 0 0
1870 3318 0 0 0 0 0 0 0
0 0 0 0 0 0 0 0 0
8644 5288 0 0 0 0 0 0 0
0 0 0 0 0 0 0 0 0
3516 9031 0 0 0 0 0 0 0
1920 2714 0 0 0 0 0 0 0
3742 6990 0 0 0 0 0 0 0
3673 6420 0 0 0 0 0 0 0
0 0 0 0 0 0 0 0 0
738 3313 0 0 0 0 0 0 0
446 760 0 0 0 0 0 0 0
502 2635 0 0 0 0 0 0 0
1673 2535 0 0 0 0 0 0 0
0 0 0 0 0 0 0 0 0
2000 1941 0 0 0 0 0 0 0
2606 5118 0 0 0 0 0 0 0
1455 2629 0 0 0 0 0 0 0
5822 9666 0 0 0 0 0 0 0
0 0 0 0 0 0 0 0 0
251 1381 0 0 0 0 0 0 0
1006 2348 0 0 0 0 0 0 0
1632 399 0 0 0 0 0 0 0
5689 740 0 0 0 0 0 0 0
0 0 0 0 0 0 0 0 0
9119 968 0 0 0 0 0 0 0
7919 1645 0 0 0 0 0 0 0
8497 838 0 0 0 0 0 0 0
17776 5402 0 0 0 0 0 0 0
0 0 0 0 0 0 0 0 0
0 0 0 0 0 0 0 0 0
13621 8667 0 0 0 0 0 0 0
6420 2468 0 0 0 0 0 0 0
14061 9825 0 0 0 0 0 0 0
0 0 0 0 0 0 0 0 0
10524 12062 0 0 0 0 0 0 0
0 0 0 0 0 0 0 0 0
15022 4300 0 0 0 0 0 0 0
5720 11769 0 0 0 0 0 0 0
0 0 0 0 0 0 0 0 0
4483 5347 0 0 0 0 0 0 0
7637 6302 0 0 0 0 0 0 0
14142 2865 0 0 0 0 0 0 0
7797 4638 0 0 0 0 0 0 0
0 0 0 0 0 0 0 0 0
10959 3373 0 0 0 0 0 0 0
12726 1849 0 0 0 0 0 0 0
3353 893 0 0 0 0 0 0 0
12869 518 0 0 0 0 0 0 0
0 0 0 0 0 0 0 0 0
9836 86 0 0 0 0 0 0 0
7042 723 0 0 0 0 0 0 0
11214 1077 0 0 0 0 0 0 0
11076 5663 0 0 0 0 0 0 0
0 0 0 0 0 0 0 0 0
4131 1027 0 0 0 0 0 0 0
5818 8281 0 0 0 0 0 0 0
4337 1022 0 0 0 0 0 0 0
9644 8806 0 0 0 0 0 0 0
0 0 0 0 0 0 0 0 0
10006 6863 0 0 0 0 0 0 0
6090 3689 0 0 0 0 0 0 0
6290 2351 0 0 0 0 0 0 0
9385 6395 0 0 0 0 0 0 0
0 0 0 0 0 0 0 0 0
2553 2574 0 0 0 0 0 0 0
4154 4066 0 0 0 0 0 0 0
5782 1367 0 0 0 0 0 0 0
11243 6343 0 0 0 0 0 0 0
0 0 0 0 0 0 0 0 0
2738 1414 0 0 0 0 0 0 0
5326 881 0 0 0 0 0 0 0
11220 7744 0 0 0 0 0 0 0
9342 3471 0 0 0 0 0 0 0
0 0 0 0 0 0 0 0 0
3214 4280 0 0 0 0 0 0 0
3618 2926 0 0 0 0 0 0 0
5799 3070 0 0 0 0 0 0 0
13261 14252 0 0 0 0 0 0 0
0 0 0 0 0 0 0 0 0
3043 5688 0 0 0 0 0 0 0
12641 12500 0 0 0 0 0 0 0
6076 4100 0 0 0 0 0 0 0
4531 8840 0 0 0 0 0 0 0
0 0 0 0 0 0 0 0 0
4272 4144 0 0 0 0 0 0 0
4998 4010 0 0 0 0 0 0 0
8597 8723 0 0 0 0 0 0 0
5076 6807 0 0 0 0 0 0 0
0 0 0 0 0 0 0 0 0
5442 5439 0 0 0 0 0 0 0
9899 6950 0 0 0 0 0 0 0
5460 5874 0 0 0 0 0 0 0
3851 7540 0 0 0 0 0 0 0
0 0 0 0 0 0 0 0 0
2873 9055 0 0 0 0 0 0 0
3832 9006 0 0 0 0 0 0 0
5298 5153 0 0 0 0 0 0 0
11095 12381 0 0 0 0 0 0 0
0 0 0 0 0 0 0 0 0
5019 10069 0 0 0 0 0 0 0
11407 11023 0 0 0 0 0 0 0
0 0 0 0 0 0 0 0 0
12646 13873 0 0 0 0 0 0 0
0 0 0 0 0 0 0 0 0
1921 3285 0 0 0 0 0 0 0
4784 8939 0 0 0 0 0 0 0
7730 13029 0 0 0 0 0 0 0
21476 57895 0 0 0 0 0 0 0
1492 14095 0 0 0 0 0 0 0
1469 8698 0 0 0 0 0 0 0
1151 5781 0 0 0 0 0 0 0
3999 20572 0 0 0 0 0 0 0
0 0 0 0 0 0 0 0 0
1345 10927 0 0 0 0 0 0 0
1119 10733 0 0 0 0 0 0 0
1476 9914 0 0 0 0 0 0 0
4956 17058 0 0 0 0 0 0 0
0 0 0 0 0 0 0 0 0
5712 16504 0 0 0 0 0 0 0
3097 9366 0 0 0 0 0 0 0
2637 9694 0 0 0 0 0 0 0
5523 25184 0 0 0 0 0 0 0
0 0 0 0 0 0 0 0 0
0 0 0 0 0 0 0 0 0
1668 8387 0 0 0 0 0 0 0
6891 22098 0 0 0 0 0 0 0
1144 14934 0 0 0 0 0 0 0
0 0 0 0 0 0 0 0 0
1547 10761 0 0 0 0 0 0 0
2106 14286 0 0 0 0 0 0 0
2150 9218 0 0 0 0 0 0 0
579 6326 0 0 0 0 0 0 0
0 0 0 0 0 0 0 0 0
1840 10076 0 0 0 0 0 0 0
694 5164 0 0 0 0 0 0 0
1064 7813 0 0 0 0 0 0 0
5186 10628 0 0 0 0 0 0 0
0 0 0 0 0 0 0 0 0
1768 4206 0 0 0 0 0 0 0
0 0 0 0 0 0 0 0 0
3720 9500 0 0 0 0 0 0 0
4709 5718 0 0 0 0 0 0 0
0 0 0 0 0 0 0 0 0
1610 2814 0 0 0 0 0 0 0
2889 5739 0 0 0 0 0 0 0
2092 3679 0 0 0 0 0 0 0
1257 1501 0 0 0 0 0 0 0
0 0 0 0 0 0 0 0 0
8905 10808 0 0 0 0 0 0 0
4599 4662 0 0 0 0 0 0 0
4894 6402 0 0 0 0 0 0 0
3798 3428 0 0 0 0 0 0 0
0 0 0 0 0 0 0 0 0
3605 4399 0 0 0 0 0 0 0
6750 5849 0 0 0 0 0 0 0
0 0 0 0 0 0 0 0 0
7355 5612 0 0 0 0 0 0 0
0 0 0 0 0 0 0 0 0
4775 4168 0 0 0 0 0 0 0
1596 1875 0 0 0 0 0 0 0
1633 2220 0 0 0 0 0 0 0
5138 2008 0 0 0 0 0 0 0
0 0 0 0 0 0 0 0 0
1044 35 0 0 0 0 0 0 0
953 277 0 0 0 0 0 0 0
4156 3654 0 0 0 0 0 0 0
1112 496 0 0 0 0 0 0 0
0 0 0 0 0 0 0 0 0
493 2064 0 0 0 0 0 0 0
1066 2525 0 0 0 0 0 0 0
667 823 0 0 0 0 0 0 0
448 649 0 0 0 0 0 0 0
0 0 0 0 0 0 0 0 0
1266 1961 0 0 0 0 0 0 0
318 15 0 0 0 0 0 0 0
518 172 0 0 0 0 0 0 0
1629 337 0 0 0 0 0 0 0
0 0 0 0 0 0 0 0 0
188 149 0 0 0 0 0 0 0
229 37 0 0 0 0 0 0 0
1379 984 0 0 0 0 0 0 0
165 59 0 0 0 0 0 0 0
0 0 0 0 0 0 0 0 0
858 1446 0 0 0 0 0 0 0
543 727 0 0 0 0 0 0 0
135 197 0 0 0 0 0 0 0
815 74 0 0 0 0 0 0 0
0 0 0 0 0 0 0 0 0
185 63 0 0 0 0 0 0 0
106 37 0 0 0 0 0 0 0
901 1048 0 0 0 0 0 0 0
991 191 0 0 0 0 0 0 0
0 0 0 0 0 0 0 0 0
6131 2115 0 0 0 0 0 0 0
8489 3765 0 0 0 0 0 0 0
0 0 0 0 0 0 0 0 0
12000 3117 0 0 0 0 0 0 0
0 0 0 0 0 0 0 0 0
3758 1142 0 0 0 0 0 0 0
3061 771 0 0 0 0 0 0 0
5501 812 0 0 0 0 0 0 0
8963 885 0 0 0 0 0 0 0
0 0 0 0 0 0 0 0 0
6753 60 0 0 0 0 0 0 0
6919 80 0 0 0 0 0 0 0
8095 328 0 0 0 0 0 0 0
14108 1102 0 0 0 0 0 0 0
0 0 0 0 0 0 0 0 0
8389 1287 0 0 0 0 0 0 0
7572 101 0 0 0 0 0 0 0
10120 4215 0 0 0 0 0 0 0
5599 534 0 0 0 0 0 0 0
0 0 0 0 0 0 0 0 0
7557 2443 0 0 0 0 0 0 0
5163 1266 0 0 0 0 0 0 0
5429 303 0 0 0 0 0 0 0
10450 5120 0 0 0 0 0 0 0
0 0 0 0 0 0 0 0 0
0 0 0 0 0 0 0 0 0
7081 1526 0 0 0 0 0 0 0
6641 2392 0 0 0 0 0 0 0
8125 1593 0 0 0 0 0 0 0
0 0 0 0 0 0 0 0 0
5993 174 0 0 0 0 0 0 0
5806 6 0 0 0 0 0 0 0
3869 151 0 0 0 0 0 0 0
4545 418 0 0 0 0 0 0 0
0 0 0 0 0 0 0 0 0
1943 125 0 0 0 0 0 0 0
1760 1 0 0 0 0 0 0 0
3276 85 0 0 0 0 0 0 0
3821 160 0 0 0 0 0 0 0
0 0 0 0 0 0 0 0 0
1897 39 0 0 0 0 0 0 0
0 0 0 0 0 0 0 0 0
3476 1166 0 0 0 0 0 0 0
3406 725 0 0 0 0 0 0 0
0 0 0 0 0 0 0 0 0
1328 2 0 0 0 0 0 0 0
1529 8 0 0 0 0 0 0 0
1781 61 0 0 0 0 0 0 0
4752 573 0 0 0 0 0 0 0
0 0 0 0 0 0 0 0 0
0 0 0 0 0 0 0 0 0
3342 821 0 0 0 0 0 0 0
1408 23 0 0 0 0 0 0 0
5376 300 0 0 0 0 0 0 0
0 0 0 0 0 0 0 0 0
1655 8 0 0 0 0 0 0 0
0 0 0 0 0 0 0 0 0
3423 257 0 0 0 0 0 0 0
2417 24 0 0 0 0 0 0 0
0 0 0 0 0 0 0 0 0
2009 180 0 0 0 0 0 0 0
415 12 0 0 0 0 0 0 0
396 34 0 0 0 0 0 0 0
2536 379 0 0 0 0 0 0 0
0 0 0 0 0 0 0 0 0
349 17 0 0 0 0 0 0 0
179 1 0 0 0 0 0 0 0
110 33 0 0 0 0 0 0 0
915 649 0 0 0 0 0 0 0
0 0 0 0 0 0 0 0 0
432 12 0 0 0 0 0 0 0
426 94 0 0 0 0 0 0 0
682 65 0 0 0 0 0 0 0
2348 95 0 0 0 0 0 0 0
0 0 0 0 0 0 0 0 0
1694 1527 0 0 0 0 0 0 0
622 354 0 0 0 0 0 0 0
0 0 0 0 0 0 0 0 0
3778 4873 0 0 0 0 0 0 0
0 0 0 0 0 0 0 0 0
1802 4812 0 0 0 0 0 0 0
562 2655 0 0 0 0 0 0 0
645 2508 0 0 0 0 0 0 0
1792 4311 0 0 0 0 0 0 0
0 0 0 0 0 0 0 0 0
805 954 0 0 0 0 0 0 0
2079 2652 0 0 0 0 0 0 0
0 0 0 0 0 0 0 0 0
2959 3240 0 0 0 0 0 0 0
0 0 0 0 0 0 0 0 0
1167 873 0 0 0 0 0 0 0
320 350 0 0 0 0 0 0 0
0 0 0 0 0 0 0 0 0
2190 1595 0 0 0 0 0 0 0
0 0 0 0 0 0 0 0 0
361 138 0 0 0 0 0 0 0
1192 2067 0 0 0 0 0 0 0
409 790 0 0 0 0 0 0 0
1072 1647 0 0 0 0 0 0 0
0 0 0 0 0 0 0 0 0
729 1901 0 0 0 0 0 0 0
327 1187 0 0 0 0 0 0 0
178 1368 0 0 0 0 0 0 0
154 3911 0 0 0 0 0 0 0
0 0 0 0 0 0 0 0 0
30 2532 0 0 0 0 0 0 0
279 5674 0 0 0 0 0 0 0
84 2554 0 0 0 0 0 0 0
295 4231 0 0 0 0 0 0 0
0 0 0 0 0 0 0 0 0
0 0 0 0 0 0 0 0 0
0 0 0 0 0 0 0 0 0
479 5112 0 0 0 0 0 0 0
2235 6650 0 0 0 0 0 0 0
0 0 0 0 0 0 0 0 0
78 824 0 0 0 0 0 0 0
387 2179 0 0 0 0 0 0 0
194 1321 0 0 0 0 0 0 0
2196 4193 0 0 0 0 0 0 0
0 0 0 0 0 0 0 0 0
105 131 0 0 0 0 0 0 0
121 37 0 0 0 0 0 0 0
148 108 0 0 0 0 0 0 0
926 558 0 0 0 0 0 0 0
0 0 0 0 0 0 0 0 0
245 158 0 0 0 0 0 0 0
161 69 0 0 0 0 0 0 0
292 476 0 0 0 0 0 0 0
1081 639 0 0 0 0 0 0 0
0 0 0 0 0 0 0 0 0
262 497 0 0 0 0 0 0 0
292 367 0 0 0 0 0 0 0
308 44 0 0 0 0 0 0 0
3177 2280 0 0 0 0 0 0 0
0 0 0 0 0 0 0 0 0
462 239 0 0 0 0 0 0 0
127 342 0 0 0 0 0 0 0
215 2261 0 0 0 0 0 0 0
338 2955 0 0 0 0 0 0 0
0 0 0 0 0 0 0 0 0
35 1235 0 0 0 0 0 0 0
186 454 0 0 0 0 0 0 0
567 930 0 0 0 0 0 0 0
2325 3836 0 0 0 0 0 0 0
0 0 0 0 0 0 0 0 0
0 0 0 0 0 0 0 0 0
711 5080 0 0 0 0 0 0 0
729 6052 0 0 0 0 0 0 0
2190 13728 0 0 0 0 0 0 0
0 0 0 0 0 0 0 0 0
776 7185 0 0 0 0 0 0 0
1118 7691 0 0 0 0 0 0 0
586 5663 0 0 0 0 0 0 0
3034 10303 0 0 0 0 0 0 0
0 0 0 0 0 0 0 0 0
1046 3569 0 0 0 0 0 0 0
667 1010 0 0 0 0 0 0 0
1457 2161 0 0 0 0 0 0 0
3587 8763 0 0 0 0 0 0 0
0 0 0 0 0 0 0 0 0
924 3081 0 0 0 0 0 0 0
664 1961 0 0 0 0 0 0 0
2253 817 0 0 0 0 0 0 0
2221 1840 0 0 0 0 0 0 0
0 0 0 0 0 0 0 0 0
822 1467 0 0 0 0 0 0 0
758 1072 0 0 0 0 0 0 0
669 252 0 0 0 0 0 0 0
4073 7109 0 0 0 0 0 0 0
0 0 0 0 0 0 0 0 0
0 0 0 0 0 0 0 0 0
3780 9533 0 0 0 0 0 0 0
1322 2630 0 0 0 0 0 0 0
2634 9151 0 0 0 0 0 0 0
0 0 0 0 0 0 0 0 0
458 237 0 0 0 0 0 0 0
844 1930 0 0 0 0 0 0 0
918 2326 0 0 0 0 0 0 0
3132 1160 0 0 0 0 0 0 0
0 0 0 0 0 0 0 0 0
0 0 0 0 0 0 0 0 0
2966 5380 0 0 0 0 0 0 0
733 629 0 0 0 0 0 0 0
3147 4223 0 0 0 0 0 0 0
0 0 0 0 0 0 0 0 0
1320 1777 0 0 0 0 0 0 0
1574 786 0 0 0 0 0 0 0
2134 905 0 0 0 0 0 0 0
2911 1647 0 0 0 0 0 0 0
0 0 0 0 0 0 0 0 0
0 0 0 0 0 0 0 0 0
2402 4765 0 0 0 0 0 0 0
446 971 0 0 0 0 0 0 0
3566 7308 0 0 0 0 0 0 0
0 0 0 0 0 0 0 0 0
1069 1871 0 0 0 0 0 0 0
0 0 0 0 0 0 0 0 0
3448 7971 0 0 0 0 0 0 0
4672 17996 0 0 0 0 0 0 0
0 0 0 0 0 0 0 0 0
709 4533 0 0 0 0 0 0 0
1811 6348 0 0 0 0 0 0 0
1601 6894 0 0 0 0 0 0 0
1919 11576 0 0 0 0 0 0 0
0 0 0 0 0 0 0 0 0
615 4730 0 0 0 0 0 0 0
97 3270 0 0 0 0 0 0 0
26 2138 0 0 0 0 0 0 0
1365 7244 0 0 0 0 0 0 0
0 0 0 0 0 0 0 0 0
0 0 0 0 0 0 0 0 0
1659 2233 0 0 0 0 0 0 0
491 1039 0 0 0 0 0 0 0
524 1074 0 0 0 0 0 0 0
0 0 0 0 0 0 0 0 0
3704 4684 0 0 0 0 0 0 0
1418 1527 0 0 0 0 0 0 0
19910 24105 0 0 0 0 0 0 0
0 0 0 0 0 0 0 0 0
1868 1915 0 0 0 0 0 0 0
2878 5510 0 0 0 0 0 0 0
5059 1725 0 0 0 0 0 0 0
6619 6521 0 0 0 0 0 0 0
0 0 0 0 0 0 0 0 0
3125 1804 0 0 0 0 0 0 0
3467 3806 0 0 0 0 0 0 0
2790 1452 0 0 0 0 0 0 0
9132 7059 0 0 0 0 0 0 0
0 0 0 0 0 0 0 0 0
3004 197 0 0 0 0 0 0 0
5387 4487 0 0 0 0 0 0 0
2535 1751 0 0 0 0 0 0 0
5131 2305 0 0 0 0 0 0 0
0 0 0 0 0 0 0 0 0
2467 2558 0 0 0 0 0 0 0
1614 235 0 0 0 0 0 0 0
4290 4172 0 0 0 0 0 0 0
2764 50 0 0 0 0 0 0 0
0 0 0 0 0 0 0 0 0
5210 1856 0 0 0 0 0 0 0
6982 50 0 0 0 0 0 0 0
2646 70 0 0 0 0 0 0 0
4925 537 0 0 0 0 0 0 0
0 0 0 0 0 0 0 0 0
2371 467 0 0 0 0 0 0 0
2387 602 0 0 0 0 0 0 0
4696 1698 0 0 0 0 0 0 0
3218 1871 0 0 0 0 0 0 0
0 0 0 0 0 0 0 0 0
1618 730 0 0 0 0 0 0 0
2498 2434 0 0 0 0 0 0 0
0 0 0 0 0 0 0 0 0
3152 3849 0 0 0 0 0 0 0
0 0 0 0 0 0 0 0 0
1214 2141 0 0 0 0 0 0 0
998 1614 0 0 0 0 0 0 0
1584 3742 0 0 0 0 0 0 0
783 2087 0 0 0 0 0 0 0
0 0 0 0 0 0 0 0 0
2373 3065 0 0 0 0 0 0 0
1615 1629 0 0 0 0 0 0 0
3720 3090 0 0 0 0 0 0 0
3196 3509 0 0 0 0 0 0 0
0 0 0 0 0 0 0 0 0
988 1610 0 0 0 0 0 0 0
2682 2934 0 0 0 0 0 0 0
922 946 0 0 0 0 0 0 0
1995 1328 0 0 0 0 0 0 0
0 0 0 0 0 0 0 0 0
680 447 0 0 0 0 0 0 0
536 312 0 0 0 0 0 0 0
505 460 0 0 0 0 0 0 0
1622 2265 0 0 0 0 0 0 0
0 0 0 0 0 0 0 0 0
393 250 0 0 0 0 0 0 0
409 135 0 0 0 0 0 0 0
451 67 0 0 0 0 0 0 0
4451 3210 0 0 0 0 0 0 0
0 0 0 0 0 0 0 0 0
1710 112 0 0 0 0 0 0 0
2216 299 0 0 0 0 0 0 0
2115 154 0 0 0 0 0 0 0
7289 199 0 0 0 0 0 0 0
0 0 0 0 0 0 0 0 0
1052 152 0 0 0 0 0 0 0
1356 146 0 0 0 0 0 0 0
4920 493 0 0 0 0 0 0 0
2611 16 0 0 0 0 0 0 0
0 0 0 0 0 0 0 0 0
5968 178 0 0 0 0 0 0 0
3600 6 0 0 0 0 0 0 0
3499 20 0 0 0 0 0 0 0
7070 1877 0 0 0 0 0 0 0
0 0 0 0 0 0 0 0 0
2027 19 0 0 0 0 0 0 0
0 0 0 0 0 0 0 0 0
3844 1267 0 0 0 0 0 0 0
4533 66 0 0 0 0 0 0 0
0 0 0 0 0 0 0 0 0
3358 1216 0 0 0 0 0 0 0
0 0 0 0 0 0 0 0 0
2161 41 0 0 0 0 0 0 0
2368 149 0 0 0 0 0 0 0
0 0 0 0 0 0 0 0 0
546 4 0 0 0 0 0 0 0
637 21 0 0 0 0 0 0 0
625 245 0 0 0 0 0 0 0
1546 603 0 0 0 0 0 0 0
0 0 0 0 0 0 0 0 0
2248 2570 0 0 0 0 0 0 0
1587 395 0 0 0 0 0 0 0
1916 835 0 0 0 0 0 0 0
3666 2072 0 0 0 0 0 0 0
0 0 0 0 0 0 0 0 0
0 0 0 0 0 0 0 0 0
2332 3459 0 0 0 0 0 0 0
501 713 0 0 0 0 0 0 0
1447 2007 0 0 0 0 0 0 0
0 0 0 0 0 0 0 0 0
1054 2656 0 0 0 0 0 0 0
598 800 0 0 0 0 0 0 0
992 2218 0 0 0 0 0 0 0
1004 1245 0 0 0 0 0 0 0
0 0 0 0 0 0 0 0 0
333 719 0 0 0 0 0 0 0
1126 2626 0 0 0 0 0 0 0
0 1 0 0 0 0 0 0 0
1645 1501 0 0 0 0 0 0 0
0 0 0 0 0 0 0 0 0
294 167 0 0 0 0 0 0 0
46 18 0 0 0 0 0 0 0
156 4 0 0 0 0 0 0 0
2537 118 0 0 0 0 0 0 0
0 0 0 0 0 0 0 0 0
0 0 0 0 0 0 0 0 0
7043 118 0 0 0 0 0 0 0
2317 32 0 0 0 0 0 0 0
6389 524 0 0 0 0 0 0 0
0 0 0 0 0 0 0 0 0
0 0 0 0 0 0 0 0 0
4623 302 0 0 0 0 0 0 0
1864 4 0 0 0 0 0 0 0
4585 100 0 0 0 0 0 0 0
0 0 0 0 0 0 0 0 0
1515 26 0 0 0 0 0 0 0
1693 2 0 0 0 0 0 0 0
2061 1 0 0 0 0 0 0 0
4805 144 0 0 0 0 0 0 0
0 0 0 0 0 0 0 0 0
1827 189 0 0 0 0 0 0 0
1800 144 0 0 0 0 0 0 0
1415 25 0 0 0 0 0 0 0
2847 2404 0 0 0 0 0 0 0
0 0 0 0 0 0 0 0 0
3627 142 0 0 0 0 0 0 0
0 0 0 0 0 0 0 0 0
4933 1800 0 0 0 0 0 0 0
7450 1309 0 0 0 0 0 0 0
0 0 0 0 0 0 0 0 0
0 0 0 0 0 0 0 0 0
4765 570 0 0 0 0 0 0 0
1426 78 0 0 0 0 0 0 0
1994 674 0 0 0 0 0 0 0
0 0 0 0 0 0 0 0 0
1072 524 0 0 0 0 0 0 0
0 0 0 0 0 0 0 0 0
1041 213 0 0 0 0 0 0 0
1523 161 0 0 0 0 0 0 0
0 0 0 0 0 0 0 0 0
797 35 0 0 0 0 0 0 0
1771 459 0 0 0 0 0 0 0
1013 124 0 0 0 0 0 0 0
2433 936 0 0 0 0 0 0 0
0 0 0 0 0 0 0 0 0
2540 975 0 0 0 0 0 0 0
757 296 0 0 0 0 0 0 0
461 22 0 0 0 0 0 0 0
1516 883 0 0 0 0 0 0 0
0 0 0 0 0 0 0 0 0
485 343 0 0 0 0 0 0 0
1166 322 0 0 0 0 0 0 0
527 248 0 0 0 0 0 0 0
3107 1137 0 0 0 0 0 0 0
0 0 0 0 0 0 0 0 0
0 0 0 0 0 0 0 0 0
1670 402 0 0 0 0 0 0 0
620 60 0 0 0 0 0 0 0
1732 1353 0 0 0 0 0 0 0
0 0 0 0 0 0 0 0 0
1496 622 0 0 0 0 0 0 0
2314 606 0 0 0 0 0 0 0
2790 385 0 0 0 0 0 0 0
4635 2008 0 0 0 0 0 0 0
0 0 0 0 0 0 0 0 0
3784 914 0 0 0 0 0 0 0
0 0 0 0 0 0 0 0 0
1766 1047 0 0 0 0 0 0 0
731 920 0 0 0 0 0 0 0
0 0 0 0 0 0 0 0 0
753 864 0 0 0 0 0 0 0
0 0 0 0 0 0 0 0 0
1429 261 0 0 0 0 0 0 0
1984 323 0 0 0 0 0 0 0
0 0 0 0 0 0 0 0 0
0 0 0 0 0 0 0 0 0
73 9 0 0 0 0 0 0 0
250 7 0 0 0 0 0 0 0
325 223 0 0 0 0 0 0 0
0 0 0 0 0 0 0 0 0
217 12 0 0 0 0 0 0 0
55 2 0 0 0 0 0 0 0
98 2 0 0 0 0 0 0 0
239 14 0 0 0 0 0 0 0
0 0 0 0 0 0 0 0 0
1432 105 0 0 0 0 0 0 0
564 1 0 0 0 0 0 0 0
1420 91 0 0 0 0 0 0 0
922 31 0 0 0 0 0 0 0
0 0 0 0 0 0 0 0 0
217 15 0 0 0 0 0 0 0
141 54 0 0 0 0 0 0 0
460 49 0 0 0 0 0 0 0
405 184 0 0 0 0 0 0 0
0 0 0 0 0 0 0 0 0
105 57 0 0 0 0 0 0 0
286 12 0 0 0 0 0 0 0
597 8 0 0 0 0 0 0 0
4848 217 0 0 0 0 0 0 0
0 0 0 0 0 0 0 0 0
2233 0 0 0 0 0 0 0 0
2039 10 0 0 0 0 0 0 0
0 0 0 0 0 0 0 0 0
5328 460 0 0 0 0 0 0 0
0 0 0 0 0 0 0 0 0
614 14 0 0 0 0 0 0 0
783 18 0 0 0 0 0 0 0
2771 248 0 0 0 0 0 0 0
1323 65 0 0 0 0 0 0 0
0 0 0 0 0 0 0 0 0
2485 984 0 0 0 0 0 0 0
912 451 0 0 0 0 0 0 0
728 640 0 0 0 0 0 0 0
2822 3015 0 0 0 0 0 0 0
0 0 0 0 0 0 0 0 0
1219 1176 0 0 0 0 0 0 0
1103 1192 0 0 0 0 0 0 0
29674 52721 0 0 0 0 0 0 0
6138 22247 0 0 0 0 0 0 0
0 0 0 0 0 0 0 0 0
7464 15429 0 0 0 0 0 0 0
0 0 0 0 0 0 0 0 0
7616 15700 0 0 0 0 0 0 0
5784 9608 0 0 0 0 0 0 0
0 0 0 0 0 0 0 0 0
3934 6600 0 0 0 0 0 0 0
2953 4631 0 0 0 0 0 0 0
4602 9005 0 0 0 0 0 0 0
2825 7890 0 0 0 0 0 0 0
0 0 0 0 0 0 0 0 0
3791 11573 0 0 0 0 0 0 0
0 0 0 0 0 0 0 0 0
1379 6705 0 0 0 0 0 0 0
3003 9164 0 0 0 0 0 0 0
0 0 0 0 0 0 0 0 0
2397 1014 0 0 0 0 0 0 0
7908 8527 0 0 0 0 0 0 0
3829 2429 0 0 0 0 0 0 0
9038 13945 0 0 0 0 0 0 0
0 0 0 0 0 0 0 0 0
3339 6933 0 0 0 0 0 0 0
0 0 0 0 0 0 0 0 0
4728 13534 0 0 0 0 0 0 0
3465 14792 0 0 0 0 0 0 0
0 0 0 0 0 0 0 0 0
2140 9186 0 0 0 0 0 0 0
7693 17874 0 0 0 0 0 0 0
0 0 0 0 0 0 0 0 0
9868 27776 0 0 0 0 0 0 0
0 0 0 0 0 0 0 0 0
2538 11693 0 0 0 0 0 0 0
3600 12351 0 0 0 0 0 0 0
4103 11438 0 0 0 0 0 0 0
5995 13191 0 0 0 0 0 0 0
0 0 0 0 0 0 0 0 0
2754 5937 0 0 0 0 0 0 0
4748 7547 0 0 0 0 0 0 0
1981 4041 0 0 0 0 0 0 0
1692 5077 0 0 0 0 0 0 0
0 0 0 0 0 0 0 0 0
1468 9237 0 0 0 0 0 0 0
3194 10662 0 0 0 0 0 0 0
1929 5343 0 0 0 0 0 0 0
3240 13224 0 0 0 0 0 0 0
0 0 0 0 0 0 0 0 0
2128 6226 0 0 0 0 0 0 0
2022 5648 0 0 0 0 0 0 0
3877 8640 0 0 0 0 0 0 0
4019 7940 0 0 0 0 0 0 0
0 0 0 0 0 0 0 0 0
2126 4122 0 0 0 0 0 0 0
2155 5252 0 0 0 0 0 0 0
946 2700 0 0 0 0 0 0 0
2353 3551 0 0 0 0 0 0 0
0 0 0 0 0 0 0 0 0
1164 3253 0 0 0 0 0 0 0
931 2479 0 0 0 0 0 0 0
1636 5766 0 0 0 0 0 0 0
1253 6337 0 0 0 0 0 0 0
0 0 0 0 0 0 0 0 0
409 4656 0 0 0 0 0 0 0
450 4544 0 0 0 0 0 0 0
2183 8278 0 0 0 0 0 0 0
1093 2650 0 0 0 0 0 0 0
0 0 0 0 0 0 0 0 0
3500 9817 0 0 0 0 0 0 0
1337 4232 0 0 0 0 0 0 0
0 0 0 0 0 0 0 0 0
5367 13939 0 0 0 0 0 0 0
0 0 0 0 0 0 0 0 0
1290 5506 0 0 0 0 0 0 0
1066 6758 0 0 0 0 0 0 0
2696 14549 0 0 0 0 0 0 0
2503 10317 0 0 0 0 0 0 0
0 0 0 0 0 0 0 0 0
4368 12564 0 0 0 0 0 0 0
17938 43326 0 0 0 0 0 0 0
5805 4435 0 0 0 0 0 0 0
3939 1753 0 0 0 0 0 0 0
3997 1601 0 0 0 0 0 0 0
8123 7032 0 0 0 0 0 0 0
0 0 0 0 0 0 0 0 0
0 0 0 0 0 0 0 0 0
2558 3040 0 0 0 0 0 0 0
1073 1360 0 0 0 0 0 0 0
3382 4586 0 0 0 0 0 0 0
0 0 0 0 0 0 0 0 0
1186 1288 0 0 0 0 0 0 0
989 932 0 0 0 0 0 0 0
742 833 0 0 0 0 0 0 0
1866 1259 0 0 0 0 0 0 0
0 0 0 0 0 0 0 0 0
632 405 0 0 0 0 0 0 0
1263 657 0 0 0 0 0 0 0
417 128 0 0 0 0 0 0 0
1277 514 0 0 0 0 0 0 0
0 0 0 0 0 0 0 0 0
263 160 0 0 0 0 0 0 0
980 720 0 0 0 0 0 0 0
365 182 0 0 0 0 0 0 0
1068 381 0 0 0 0 0 0 0
0 0 0 0 0 0 0 0 0
691 155 0 0 0 0 0 0 0
794 195 0 0 0 0 0 0 0
1761 551 0 0 0 0 0 0 0
1695 810 0 0 0 0 0 0 0
0 0 0 0 0 0 0 0 0
686 730 0 0 0 0 0 0 0
643 975 0 0 0 0 0 0 0
2541 1723 0 0 0 0 0 0 0
4293 3464 0 0 0 0 0 0 0
0 0 0 0 0 0 0 0 0
786 711 0 0 0 0 0 0 0
590 341 0 0 0 0 0 0 0
450 377 0 0 0 0 0 0 0
1699 2046 0 0 0 0 0 0 0
0 0 0 0 0 0 0 0 0
883 625 0 0 0 0 0 0 0
631 1025 0 0 0 0 0 0 0
366 856 0 0 0 0 0 0 0
1855 1865 0 0 0 0 0 0 0
0 0 0 0 0 0 0 0 0
184 191 0 0 0 0 0 0 0
139 286 0 0 0 0 0 0 0
139 108 0 0 0 0 0 0 0
1341 3231 0 0 0 0 0 0 0
0 0 0 0 0 0 0 0 0
1697 5029 0 0 0 0 0 0 0
0 0 0 0 0 0 0 0 0
697 1822 0 0 0 0 0 0 0
3124 11941 0 0 0 0 0 0 0
0 0 0 0 0 0 0 0 0
0 0 0 0 0 0 0 0 0
2394 6858 0 0 0 0 0 0 0
1416 4803 0 0 0 0 0 0 0
699 2994 0 0 0 0 0 0 0
0 0 0 0 0 0 0 0 0
5679 15240 0 0 0 0 0 0 0
702 5930 0 0 0 0 0 0 0
1048 7896 0 0 0 0 0 0 0
3894 19333 0 0 0 0 0 0 0
23731 53018 0 0 0 0 0 0 0
4039 4908 0 0 0 0 0 0 0
7705 3254 0 0 0 0 0 0 0
12728 13989 0 0 0 0 0 0 0
0 0 0 0 0 0 0 0 0
8448 5803 0 0 0 0 0 0 0
0 0 0 0 0 0 0 0 0
10561 14523 0 0 0 0 0 0 0
14673 33745 0 0 0 0 0 0 0
0 0 0 0 0 0 0 0 0
0 0 0 0 0 0 0 0 0
0 0 0 0 0 0 0 0 0
0 0 0 0 0 0 0 0 0
0 0 0 0 0 0 0 0 0
17531 11668 0 0 0 0 0 0 0
0 0 0 0 0 0 0 0 0
11851 18382 0 0 0 0 0 0 0
5493 6221 0 0 0 0 0 0 0
8306 12897 0 0 0 0 0 0 0
6595 9398 0 0 0 0 0 0 0
0 0 0 0 0 0 0 0 0
13916 22787 0 0 0 0 0 0 0
0 0 0 0 0 0 0 0 0
6366 6667 0 0 0 0 0 0 0
12994 17591 0 0 0 0 0 0 0
0 0 0 0 0 0 0 0 0
7370 10569 0 0 0 0 0 0 0
0 0 0 0 0 0 0 0 0
8270 9699 0 0 0 0 0 0 0
12247 14501 0 0 0 0 0 0 0
0 0 0 0 0 0 0 0 0
7036 2311 0 0 0 0 0 0 0
5350 6319 0 0 0 0 0 0 0
4972 5247 0 0 0 0 0 0 0
11542 8237 0 0 0 0 0 0 0
0 0 0 0 0 0 0 0 0
4008 2831 0 0 0 0 0 0 0
0 0 0 0 0 0 0 0 0
7257 4176 0 0 0 0 0 0 0
3237 4139 0 0 0 0 0 0 0
0 0 0 0 0 0 0 0 0
3532 1211 0 0 0 0 0 0 0
5650 7365 0 0 0 0 0 0 0
1586 233 0 0 0 0 0 0 0
4811 7350 0 0 0 0 0 0 0
0 0 0 0 0 0 0 0 0
2068 547 0 0 0 0 0 0 0
2535 1804 0 0 0 0 0 0 0
5237 5546 0 0 0 0 0 0 0
1249 798 0 0 0 0 0 0 0
0 0 0 0 0 0 0 0 0
4211 6722 0 0 0 0 0 0 0
3668 2671 0 0 0 0 0 0 0
2137 2882 0 0 0 0 0 0 0
1357 605 0 0 0 0 0 0 0
0 0 0 0 0 0 0 0 0
2685 4927 0 0 0 0 0 0 0
859 1546 0 0 0 0 0 0 0
2666 3127 0 0 0 0 0 0 0
2940 3531 0 0 0 0 0 0 0
0 0 0 0 0 0 0 0 0
0 0 0 0 0 0 0 0 0
7437 6228 0 0 0 0 0 0 0
902 57 0 0 0 0 0 0 0
1037 1021 0 0 0 0 0 0 0
0 0 0 0 0 0 0 0 0
1732 1371 0 0 0 0 0 0 0
1721 2287 0 0 0 0 0 0 0
637 365 0 0 0 0 0 0 0
1273 376 0 0 0 0 0 0 0
0 0 0 0 0 0 0 0 0
1068 812 0 0 0 0 0 0 0
0 0 0 0 0 0 0 0 0
1235 580 0 0 0 0 0 0 0
860 36 0 0 0 0 0 0 0
0 0 0 0 0 0 0 0 0
274 117 0 0 0 0 0 0 0
357 71 0 0 0 0 0 0 0
131 99 0 0 0 0 0 0 0
140 81 0 0 0 0 0 0 0
0 0 0 0 0 0 0 0 0
740 314 0 0 0 0 0 0 0
0 0 0 0 0 0 0 0 0
455 99 0 0 0 0 0 0 0
645 159 0 0 0 0 0 0 0
0 0 0 0 0 0 0 0 0
257 37 0 0 0 0 0 0 0
987 133 0 0 0 0 0 0 0
638 18 0 0 0 0 0 0 0
523 44 0 0 0 0 0 0 0
0 0 0 0 0 0 0 0 0
1390 242 0 0 0 0 0 0 0
510 125 0 0 0 0 0 0 0
902 310 0 0 0 0 0 0 0
1030 448 0 0 0 0 0 0 0
0 0 0 0 0 0 0 0 0
126 138 0 0 0 0 0 0 0
69 277 0 0 0 0 0 0 0
192 653 0 0 0 0 0 0 0
382 784 0 0 0 0 0 0 0
0 0 0 0 0 0 0 0 0
44 43 0 0 0 0 0 0 0
56 21 0 0 0 0 0 0 0
245 240 0 0 0 0 0 0 0
812 262 0 0 0 0 0 0 0
0 0 0 0 0 0 0 0 0
90 31 0 0 0 0 0 0 0
39 13 0 0 0 0 0 0 0
187 407 0 0 0 0 0 0 0
292 26 0 0 0 0 0 0 0
0 0 0 0 0 0 0 0 0
168 45 0 0 0 0 0 0 0
299 20 0 0 0 0 0 0 0
1485 94 0 0 0 0 0 0 0
1458 161 0 0 0 0 0 0 0
0 0 0 0 0 0 0 0 0
512 93 0 0 0 0 0 0 0
396 212 0 0 0 0 0 0 0
0 0 0 0 0 0 0 0 0
2806 1951 0 0 0 0 0 0 0
0 0 0 0 0 0 0 0 0
541 148 0 0 0 0 0 0 0
650 1023 0 0 0 0 0 0 0
677 596 0 0 0 0 0 0 0
3256 3379 0 0 0 0 0 0 0
0 0 0 0 0 0 0 0 0
518 72 0 0 0 0 0 0 0
398 320 0 0 0 0 0 0 0
416 823 0 0 0 0 0 0 0
1556 571 0 0 0 0 0 0 0
0 0 0 0 0 0 0 0 0
0 0 0 0 0 0 0 0 0
838 1586 0 0 0 0 0 0 0
967 4637 0 0 0 0 0 0 0
305 9089 0 0 0 0 0 0 0
0 0 0 0 0 0 0 0 0
27 7610 0 0 0 0 0 0 0
33 8856 0 0 0 0 0 0 0
15 9063 0 0 0 0 0 0 0
824 18829 0 0 0 0 0 0 0
0 0 0 0 0 0 0 0 0
0 0 0 0 0 0 0 0 0
989 13002 0 0 0 0 0 0 0
634 9495 0 0 0 0 0 0 0
1139 8422 0 0 0 0 0 0 0
0 0 0 0 0 0 0 0 0
99 1574 0 0 0 0 0 0 0
336 940 0 0 0 0 0 0 0
806 2256 0 0 0 0 0 0 0
1323 3038 0 0 0 0 0 0 0
0 0 0 0 0 0 0 0 0
546 1628 0 0 0 0 0 0 0
429 858 0 0 0 0 0 0 0
1128 1613 0 0 0 0 0 0 0
668 1315 0 0 0 0 0 0 0
0 0 0 0 0 0 0 0 0
184 51 0 0 0 0 0 0 0
371 87 0 0 0 0 0 0 0
380 16 0 0 0 0 0 0 0
920 556 0 0 0 0 0 0 0
0 0 0 0 0 0 0 0 0
195 51 0 0 0 0 0 0 0
0 0 0 0 0 0 0 0 0
125 34 0 0 0 0 0 0 0
239 119 0 0 0 0 0 0 0
1332 3396 0 0 0 0 0 0 0
0 0 0 0 0 0 0 0 0
0 0 0 0 0 0 0 0 0
783 7095 0 0 0 0 0 0 0
102 4537 0 0 0 0 0 0 0
1415 16529 0 0 0 0 0 0 0
0 0 0 0 0 0 0 0 0
692 9075 0 0 0 0 0 0 0
586 7838 0 0 0 0 0 0 0
435 6779 0 0 0 0 0 0 0
2828 14198 0 0 0 0 0 0 0
0 0 0 0 0 0 0 0 0
626 6033 0 0 0 0 0 0 0
847 6527 0 0 0 0 0 0 0
763 5047 0 0 0 0 0 0 0
5629 8707 0 0 0 0 0 0 0
0 0 0 0 0 0 0 0 0
0 0 0 0 0 0 0 0 0
4138 8024 0 0 0 0 0 0 0
4500 8932 0 0 0 0 0 0 0
6320 12608 0 0 0 0 0 0 0
0 0 0 0 0 0 0 0 0
7730 12863 0 0 0 0 0 0 0
2912 7520 0 0 0 0 0 0 0
0 0 0 0 0 0 0 0 0
8564 15530 0 0 0 0 0 0 0
0 0 0 0 0 0 0 0 0
2481 5780 0 0 0 0 0 0 0
4777 10868 0 0 0 0 0 0 0
2940 8653 0 0 0 0 0 0 0
7501 13288 0 0 0 0 0 0 0
0 0 0 0 0 0 0 0 0
0 0 0 0 0 0 0 0 0
1162 4341 0 0 0 0 0 0 0
2033 5791 0 0 0 0 0 0 0
3077 7531 0 0 0 0 0 0 0
0 0 0 0 0 0 0 0 0
6714 8456 0 0 0 0 0 0 0
1589 2549 0 0 0 0 0 0 0
251 680 0 0 0 0 0 0 0
4226 8494 0 0 0 0 0 0 0
0 0 0 0 0 0 0 0 0
2217 2419 0 0 0 0 0 0 0
1852 3736 0 0 0 0 0 0 0
327 863 0 0 0 0 0 0 0
3568 5536 0 0 0 0 0 0 0
0 0 0 0 0 0 0 0 0
969 1253 0 0 0 0 0 0 0
1695 2573 0 0 0 0 0 0 0
728 1571 0 0 0 0 0 0 0
1857 1981 0 0 0 0 0 0 0
0 0 0 0 0 0 0 0 0
2389 5691 0 0 0 0 0 0 0
0 0 0 0 0 0 0 0 0
509 1784 0 0 0 0 0 0 0
2435 6181 0 0 0 0 0 0 0
0 0 0 0 0 0 0 0 0
0 0 0 0 0 0 0 0 0
2184 4230 0 0 0 0 0 0 0
977 1663 0 0 0 0 0 0 0
2710 3478 0 0 0 0 0 0 0
0 0 0 0 0 0 0 0 0
0 0 0 0 0 0 0 0 0
1976 3810 0 0 0 0 0 0 0
841 408 0 0 0 0 0 0 0
2886 4332 0 0 0 0 0 0 0
0 0 0 0 0 0 0 0 0
477 338 0 0 0 0 0 0 0
2159 3562 0 0 0 0 0 0 0
477 869 0 0 0 0 0 0 0
1471 2583 0 0 0 0 0 0 0
0 0 0 0 0 0 0 0 0
739 2304 0 0 0 0 0 0 0
205 447 0 0 0 0 0 0 0
1526 3480 0 0 0 0 0 0 0
761 1821 0 0 0 0 0 0 0
0 0 0 0 0 0 0 0 0
2290 2403 0 0 0 0 0 0 0
1401 236 0 0 0 0 0 0 0
0 0 0 0 0 0 0 0 0
5359 3366 0 0 0 0 0 0 0
0 0 0 0 0 0 0 0 0
5012 2274 0 0 0 0 0 0 0
3486 481 0 0 0 0 0 0 0
3853 387 0 0 0 0 0 0 0
5686 2659 0 0 0 0 0 0 0
0 0 0 0 0 0 0 0 0
1920 842 0 0 0 0 0 0 0
4551 587 0 0 0 0 0 0 0
0 0 0 0 0 0 0 0 0
5020 1303 0 0 0 0 0 0 0
0 0 0 0 0 0 0 0 0
2944 944 0 0 0 0 0 0 0
692 179 0 0 0 0 0 0 0
1402 200 0 0 0 0 0 0 0
1439 780 0 0 0 0 0 0 0
0 0 0 0 0 0 0 0 0
547 8 0 0 0 0 0 0 0
690 93 0 0 0 0 0 0 0
520 204 0 0 0 0 0 0 0
797 359 0 0 0 0 0 0 0
0 0 0 0 0 0 0 0 0
802 865 0 0 0 0 0 0 0
1159 1117 0 0 0 0 0 0 0
127 107 0 0 0 0 0 0 0
219 274 0 0 0 0 0 0 0
0 0 0 0 0 0 0 0 0
834 203 0 0 0 0 0 0 0
529 6 0 0 0 0 0 0 0
650 0 0 0 0 0 0 0 0
2494 24 0 0 0 0 0 0 0
0 0 0 0 0 0 0 0 0
688 115 0 0 0 0 0 0 0
754 13 0 0 0 0 0 0 0
942 18 0 0 0 0 0 0 0
4037 469 0 0 0 0 0 0 0
0 0 0 0 0 0 0 0 0
1605 266 0 0 0 0 0 0 0
1505 27 0 0 0 0 0 0 0
3623 392 0 0 0 0 0 0 0
5285 9 0 0 0 0 0 0 0
0 0 0 0 0 0 0 0 0
3826 61 0 0 0 0 0 0 0
8034 218 0 0 0 0 0 0 0
0 0 0 0 0 0 0 0 0
12956 2511 0 0 0 0 0 0 0
0 0 0 0 0 0 0 0 0
7681 360 0 0 0 0 0 0 0
7270 1262 0 0 0 0 0 0 0
9147 923 0 0 0 0 0 0 0
8165 366 0 0 0 0 0 0 0
0 0 0 0 0 0 0 0 0
4755 415 0 0 0 0 0 0 0
4464 1674 0 0 0 0 0 0 0
0 0 0 0 0 0 0 0 0
11431 2380 0 0 0 0 0 0 0
0 0 0 0 0 0 0 0 0
3223 1396 0 0 0 0 0 0 0
2578 909 0 0 0 0 0 0 0
4559 1838 0 0 0 0 0 0 0
7513 7600 0 0 0 0 0 0 0
0 0 0 0 0 0 0 0 0
3532 909 0 0 0 0 0 0 0
3710 4243 0 0 0 0 0 0 0
5523 6584 0 0 0 0 0 0 0
4364 3396 0 0 0 0 0 0 0
0 0 0 0 0 0 0 0 0
6566 6262 0 0 0 0 0 0 0
3005 3134 0 0 0 0 0 0 0
4756 5975 0 0 0 0 0 0 0
3118 2029 0 0 0 0 0 0 0
0 0 0 0 0 0 0 0 0
5905 5067 0 0 0 0 0 0 0
2598 996 0 0 0 0 0 0 0
2768 2171 0 0 0 0 0 0 0
6578 985 0 0 0 0 0 0 0
0 0 0 0 0 0 0 0 0
2455 1057 0 0 0 0 0 0 0
2513 401 0 0 0 0 0 0 0
6618 2989 0 0 0 0 0 0 0
6597 516 0 0 0 0 0 0 0
0 0 0 0 0 0 0 0 0
1612 1440 0 0 0 0 0 0 0
1740 573 0 0 0 0 0 0 0
0 0 0 0 0 0 0 0 0
6288 4781 0 0 0 0 0 0 0
0 0 0 0 0 0 0 0 0
1677 2123 0 0 0 0 0 0 0
1379 1755 0 0 0 0 0 0 0
0 0 0 0 0 0 0 0 0
5164 5056 0 0 0 0 0 0 0
0 0 0 0 0 0 0 0 0
3605 554 0 0 0 0 0 0 0
2148 2091 0 0 0 0 0 0 0
1235 1289 0 0 0 0 0 0 0
5213 4151 0 0 0 0 0 0 0
0 0 0 0 0 0 0 0 0
1558 79 0 0 0 0 0 0 0
325 452 0 0 0 0 0 0 0
245 980 0 0 0 0 0 0 0
692 54 0 0 0 0 0 0 0
0 0 0 0 0 0 0 0 0
643 461 0 0 0 0 0 0 0
1589 237 0 0 0 0 0 0 0
862 630 0 0 0 0 0 0 0
1842 454 0 0 0 0 0 0 0
0 0 0 0 0 0 0 0 0
499 1033 0 0 0 0 0 0 0
165 194 0 0 0 0 0 0 0
47 195 0 0 0 0 0 0 0
266 2032 0 0 0 0 0 0 0
0 0 0 0 0 0 0 0 0
136 137 0 0 0 0 0 0 0
231 158 0 0 0 0 0 0 0
567 17 0 0 0 0 0 0 0
3754 1243 0 0 0 0 0 0 0
0 0 0 0 0 0 0 0 0
960 195 0 0 0 0 0 0 0
877 111 0 0 0 0 0 0 0
760 187 0 0 0 0 0 0 0
3447 2721 0 0 0 0 0 0 0
0 0 0 0 0 0 0 0 0
1057 534 0 0 0 0 0 0 0
0 0 0 0 0 0 0 0 0
2694 2673 0 0 0 0 0 0 0
2727 877 0 0 0 0 0 0 0
0 0 0 0 0 0 0 0 0
3490 2305 0 0 0 0 0 0 0
674 91 0 0 0 0 0 0 0
391 641 0 0 0 0 0 0 0
1534 1938 0 0 0 0 0 0 0
0 0 0 0 0 0 0 0 0
0 0 0 0 0 0 0 0 0
2203 3684 0 0 0 0 0 0 0
1823 1048 0 0 0 0 0 0 0
901 959 0 0 0 0 0 0 0
0 0 0 0 0 0 0 0 0
1591 251 0 0 0 0 0 0 0
458 591 0 0 0 0 0 0 0
326 118 0 0 0 0 0 0 0
1358 1055 0 0 0 0 0 0 0
0 0 0 0 0 0 0 0 0
204 0 0 0 0 0 0 0 0
327 0 0 0 0 0 0 0 0
479 32 0 0 0 0 0 0 0
1213 310 0 0 0 0 0 0 0
0 0 0 0 0 0 0 0 0
1013 535 0 0 0 0 0 0 0
469 28 0 0 0 0 0 0 0
458 4 0 0 0 0 0 0 0
1406 505 0 0 0 0 0 0 0
0 0 0 0 0 0 0 0 0
1102 10 0 0 0 0 0 0 0
1082 26 0 0 0 0 0 0 0
810 0 0 0 0 0 0 0 0
1299 12 0 0 0 0 0 0 0
0 0 0 0 0 0 0 0 0
273 101 0 0 0 0 0 0 0
0 0 0 0 0 0 0 0 0
138 135 0 0 0 0 0 0 0
560 6 0 0 0 0 0 0 0
0 0 0 0 0 0 0 0 0
0 0 0 0 0 0 0 0 0
544 111 0 0 0 0 0 0 0
0 0 0 0 0 0 0 0 0
1331 192 0 0 0 0 0 0 0
0 0 0 0 0 0 0 0 0
978 4 0 0 0 0 0 0 0
116 0 0 0 0 0 0 0 0
203 0 0 0 0 0 0 0 0
715 0 0 0 0 0 0 0 0
0 0 0 0 0 0 0 0 0
174 0 0 0 0 0 0 0 0
605 0 0 0 0 0 0 0 0
175 16 0 0 0 0 0 0 0
430 1 0 0 0 0 0 0 0
0 0 0 0 0 0 0 0 0
661 42 0 0 0 0 0 0 0
175 0 0 0 0 0 0 0 0
141 0 0 0 0 0 0 0 0
430 24 0 0 0 0 0 0 0
0 0 0 0 0 0 0 0 0
0 0 0 0 0 0 0 0 0
600 496 0 0 0 0 0 0 0
144 89 0 0 0 0 0 0 0
1066 171 0 0 0 0 0 0 0
0 0 0 0 0 0 0 0 0
382 8 0 0 0 0 0 0 0
895 109 0 0 0 0 0 0 0
105 10 0 0 0 0 0 0 0
831 206 0 0 0 0 0 0 0
0 0 0 0 0 0 0 0 0
203 19 0 0 0 0 0 0 0
711 190 0 0 0 0 0 0 0
243 4 0 0 0 0 0 0 0
947 2 0 0 0 0 0 0 0
0 0 0 0 0 0 0 0 0
1061 0 0 0 0 0 0 0 0
0 0 0 0 0 0 0 0 0
1428 0 0 0 0 0 0 0 0
1439 3 0 0 0 0 0 0 0
0 0 0 0 0 0 0 0 0
305 0 0 0 0 0 0 0 0
745 2 0 0 0 0 0 0 0
419 14 0 0 0 0 0 0 0
1532 22 0 0 0 0 0 0 0
0 0 0 0 0 0 0 0 0
486 0 0 0 0 0 0 0 0
342 11 0 0 0 0 0 0 0
774 48 0 0 0 0 0 0 0
571 213 0 0 0 0 0 0 0
0 0 0 0 0 0 0 0 0
69 0 0 0 0 0 0 0 0
645 152 0 0 0 0 0 0 0
83 1 0 0 0 0 0 0 0
445 183 0 0 0 0 0 0 0
0 0 0 0 0 0 0 0 0
56 1 0 0 0 0 0 0 0
76 1 0 0 0 0 0 0 0
849 210 0 0 0 0 0 0 0
622 5 0 0 0 0 0 0 0
0 0 0 0 0 0 0 0 0
88 12 0 0 0 0 0 0 0
473 0 0 0 0 0 0 0 0
0 0 0 0 0 0 0 0 0
522 53 0 0 0 0 0 0 0
0 0 0 0 0 0 0 0 0
38 0 0 0 0 0 0 0 0
124 5 0 0 0 0 0 0 0
594 7 0 0 0 0 0 0 0
626 0 0 0 0 0 0 0 0
0 0 0 0 0 0 0 0 0
179 1 0 0 0 0 0 0 0
379 1 0 0 0 0 0 0 0
0 0 0 0 0 0 0 0 0
131 99 0 0 0 0 0 0 0
0 0 0 0 0 0 0 0 0
19 0 0 0 0 0 0 0 0
81 0 0 0 0 0 0 0 0
0 0 0 0 0 0 0 0 0
506 32 0 0 0 0 0 0 0
0 0 0 0 0 0 0 0 0
189 1 0 0 0 0 0 0 0
112 5 0 0 0 0 0 0 0
67 227 0 0 0 0 0 0 0
2422 2715 0 0 0 0 0 0 0
0 0 0 0 0 0 0 0 0
0 0 0 0 0 0 0 0 0
790 478 0 0 0 0 0 0 0
1472 3048 0 0 0 0 0 0 0
2161 624 0 0 0 0 0 0 0
0 0 0 0 0 0 0 0 0
1300 641 0 0 0 0 0 0 0
1182 554 0 0 0 0 0 0 0
851 8 0 0 0 0 0 0 0
2984 3441 0 0 0 0 0 0 0
0 0 0 0 0 0 0 0 0
2836 594 0 0 0 0 0 0 0
1406 563 0 0 0 0 0 0 0
1083 37 0 0 0 0 0 0 0
2204 243 0 0 0 0 0 0 0
0 0 0 0 0 0 0 0 0
1552 452 0 0 0 0 0 0 0
191 5 0 0 0 0 0 0 0
85 244 0 0 0 0 0 0 0
431 448 0 0 0 0 0 0 0
0 0 0 0 0 0 0 0 0
1643 2041 0 0 0 0 0 0 0
507 23 0 0 0 0 0 0 0
1732 1252 0 0 0 0 0 0 0
1749 8 0 0 0 0 0 0 0
0 0 0 0 0 0 0 0 0
0 0 0 0 0 0 0 0 0
2373 401 0 0 0 0 0 0 0
1192 3 0 0 0 0 0 0 0
2991 1284 0 0 0 0 0 0 0
0 0 0 0 0 0 0 0 0
535 10 0 0 0 0 0 0 0
0 0 0 0 0 0 0 0 0
1347 1167 0 0 0 0 0 0 0
1257 1737 0 0 0 0 0 0 0
0 0 0 0 0 0 0 0 0
15 36 0 0 0 0 0 0 0
86 59 0 0 0 0 0 0 0
207 447 0 0 0 0 0 0 0
352 139 0 0 0 0 0 0 0
0 0 0 0 0 0 0 0 0
79 80 0 0 0 0 0 0 0
68 12 0 0 0 0 0 0 0
171 12 0 0 0 0 0 0 0
1393 673 0 0 0 0 0 0 0
0 0 0 0 0 0 0 0 0
500 67 0 0 0 0 0 0 0
939 58 0 0 0 0 0 0 0
1020 8 0 0 0 0 0 0 0
3530 520 0 0 0 0 0 0 0
0 0 0 0 0 0 0 0 0
512 23 0 0 0 0 0 0 0
798 0 0 0 0 0 0 0 0
1039 0 0 0 0 0 0 0 0
5743 104 0 0 0 0 0 0 0
0 0 0 0 0 0 0 0 0
1528 0 0 0 0 0 0 0 0
0 0 0 0 0 0 0 0 0
2909 155 0 0 0 0 0 0 0
2079 13 0 0 0 0 0 0 0
0 0 0 0 0 0 0 0 0
136 36 0 0 0 0 0 0 0
2794 4 0 0 0 0 0 0 0
2182 0 0 0 0 0 0 0 0
4364 0 0 0 0 0 0 0 0
0 0 0 0 0 0 0 0 0
3633 18 0 0 0 0 0 0 0
1216 0 0 0 0 0 0 0 0
1369 0 0 0 0 0 0 0 0
3378 30 0 0 0 0 0 0 0
0 0 0 0 0 0 0 0 0
1115 0 0 0 0 0 0 0 0
442 1 0 0 0 0 0 0 0
984 0 0 0 0 0 0 0 0
920 0 0 0 0 0 0 0 0
0 0 0 0 0 0 0 0 0
851 37 0 0 0 0 0 0 0
0 0 0 0 0 0 0 0 0
3217 863 0 0 0 0 0 0 0
6043 733 0 0 0 0 0 0 0
0 0 0 0 0 0 0 0 0
9694 30 0 0 0 0 0 0 0
7693 30 0 0 0 0 0 0 0
0 0 0 0 0 0 0 0 0
16754 51 0 0 0 0 0 0 0
0 0 0 0 0 0 0 0 0
5155 10 0 0 0 0 0 0 0
5956 0 0 0 0 0 0 0 0
6769 47 0 0 0 0 0 0 0
10485 260 0 0 0 0 0 0 0
0 0 0 0 0 0 0 0 0
7543 654 0 0 0 0 0 0 0
0 0 0 0 0 0 0 0 0
4563 971 0 0 0 0 0 0 0
4153 4136 0 0 0 0 0 0 0
0 0 0 0 0 0 0 0 0
0 0 0 0 0 0 0 0 0
1859 3083 0 0 0 0 0 0 0
663 1845 0 0 0 0 0 0 0
1284 2261 0 0 0 0 0 0 0
0 0 0 0 0 0 0 0 0
2130 6174 0 0 0 0 0 0 0
0 0 0 0 0 0 0 0 0
2425 4374 0 0 0 0 0 0 0
1206 939 0 0 0 0 0 0 0
0 0 0 0 0 0 0 0 0
866 2694 0 0 0 0 0 0 0
4198 11267 0 0 0 0 0 0 0
2478 6638 0 0 0 0 0 0 0
3306 10014 0 0 0 0 0 0 0
0 0 0 0 0 0 0 0 0
5396 21704 0 0 0 0 0 0 0
3659 13115 0 0 0 0 0 0 0
464 5562 0 0 0 0 0 0 0
8150 15574 0 0 0 0 0 0 0
0 0 0 0 0 0 0 0 0
908 2865 0 0 0 0 0 0 0
5719 10220 0 0 0 0 0 0 0
1819 2434 0 0 0 0 0 0 0
1996 3573 0 0 0 0 0 0 0
0 0 0 0 0 0 0 0 0
2843 5741 0 0 0 0 0 0 0
743 1111 0 0 0 0 0 0 0
1633 2944 0 0 0 0 0 0 0
1755 1911 0 0 0 0 0 0 0
0 0 0 0 0 0 0 0 0
1628 3013 0 0 0 0 0 0 0
5154 3437 0 0 0 0 0 0 0
4851 3953 0 0 0 0 0 0 0
4751 639 0 0 0 0 0 0 0
0 0 0 0 0 0 0 0 0
12087 9197 0 0 0 0 0 0 0
0 0 0 0 0 0 0 0 0
5914 5156 0 0 0 0 0 0 0
9672 6451 0 0 0 0 0 0 0
0 0 0 0 0 0 0 0 0
4577 4733 0 0 0 0 0 0 0
3785 3836 0 0 0 0 0 0 0
3766 3113 0 0 0 0 0 0 0
9156 13618 0 0 0 0 0 0 0
0 0 0 0 0 0 0 0 0
0 0 0 0 0 0 0 0 0
7320 7947 0 0 0 0 0 0 0
0 0 0 0 0 0 0 0 0
0 0 0 0 0 0 0 0 0
0 0 0 0 0 0 0 0 0
0 0 0 0 0 0 0 0 0
0 0 0 0 0 0 0 0 0
13877 9362 0 0 0 0 0 0 0
2487 1200 0 0 0 0 0 0 0
0 0 0 0 0 0 0 0 0
5933 7781 0 0 0 0 0 0 0
458 1421 0 0 0 0 0 0 0
629 1847 0 0 0 0 0 0 0
2341 4075 0 0 0 0 0 0 0
0 0 0 0 0 0 0 0 0
369 1463 0 0 0 0 0 0 0
0 0 0 0 0 0 0 0 0
1770 2130 0 0 0 0 0 0 0
1726 1502 0 0 0 0 0 0 0
0 0 0 0 0 0 0 0 0
2456 1029 0 0 0 0 0 0 0
1982 920 0 0 0 0 0 0 0
2710 774 0 0 0 0 0 0 0
5290 1599 0 0 0 0 0 0 0
0 0 0 0 0 0 0 0 0
4140 598 0 0 0 0 0 0 0
0 0 0 0 0 0 0 0 0
5557 351 0 0 0 0 0 0 0
3214 79 0 0 0 0 0 0 0
0 0 0 0 0 0 0 0 0
766 2 0 0 0 0 0 0 0
1193 51 0 0 0 0 0 0 0
798 12 0 0 0 0 0 0 0
3196 510 0 0 0 0 0 0 0
0 0 0 0 0 0 0 0 0
647 34 0 0 0 0 0 0 0
366 25 0 0 0 0 0 0 0
129 23 0 0 0 0 0 0 0
1507 153 0 0 0 0 0 0 0
0 0 0 0 0 0 0 0 0
93 0 0 0 0 0 0 0 0
32 0 0 0 0 0 0 0 0
25 5 0 0 0 0 0 0 0
936 247 0 0 0 0 0 0 0
0 0 0 0 0 0 0 0 0
0 0 0 0 0 0 0 0 0
2020 12 0 0 0 0 0 0 0
1322 25 0 0 0 0 0 0 0
3239 33 0 0 0 0 0 0 0
0 0 0 0 0 0 0 0 0
1806 0 0 0 0 0 0 0 0
0 0 0 0 0 0 0 0 0
4093 2 0 0 0 0 0 0 0
2038 87 0 0 0 0 0 0 0
0 0 0 0 0 0 0 0 0
868 346 0 0 0 0 0 0 0
263 0 0 0 0 0 0 0 0
509 96 0 0 0 0 0 0 0
1760 138 0 0 0 0 0 0 0
0 0 0 0 0 0 0 0 0
696 53 0 0 0 0 0 0 0
1149 2 0 0 0 0 0 0 0
995 3 0 0 0 0 0 0 0
1963 519 0 0 0 0 0 0 0
0 0 0 0 0 0 0 0 0
665 8 0 0 0 0 0 0 0
2583 236 0 0 0 0 0 0 0
1394 65 0 0 0 0 0 0 0
3026 618 0 0 0 0 0 0 0
0 0 0 0 0 0 0 0 0
421 33 0 0 0 0 0 0 0
320 0 0 0 0 0 0 0 0
470 56 0 0 0 0 0 0 0
1453 35 0 0 0 0 0 0 0
0 0 0 0 0 0 0 0 0
715 0 0 0 0 0 0 0 0
1940 47 0 0 0 0 0 0 0
952 2 0 0 0 0 0 0 0
2029 14 0 0 0 0 0 0 0
0 0 0 0 0 0 0 0 0
1418 47 0 0 0 0 0 0 0
0 0 0 0 0 0 0 0 0
1025 56 0 0 0 0 0 0 0
798 1 0 0 0 0 0 0 0
0 0 0 0 0 0 0 0 0
0 0 0 0 0 0 0 0 0
2714 326 0 0 0 0 0 0 0
943 1 0 0 0 0 0 0 0
1673 66 0 0 0 0 0 0 0
0 0 0 0 0 0 0 0 0
566 9 0 0 0 0 0 0 0
547 27 0 0 0 0 0 0 0
1529 10 0 0 0 0 0 0 0
1083 123 0 0 0 0 0 0 0
0 0 0 0 0 0 0 0 0
307 0 0 0 0 0 0 0 0
568 15 0 0 0 0 0 0 0
2711 54 0 0 0 0 0 0 0
3043 385 0 0 0 0 0 0 0
0 0 0 0 0 0 0 0 0
1069 0 0 0 0 0 0 0 0
745 15 0 0 0 0 0 0 0
1222 44 0 0 0 0 0 0 0
1537 28 0 0 0 0 0 0 0
0 0 0 0 0 0 0 0 0
353 11 0 0 0 0 0 0 0
1404 162 0 0 0 0 0 0 0
751 5 0 0 0 0 0 0 0
1664 419 0 0 0 0 0 0 0
0 0 0 0 0 0 0 0 0
525 1 0 0 0 0 0 0 0
1225 165 0 0 0 0 0 0 0
196 0 0 0 0 0 0 0 0
206 0 0 0 0 0 0 0 0
0 0 0 0 0 0 0 0 0
859 0 0 0 0 0 0 0 0
1059 17 0 0 0 0 0 0 0
187 8 0 0 0 0 0 0 0
968 60 0 0 0 0 0 0 0
0 0 0 0 0 0 0 0 0
331 12 0 0 0 0 0 0 0
1953 132 0 0 0 0 0 0 0
698 40 0 0 0 0 0 0 0
1929 509 0 0 0 0 0 0 0
0 0 0 0 0 0 0 0 0
481 122 0 0 0 0 0 0 0
0 0 0 0 0 0 0 0 0
2633 1457 0 0 0 0 0 0 0
4150 2784 0 0 0 0 0 0 0
0 0 0 0 0 0 0 0 0
1145 1096 0 0 0 0 0 0 0
1434 895 0 0 0 0 0 0 0
3185 1588 0 0 0 0 0 0 0
3133 2252 0 0 0 0 0 0 0
0 0 0 0 0 0 0 0 0
1127 211 0 0 0 0 0 0 0
1054 874 0 0 0 0 0 0 0
940 1465 0 0 0 0 0 0 0
5013 4770 0 0 0 0 0 0 0
0 0 0 0 0 0 0 0 0
527 370 0 0 0 0 0 0 0
1114 1173 0 0 0 0 0 0 0
4431 2882 0 0 0 0 0 0 0
2613 4903 0 0 0 0 0 0 0
0 0 0 0 0 0 0 0 0
1282 484 0 0 0 0 0 0 0
0 0 0 0 0 0 0 0 0
5498 5377 0 0 0 0 0 0 0
755 4015 0 0 0 0 0 0 0
0 0 0 0 0 0 0 0 0
513 828 0 0 0 0 0 0 0
2760 1610 0 0 0 0 0 0 0
1432 1035 0 0 0 0 0 0 0
2282 238 0 0 0 0 0 0 0
0 0 0 0 0 0 0 0 0
895 519 0 0 0 0 0 0 0
849 141 0 0 0 0 0 0 0
882 30 0 0 0 0 0 0 0
3289 1828 0 0 0 0 0 0 0
0 0 0 0 0 0 0 0 0
1064 411 0 0 0 0 0 0 0
1057 356 0 0 0 0 0 0 0
0 0 0 0 0 0 0 0 0
5547 4254 0 0 0 0 0 0 0
0 0 0 0 0 0 0 0 0
531 1231 0 0 0 0 0 0 0
638 1282 0 0 0 0 0 0 0
798 1673 0 0 0 0 0 0 0
3422 12898 0 0 0 0 0 0 0
0 0 0 0 0 0 0 0 0
353 5368 0 0 0 0 0 0 0
0 0 0 0 0 0 0 0 0
1931 13114 0 0 0 0 0 0 0
8499 18469 0 0 0 0 0 0 0
0 0 0 0 0 0 0 0 0
0 0 0 0 0 0 0 0 0
4169 15732 0 0 0 0 0 0 0
2675 16235 0 0 0 0 0 0 0
8087 24101 0 0 0 0 0 0 0
0 0 0 0 0 0 0 0 0
0 0 0 0 0 0 0 0 0
2740 14163 0 0 0 0 0 0 0
4938 12382 0 0 0 0 0 0 0
5207 15058 0 0 0 0 0 0 0
0 0 0 0 0 0 0 0 0
5774 16392 0 0 0 0 0 0 0
2308 10148 0 0 0 0 0 0 0
364 5740 0 0 0 0 0 0 0
4441 14349 0 0 0 0 0 0 0
0 0 0 0 0 0 0 0 0
958 2116 0 0 0 0 0 0 0
3081 6521 0 0 0 0 0 0 0
402 2005 0 0 0 0 0 0 0
3539 11313 0 0 0 0 0 0 0
0 0 0 0 0 0 0 0 0
832 3071 0 0 0 0 0 0 0
482 1461 0 0 0 0 0 0 0
750 1947 0 0 0 0 0 0 0
4005 6129 0 0 0 0 0 0 0
0 0 0 0 0 0 0 0 0
2041 2289 0 0 0 0 0 0 0
2430 3067 0 0 0 0 0 0 0
1738 1609 0 0 0 0 0 0 0
8815 16032 0 0 0 0 0 0 0
0 0 0 0 0 0 0 0 0
2161 2741 0 0 0 0 0 0 0
4914 9832 0 0 0 0 0 0 0
3958 8520 0 0 0 0 0 0 0
5316 8536 0 0 0 0 0 0 0
0 0 0 0 0 0 0 0 0
7095 13854 0 0 0 0 0 0 0
2452 3982 0 0 0 0 0 0 0
4346 9752 0 0 0 0 0 0 0
3723 5344 0 0 0 0 0 0 0
0 0 0 0 0 0 0 0 0
0 0 0 0 0 0 0 0 0
4947 8449 0 0 0 0 0 0 0
990 809 0 0 0 0 0 0 0
6051 11972 0 0 0 0 0 0 0
0 0 0 0 0 0 0 0 0
2615 3691 0 0 0 0 0 0 0
3460 7846 0 0 0 0 0 0 0
2203 5635 0 0 0 0 0 0 0
7834 16128 0 0 0 0 0 0 0
0 0 0 0 0 0 0 0 0
182 1865 0 0 0 0 0 0 0
1447 3984 0 0 0 0 0 0 0
2249 6540 0 0 0 0 0 0 0
1336 3964 0 0 0 0 0 0 0
0 0 0 0 0 0 0 0 0
4354 8228 0 0 0 0 0 0 0
1160 3028 0 0 0 0 0 0 0
1061 1828 0 0 0 0 0 0 0
1466 2220 0 0 0 0 0 0 0
0 0 0 0 0 0 0 0 0
3212 5834 0 0 0 0 0 0 0
1509 2584 0 0 0 0 0 0 0
825 2521 0 0 0 0 0 0 0
3726 5354 0 0 0 0 0 0 0
0 0 0 0 0 0 0 0 0
1634 3128 0 0 0 0 0 0 0
0 0 0 0 0 0 0 0 0
2093 3538 0 0 0 0 0 0 0
2567 6495 0 0 0 0 0 0 0
0 0 0 0 0 0 0 0 0
1856 2091 0 0 0 0 0 0 0
1802 4109 0 0 0 0 0 0 0
1377 2169 0 0 0 0 0 0 0
2632 4890 0 0 0 0 0 0 0
0 0 0 0 0 0 0 0 0
2012 5861 0 0 0 0 0 0 0
732 1739 0 0 0 0 0 0 0
1640 3921 0 0 0 0 0 0 0
2332 4138 0 0 0 0 0 0 0
0 0 0 0 0 0 0 0 0
498 1713 0 0 0 0 0 0 0
1535 4814 0 0 0 0 0 0 0
1211 755 0 0 0 0 0 0 0
3571 5106 0 0 0 0 0 0 0
0 0 0 0 0 0 0 0 0
1362 846 0 0 0 0 0 0 0
1554 1163 0 0 0 0 0 0 0
1231 1046 0 0 0 0 0 0 0
4828 4599 0 0 0 0 0 0 0
0 0 0 0 0 0 0 0 0
2088 1039 0 0 0 0 0 0 0
0 0 0 0 0 0 0 0 0
5025 3115 0 0 0 0 0 0 0
6770 2800 0 0 0 0 0 0 0
0 0 0 0 0 0 0 0 0
2212 640 0 0 0 0 0 0 0
2527 441 0 0 0 0 0 0 0
2863 294 0 0 0 0 0 0 0
8693 4293 0 0 0 0 0 0 0
0 0 0 0 0 0 0 0 0
2152 1255 0 0 0 0 0 0 0
0 0 0 0 0 0 0 0 0
4395 2855 0 0 0 0 0 0 0
3890 3230 0 0 0 0 0 0 0
0 0 0 0 0 0 0 0 0
852 1568 0 0 0 0 0 0 0
2737 3875 0 0 0 0 0 0 0
887 1929 0 0 0 0 0 0 0
3269 3184 0 0 0 0 0 0 0
0 0 0 0 0 0 0 0 0
3408 3876 0 0 0 0 0 0 0
0 0 0 0 0 0 0 0 0
3621 1549 0 0 0 0 0 0 0
4292 6434 0 0 0 0 0 0 0
0 0 0 0 0 0 0 0 0
4704 4572 0 0 0 0 0 0 0
2393 1720 0 0 0 0 0 0 0
2150 283 0 0 0 0 0 0 0
4311 5696 0 0 0 0 0 0 0
0 0 0 0 0 0 0 0 0
5344 849 0 0 0 0 0 0 0
0 0 0 0 0 0 0 0 0
3710 2687 0 0 0 0 0 0 0
1775 1967 0 0 0 0 0 0 0
0 0 0 0 0 0 0 0 0
2487 1259 0 0 0 0 0 0 0
1578 591 0 0 0 0 0 0 0
1667 1119 0 0 0 0 0 0 0
6015 3549 0 0 0 0 0 0 0
0 0 0 0 0 0 0 0 0
1849 240 0 0 0 0 0 0 0
0 0 0 0 0 0 0 0 0
3504 3784 0 0 0 0 0 0 0
3008 1019 0 0 0 0 0 0 0
0 0 0 0 0 0 0 0 0
3127 4074 0 0 0 0 0 0 0
1104 615 0 0 0 0 0 0 0
478 558 0 0 0 0 0 0 0
3622 3848 0 0 0 0 0 0 0
0 0 0 0 0 0 0 0 0
0 0 0 0 0 0 0 0 0
1966 1635 0 0 0 0 0 0 0
1034 2621 0 0 0 0 0 0 0
1913 3164 0 0 0 0 0 0 0
0 0 0 0 0 0 0 0 0
1112 158 0 0 0 0 0 0 0
3664 718 0 0 0 0 0 0 0
1381 173 0 0 0 0 0 0 0
2827 688 0 0 0 0 0 0 0
0 0 0 0 0 0 0 0 0
1331 311 0 0 0 0 0 0 0
1103 415 0 0 0 0 0 0 0
3012 2760 0 0 0 0 0 0 0
2811 2161 0 0 0 0 0 0 0
0 0 0 0 0 0 0 0 0
2766 6548 0 0 0 0 0 0 0
0 0 0 0 0 0 0 0 0
4497 2075 0 0 0 0 0 0 0
5964 4671 0 0 0 0 0 0 0
0 0 0 0 0 0 0 0 0
3210 629 0 0 0 0 0 0 0
6161 1650 0 0 0 0 0 0 0
2540 497 0 0 0 0 0 0 0
3067 1692 0 0 0 0 0 0 0
0 0 0 0 0 0 0 0 0
4416 5579 0 0 0 0 0 0 0
0 0 0 0 0 0 0 0 0
8065 6028 0 0 0 0 0 0 0
10175 11545 0 0 0 0 0 0 0
0 0 0 0 0 0 0 0 0
4358 4493 0 0 0 0 0 0 0
4879 9627 0 0 0 0 0 0 0
8857 7255 0 0 0 0 0 0 0
11965 15836 0 0 0 0 0 0 0
0 0 0 0 0 0 0 0 0
5853 3802 0 0 0 0 0 0 0
7268 3188 0 0 0 0 0 0 0
8522 7719 0 0 0 0 0 0 0
16960 4275 0 0 0 0 0 0 0
0 0 0 0 0 0 0 0 0
0 0 0 0 0 0 0 0 0
12008 8221 0 0 0 0 0 0 0
3980 5921 0 0 0 0 0 0 0
3860 5701 0 0 0 0 0 0 0
0 0 0 0 0 0 0 0 0
1259 4551 0 0 0 0 0 0 0
2098 6004 0 0 0 0 0 0 0
3878 2426 0 0 0 0 0 0 0
8068 8912 0 0 0 0 0 0 0
0 0 0 0 0 0 0 0 0
3791 834 0 0 0 0 0 0 0
8920 8750 0 0 0 0 0 0 0
4661 3440 0 0 0 0 0 0 0
9793 5174 0 0 0 0 0 0 0
0 0 0 0 0 0 0 0 0
4528 4031 0 0 0 0 0 0 0
3420 732 0 0 0 0 0 0 0
7350 6253 0 0 0 0 0 0 0
7984 2307 0 0 0 0 0 0 0
0 0 0 0 0 0 0 0 0
4438 2477 0 0 0 0 0 0 0
8848 1835 0 0 0 0 0 0 0
3405 1226 0 0 0 0 0 0 0
6480 6240 0 0 0 0 0 0 0
0 0 0 0 0 0 0 0 0
0 0 0 0 0 0 0 0 0
4041 3537 0 0 0 0 0 0 0
3787 7271 0 0 0 0 0 0 0
5599 10245 0 0 0 0 0 0 0
0 0 0 0 0 0 0 0 0
5463 2075 0 0 0 0 0 0 0
9998 5963 0 0 0 0 0 0 0
0 0 0 0 0 0 0 0 0
9142 5155 0 0 0 0 0 0 0
0 0 0 0 0 0 0 0 0
4599 3974 0 0 0 0 0 0 0
3989 806 0 0 0 0 0 0 0
8013 6478 0 0 0 0 0 0 0
6980 1203 0 0 0 0 0 0 0
0 0 0 0 0 0 0 0 0
2983 993 0 0 0 0 0 0 0
2790 258 0 0 0 0 0 0 0
2753 104 0 0 0 0 0 0 0
9234 2940 0 0 0 0 0 0 0
0 0 0 0 0 0 0 0 0
1719 48 0 0 0 0 0 0 0
1105 637 0 0 0 0 0 0 0
1020 378 0 0 0 0 0 0 0
3990 289 0 0 0 0 0 0 0
0 0 0 0 0 0 0 0 0
652 377 0 0 0 0 0 0 0
328 101 0 0 0 0 0 0 0
655 43 0 0 0 0 0 0 0
5580 1864 0 0 0 0 0 0 0
0 0 0 0 0 0 0 0 0
1642 618 0 0 0 0 0 0 0
2236 884 0 0 0 0 0 0 0
1827 105 0 0 0 0 0 0 0
21753 29643 0 0 0 0 0 0 0
1780 590 0 0 0 0 0 0 0
0 0 0 0 0 0 0 0 0
1263 337 0 0 0 0 0 0 0
0 0 0 0 0 0 0 0 0
3329 1085 0 0 0 0 0 0 0
2582 229 0 0 0 0 0 0 0
0 0 0 0 0 0 0 0 0
1650 510 0 0 0 0 0 0 0
2618 585 0 0 0 0 0 0 0
0 0 0 0 0 0 0 0 0
3289 3068 0 0 0 0 0 0 0
0 0 0 0 0 0 0 0 0
0 0 0 0 0 0 0 0 0
2196 1968 0 0 0 0 0 0 0
1796 1610 0 0 0 0 0 0 0
1662 1007 0 0 0 0 0 0 0
0 0 0 0 0 0 0 0 0
0 0 0 0 0 0 0 0 0
1310 489 0 0 0 0 0 0 0
548 47 0 0 0 0 0 0 0
1139 739 0 0 0 0 0 0 0
0 0 0 0 0 0 0 0 0
115 346 0 0 0 0 0 0 0
65 118 0 0 0 0 0 0 0
208 106 0 0 0 0 0 0 0
3606 487 0 0 0 0 0 0 0
0 0 0 0 0 0 0 0 0
1807 418 0 0 0 0 0 0 0
1884 220 0 0 0 0 0 0 0
2250 103 0 0 0 0 0 0 0
5994 1684 0 0 0 0 0 0 0
0 0 0 0 0 0 0 0 0
2841 1325 0 0 0 0 0 0 0
3039 512 0 0 0 0 0 0 0
2878 51 0 0 0 0 0 0 0
7411 2518 0 0 0 0 0 0 0
0 0 0 0 0 0 0 0 0
2085 508 0 0 0 0 0 0 0
1453 360 0 0 0 0 0 0 0
982 60 0 0 0 0 0 0 0
4548 2147 0 0 0 0 0 0 0
0 0 0 0 0 0 0 0 0
0 0 0 0 0 0 0 0 0
2526 947 0 0 0 0 0 0 0
1989 503 0 0 0 0 0 0 0
1148 100 0 0 0 0 0 0 0
0 0 0 0 0 0 0 0 0
2160 319 0 0 0 0 0 0 0
1055 30 0 0 0 0 0 0 0
1244 91 0 0 0 0 0 0 0
5010 172 0 0 0 0 0 0 0
0 0 0 0 0 0 0 0 0
0 0 0 0 0 0 0 0 0
5542 117 0 0 0 0 0 0 0
2432 19 0 0 0 0 0 0 0
7483 877 0 0 0 0 0 0 0
0 0 0 0 0 0 0 0 0
2444 278 0 0 0 0 0 0 0
1871 262 0 0 0 0 0 0 0
1384 38 0 0 0 0 0 0 0
2422 1336 0 0 0 0 0 0 0
0 0 0 0 0 0 0 0 0
858 275 0 0 0 0 0 0 0
956 259 0 0 0 0 0 0 0
667 49 0 0 0 0 0 0 0
1689 1373 0 0 0 0 0 0 0
0 0 0 0 0 0 0 0 0
516 20 0 0 0 0 0 0 0
0 0 0 0 0 0 0 0 0
1587 1694 0 0 0 0 0 0 0
2427 1597 0 0 0 0 0 0 0
0 0 0 0 0 0 0 0 0
538 38 0 0 0 0 0 0 0
966 72 0 0 0 0 0 0 0
1237 206 0 0 0 0 0 0 0
4265 294 0 0 0 0 0 0 0
0 0 0 0 0 0 0 0 0
0 0 0 0 0 0 0 0 0
3031 402 0 0 0 0 0 0 0
1218 50 0 0 0 0 0 0 0
2432 1053 0 0 0 0 0 0 0
0 0 0 0 0 0 0 0 0
2543 641 0 0 0 0 0 0 0
1085 246 0 0 0 0 0 0 0
931 304 0 0 0 0 0 0 0
3956 3762 0 0 0 0 0 0 0
0 0 0 0 0 0 0 0 0
0 0 0 0 0 0 0 0 0
2230 1607 0 0 0 0 0 0 0
913 151 0 0 0 0 0 0 0
3246 516 0 0 0 0 0 0 0
0 0 0 0 0 0 0 0 0
946 77 0 0 0 0 0 0 0
2150 294 0 0 0 0 0 0 0
866 193 0 0 0 0 0 0 0
1572 55 0 0 0 0 0 0 0
0 0 0 0 0 0 0 0 0
167 124 0 0 0 0 0 0 0
511 40 0 0 0 0 0 0 0
135 88 0 0 0 0 0 0 0
313 279 0 0 0 0 0 0 0
0 0 0 0 0 0 0 0 0
177 319 0 0 0 0 0 0 0
1059 509 0 0 0 0 0 0 0
820 335 0 0 0 0 0 0 0
2770 2533 0 0 0 0 0 0 0
0 0 0 0 0 0 0 0 0
1008 225 0 0 0 0 0 0 0
806 172 0 0 0 0 0 0 0
625 135 0 0 0 0 0 0 0
1195 416 0 0 0 0 0 0 0
0 0 0 0 0 0 0 0 0
1734 465 0 0 0 0 0 0 0
482 115 0 0 0 0 0 0 0
332 160 0 0 0 0 0 0 0
1324 656 0 0 0 0 0 0 0
0 0 0 0 0 0 0 0 0
918 91 0 0 0 0 0 0 0
995 67 0 0 0 0 0 0 0
2390 1070 0 0 0 0 0 0 0
2435 389 0 0 0 0 0 0 0
0 0 0 0 0 0 0 0 0
770 126 0 0 0 0 0 0 0
1008 123 0 0 0 0 0 0 0
2207 242 0 0 0 0 0 0 0
2093 628 0 0 0 0 0 0 0
0 0 0 0 0 0 0 0 0
782 83 0 0 0 0 0 0 0
785 199 0 0 0 0 0 0 0
643 84 0 0 0 0 0 0 0
3249 1253 0 0 0 0 0 0 0
0 0 0 0 0 0 0 0 0
1906 412 0 0 0 0 0 0 0
343 144 0 0 0 0 0 0 0
0 0 0 0 0 0 0 0 0
2008 501 0 0 0 0 0 0 0
0 0 0 0 0 0 0 0 0
212 8 0 0 0 0 0 0 0
161 0 0 0 0 0 0 0 0
558 6 0 0 0 0 0 0 0
458 24 0 0 0 0 0 0 0
0 0 0 0 0 0 0 0 0
215 0 0 0 0 0 0 0 0
1013 2 0 0 0 0 0 0 0
0 0 0 0 0 0 0 0 0
1292 42 0 0 0 0 0 0 0
0 0 0 0 0 0 0 0 0
0 0 0 0 0 0 0 0 0
1310 14 0 0 0 0 0 0 0
1275 0 0 0 0 0 0 0 0
1197 61 0 0 0 0 0 0 0
0 0 0 0 0 0 0 0 0
0 0 0 0 0 0 0 0 0
1318 5 0 0 0 0 0 0 0
652 29 0 0 0 0 0 0 0
3569 180 0 0 0 0 0 0 0
0 0 0 0 0 0 0 0 0
1692 11 0 0 0 0 0 0 0
4309 725 0 0 0 0 0 0 0
0 0 0 0 0 0 0 0 0
9601 3072 0 0 0 0 0 0 0
0 0 0 0 0 0 0 0 0
5473 2729 0 0 0 0 0 0 0
5113 2999 0 0 0 0 0 0 0
9339 5861 0 0 0 0 0 0 0
10719 3125 0 0 0 0 0 0 0
0 0 0 0 0 0 0 0 0
6294 1117 0 0 0 0 0 0 0
10952 4457 0 0 0 0 0 0 0
0 0 0 0 0 0 0 0 0
8382 7279 0 0 0 0 0 0 0
0 0 0 0 0 0 0 0 0
1140 1170 0 0 0 0 0 0 0
3034 1173 0 0 0 0 0 0 0
8622 3384 0 0 0 0 0 0 0
7557 1408 0 0 0 0 0 0 0
0 0 0 0 0 0 0 0 0
0 0 0 0 0 0 0 0 0
6261 4976 0 0 0 0 0 0 0
3668 429 0 0 0 0 0 0 0
8506 4175 0 0 0 0 0 0 0
0 0 0 0 0 0 0 0 0
4333 1052 0 0 0 0 0 0 0
0 0 0 0 0 0 0 0 0
7126 6891 0 0 0 0 0 0 0
3422 2334 0 0 0 0 0 0 0
0 0 0 0 0 0 0 0 0
6513 5385 0 0 0 0 0 0 0
7693 5371 0 0 0 0 0 0 0
0 0 0 0 0 0 0 0 0
8228 5499 0 0 0 0 0 0 0
0 0 0 0 0 0 0 0 0
4802 1520 0 0 0 0 0 0 0
5561 1137 0 0 0 0 0 0 0
5999 1459 0 0 0 0 0 0 0
8965 3882 0 0 0 0 0 0 0
0 0 0 0 0 0 0 0 0
4057 2592 0 0 0 0 0 0 0
4891 835 0 0 0 0 0 0 0
5321 1551 0 0 0 0 0 0 0
9988 3622 0 0 0 0 0 0 0
0 0 0 0 0 0 0 0 0
2812 1740 0 0 0 0 0 0 0
2530 662 0 0 0 0 0 0 0
2115 492 0 0 0 0 0 0 0
3871 5949 0 0 0 0 0 0 0
0 0 0 0 0 0 0 0 0
0 0 0 0 0 0 0 0 0
7399 15187 0 0 0 0 0 0 0
2370 3246 0 0 0 0 0 0 0
5887 7081 0 0 0 0 0 0 0
0 0 0 0 0 0 0 0 0
2957 2901 0 0 0 0 0 0 0
4505 5501 0 0 0 0 0 0 0
0 0 0 0 0 0 0 0 0
6935 5349 0 0 0 0 0 0 0
0 0 0 0 0 0 0 0 0
4482 7438 0 0 0 0 0 0 0
1935 3900 0 0 0 0 0 0 0
1966 4545 0 0 0 0 0 0 0
3394 7428 0 0 0 0 0 0 0
0 0 0 0 0 0 0 0 0
9492 11333 0 0 0 0 0 0 0
4465 2761 0 0 0 0 0 0 0
4490 6570 0 0 0 0 0 0 0
7827 7917 0 0 0 0 0 0 0
0 0 0 0 0 0 0 0 0
5541 12567 0 0 0 0 0 0 0
4448 7477 0 0 0 0 0 0 0
4793 9731 0 0 0 0 0 0 0
6456 14276 0 0 0 0 0 0 0
0 0 0 0 0 0 0 0 0
3652 11168 0 0 0 0 0 0 0
1117 3769 0 0 0 0 0 0 0
813 2289 0 0 0 0 0 0 0
1443 6090 0 0 0 0 0 0 0
0 0 0 0 0 0 0 0 0
5541 5792 0 0 0 0 0 0 0
2419 3471 0 0 0 0 0 0 0
1562 1222 0 0 0 0 0 0 0
3893 7046 0 0 0 0 0 0 0
0 0 0 0 0 0 0 0 0
2988 1904 0 0 0 0 0 0 0
1840 2525 0 0 0 0 0 0 0
1786 1948 0 0 0 0 0 0 0
4670 1838 0 0 0 0 0 0 0
0 0 0 0 0 0 0 0 0
5305 5829 0 0 0 0 0 0 0
1781 662 0 0 0 0 0 0 0
1679 2951 0 0 0 0 0 0 0
3855 4801 0 0 0 0 0 0 0
0 0 0 0 0 0 0 0 0
0 0 0 0 0 0 0 0 0
6171 8785 0 0 0 0 0 0 0
4252 4203 0 0 0 0 0 0 0
5339 9567 0 0 0 0 0 0 0
0 0 0 0 0 0 0 0 0
1960 1948 0 0 0 0 0 0 0
7014 13811 0 0 0 0 0 0 0
2143 6090 0 0 0 0 0 0 0
5433 18570 0 0 0 0 0 0 0
0 0 0 0 0 0 0 0 0
1555 9676 0 0 0 0 0 0 0
1937 10387 0 0 0 0 0 0 0
6251 19336 0 0 0 0 0 0 0
8802 11456 0 0 0 0 0 0 0
0 0 0 0 0 0 0 0 0
5204 6589 0 0 0 0 0 0 0
5085 3867 0 0 0 0 0 0 0
5245 5261 0 0 0 0 0 0 0
13519 8170 0 0 0 0 0 0 0
0 0 0 0 0 0 0 0 0
5231 4989 0 0 0 0 0 0 0
8379 14958 0 0 0 0 0 0 0
3630 6877 0 0 0 0 0 0 0
6741 23232 0 0 0 0 0 0 0
0 0 0 0 0 0 0 0 0
5257 20921 0 0 0 0 0 0 0
5459 29535 0 0 0 0 0 0 0
1460 19063 0 0 0 0 0 0 0
13186 26014 0 0 0 0 0 0 0
0 0 0 0 0 0 0 0 0
9103 18165 0 0 0 0 0 0 0
5890 15819 0 0 0 0 0 0 0
5395 20111 0 0 0 0 0 0 0
11374 22695 0 0 0 0 0 0 0
0 0 0 0 0 0 0 0 0
17206 27128 0 0 0 0 0 0 0
0 0 0 0 0 0 0 0 0
9762 16238 0 0 0 0 0 0 0
13094 27670 0 0 0 0 0 0 0
0 0 0 0 0 0 0 0 0
2822 6628 0 0 0 0 0 0 0
11160 20391 0 0 0 0 0 0 0
1436 7075 0 0 0 0 0 0 0
7331 17773 0 0 0 0 0 0 0
0 0 0 0 0 0 0 0 0
0 0 0 0 0 0 0 0 0
7367 18199 0 0 0 0 0 0 0
7552 15353 0 0 0 0 0 0 0
9216 23264 0 0 0 0 0 0 0
0 0 0 0 0 0 0 0 0
2839 7172 0 0 0 0 0 0 0
8958 20654 0 0 0 0 0 0 0
1936 5812 0 0 0 0 0 0 0
5046 8981 0 0 0 0 0 0 0
0 0 0 0 0 0 0 0 0
9328 12245 0 0 0 0 0 0 0
4851 5055 0 0 0 0 0 0 0
6411 9123 0 0 0 0 0 0 0
7895 9354 0 0 0 0 0 0 0
0 0 0 0 0 0 0 0 0
4115 7325 0 0 0 0 0 0 0
0 0 0 0 0 0 0 0 0
10292 15609 0 0 0 0 0 0 0
8980 8989 0 0 0 0 0 0 0
0 0 0 0 0 0 0 0 0
4934 6347 0 0 0 0 0 0 0
3505 1740 0 0 0 0 0 0 0
8922 10971 0 0 0 0 0 0 0
10658 6846 0 0 0 0 0 0 0
0 0 0 0 0 0 0 0 0
4495 3182 0 0 0 0 0 0 0
5947 7273 0 0 0 0 0 0 0
0 0 0 0 0 0 0 0 0
5967 9874 0 0 0 0 0 0 0
0 0 0 0 0 0 0 0 0
2908 10746 0 0 0 0 0 0 0
0 0 0 0 0 0 0 0 0
7073 33775 0 0 0 0 0 0 0
5221 25099 0 0 0 0 0 0 0
0 0 0 0 0 0 0 0 0
2068 16511 0 0 0 0 0 0 0
3966 17858 0 0 0 0 0 0 0
5150 19182 0 0 0 0 0 0 0
8481 31287 0 0 0 0 0 0 0
0 0 0 0 0 0 0 0 0
3503 17673 0 0 0 0 0 0 0
0 0 0 0 0 0 0 0 0
9656 37202 0 0 0 0 0 0 0
9593 28105 0 0 0 0 0 0 0
0 0 0 0 0 0 0 0 0
4202 10501 0 0 0 0 0 0 0
5097 9443 0 0 0 0 0 0 0
4763 10592 0 0 0 0 0 0 0
9032 24383 0 0 0 0 0 0 0
0 0 0 0 0 0 0 0 0
3197 6857 0 0 0 0 0 0 0
0 0 0 0 0 0 0 0 0
11012 17178 0 0 0 0 0 0 0
6149 10558 0 0 0 0 0 0 0
0 0 0 0 0 0 0 0 0
4152 5052 0 0 0 0 0 0 0
4009 2500 0 0 0 0 0 0 0
0 0 0 0 0 0 0 0 0
11334 9929 0 0 0 0 0 0 0
0 0 0 0 0 0 0 0 0
4544 6771 0 0 0 0 0 0 0
0 0 0 0 0 0 0 0 0
9008 11998 0 0 0 0 0 0 0
5809 6199 0 0 0 0 0 0 0
0 0 0 0 0 0 0 0 0
3179 5654 0 0 0 0 0 0 0
1790 3803 0 0 0 0 0 0 0
2774 9260 0 0 0 0 0 0 0
6414 13185 0 0 0 0 0 0 0
0 0 0 0 0 0 0 0 0
0 0 0 0 0 0 0 0 0
2754 7063 0 0 0 0 0 0 0
3254 7192 0 0 0 0 0 0 0
4978 14181 0 0 0 0 0 0 0
0 0 0 0 0 0 0 0 0
5391 12729 0 0 0 0 0 0 0
732 6440 0 0 0 0 0 0 0
4310 10615 0 0 0 0 0 0 0
9847 19083 0 0 0 0 0 0 0
0 0 0 0 0 0 0 0 0
7085 13650 0 0 0 0 0 0 0
5752 12757 0 0 0 0 0 0 0
592 4383 0 0 0 0 0 0 0
14355 23511 0 0 0 0 0 0 0
0 0 0 0 0 0 0 0 0
739 2835 0 0 0 0 0 0 0
3449 8179 0 0 0 0 0 0 0
3629 9157 0 0 0 0 0 0 0
4121 6847 0 0 0 0 0 0 0
0 0 0 0 0 0 0 0 0
4730 8017 0 0 0 0 0 0 0
1786 3508 0 0 0 0 0 0 0
907 2677 0 0 0 0 0 0 0
4524 11405 0 0 0 0 0 0 0
0 0 0 0 0 0 0 0 0
0 0 0 0 0 0 0 0 0
7592 13174 0 0 0 0 0 0 0
853 1338 0 0 0 0 0 0 0
5684 11702 0 0 0 0 0 0 0
0 0 0 0 0 0 0 0 0
4809 3614 0 0 0 0 0 0 0
4290 5179 0 0 0 0 0 0 0
4167 6169 0 0 0 0 0 0 0
13380 11405 0 0 0 0 0 0 0
0 0 0 0 0 0 0 0 0
0 0 0 0 0 0 0 0 0
5655 9966 0 0 0 0 0 0 0
1985 2969 0 0 0 0 0 0 0
7727 5831 0 0 0 0 0 0 0
0 0 0 0 0 0 0 0 0
6282 5107 0 0 0 0 0 0 0
3810 5503 0 0 0 0 0 0 0
2519 2998 0 0 0 0 0 0 0
8491 13422 0 0 0 0 0 0 0
0 0 0 0 0 0 0 0 0
889 3964 0 0 0 0 0 0 0
3740 7560 0 0 0 0 0 0 0
2994 7091 0 0 0 0 0 0 0
2778 9909 0 0 0 0 0 0 0
0 0 0 0 0 0 0 0 0
8896 22025 0 0 0 0 0 0 0
6203 11074 0 0 0 0 0 0 0
1970 6603 0 0 0 0 0 0 0
20466 34659 0 0 0 0 0 0 0
0 0 0 0 0 0 0 0 0
0 0 0 0 0 0 0 0 0
18433 34079 0 0 0 0 0 0 0
9434 17653 0 0 0 0 0 0 0
16079 25811 0 0 0 0 0 0 0
0 0 0 0 0 0 0 0 0
14290 29463 0 0 0 0 0 0 0
9300 13451 0 0 0 0 0 0 0
13004 23738 0 0 0 0 0 0 0
12291 14573 0 0 0 0 0 0 0
0 0 0 0 0 0 0 0 0
0 0 0 0 0 0 0 0 0
12674 20169 0 0 0 0 0 0 0
0 0 0 0 0 0 0 0 0
16094 31169 0 0 0 0 0 0 0
0 0 0 0 0 0 0 0 0
12307 18690 0 0 0 0 0 0 0
6239 12533 0 0 0 0 0 0 0
1507 7316 0 0 0 0 0 0 0
5855 16818 0 0 0 0 0 0 0
0 0 0 0 0 0 0 0 0
989 5796 0 0 0 0 0 0 0
5217 13533 0 0 0 0 0 0 0
1433 3189 0 0 0 0 0 0 0
3803 8099 0 0 0 0 0 0 0
0 0 0 0 0 0 0 0 0
4595 9814 0 0 0 0 0 0 0
577 1522 0 0 0 0 0 0 0
0 0 0 0 0 0 0 0 0
5216 12712 0 0 0 0 0 0 0
0 0 0 0 0 0 0 0 0
2134 3018 0 0 0 0 0 0 0
5895 9938 0 0 0 0 0 0 0
941 2595 0 0 0 0 0 0 0
5053 10841 0 0 0 0 0 0 0
0 0 0 0 0 0 0 0 0
1129 611 0 0 0 0 0 0 0
5154 10293 0 0 0 0 0 0 0
1690 1005 0 0 0 0 0 0 0
7343 7878 0 0 0 0 0 0 0
0 0 0 0 0 0 0 0 0
2999 2399 0 0 0 0 0 0 0
4723 5228 0 0 0 0 0 0 0
0 0 0 0 0 0 0 0 0
6472 1853 0 0 0 0 0 0 0
0 0 0 0 0 0 0 0 0
5596 4920 0 0 0 0 0 0 0
0 0 0 0 0 0 0 0 0
3616 3709 0 0 0 0 0 0 0
5570 1372 0 0 0 0 0 0 0
0 0 0 0 0 0 0 0 0
0 0 0 0 0 0 0 0 0
10816 4795 0 0 0 0 0 0 0
5321 65 0 0 0 0 0 0 0
10296 3227 0 0 0 0 0 0 0
0 0 0 0 0 0 0 0 0
0 0 0 0 0 0 0 0 0
8517 3718 0 0 0 0 0 0 0
4516 5244 0 0 0 0 0 0 0
3725 2672 0 0 0 0 0 0 0
0 0 0 0 0 0 0 0 0
2410 1719 0 0 0 0 0 0 0
5870 6852 0 0 0 0 0 0 0
570 2815 0 0 0 0 0 0 0
5261 15345 0 0 0 0 0 0 0
0 0 0 0 0 0 0 0 0
1792 3924 0 0 0 0 0 0 0
2995 4185 0 0 0 0 0 0 0
4272 7870 0 0 0 0 0 0 0
7379 11926 0 0 0 0 0 0 0
0 0 0 0 0 0 0 0 0
2272 9774 0 0 0 0 0 0 0
4050 10523 0 0 0 0 0 0 0
0 0 0 0 0 0 0 0 0
5262 17858 0 0 0 0 0 0 0
0 0 0 0 0 0 0 0 0
3360 7938 0 0 0 0 0 0 0
3434 8987 0 0 0 0 0 0 0
1723 4569 0 0 0 0 0 0 0
7659 18846 0 0 0 0 0 0 0
0 0 0 0 0 0 0 0 0
2319 2262 0 0 0 0 0 0 0
4715 7621 0 0 0 0 0 0 0
4020 7289 0 0 0 0 0 0 0
6390 14333 0 0 0 0 0 0 0
0 0 0 0 0 0 0 0 0
1819 1869 0 0 0 0 0 0 0
2892 4183 0 0 0 0 0 0 0
0 0 0 0 0 0 0 0 0
8389 8975 0 0 0 0 0 0 0
0 0 0 0 0 0 0 0 0
1414 3396 0 0 0 0 0 0 0
1109 1868 0 0 0 0 0 0 0
1285 3176 0 0 0 0 0 0 0
4530 8683 0 0 0 0 0 0 0
0 0 0 0 0 0 0 0 0
4375 11090 0 0 0 0 0 0 0
3825 10914 0 0 0 0 0 0 0
1084 6033 0 0 0 0 0 0 0
3544 9424 0 0 0 0 0 0 0
0 0 0 0 0 0 0 0 0
1351 5473 0 0 0 0 0 0 0
1146 5483 0 0 0 0 0 0 0
1114 5292 0 0 0 0 0 0 0
4648 11650 0 0 0 0 0 0 0
0 0 0 0 0 0 0 0 0
929 3423 0 0 0 0 0 0 0
849 2961 0 0 0 0 0 0 0
3121 4787 0 0 0 0 0 0 0
4379 2754 0 0 0 0 0 0 0
0 0 0 0 0 0 0 0 0
1418 930 0 0 0 0 0 0 0
1681 758 0 0 0 0 0 0 0
1682 401 0 0 0 0 0 0 0
8953 1434 0 0 0 0 0 0 0
0 0 0 0 0 0 0 0 0
2337 274 0 0 0 0 0 0 0
0 0 0 0 0 0 0 0 0
6822 1713 0 0 0 0 0 0 0
1664 865 0 0 0 0 0 0 0
0 0 0 0 0 0 0 0 0
910 1271 0 0 0 0 0 0 0
737 803 0 0 0 0 0 0 0
837 753 0 0 0 0 0 0 0
6683 2750 0 0 0 0 0 0 0
0 0 0 0 0 0 0 0 0
2094 1909 0 0 0 0 0 0 0
0 0 0 0 0 0 0 0 0
4244 3524 0 0 0 0 0 0 0
4588 4387 0 0 0 0 0 0 0
0 0 0 0 0 0 0 0 0
656 1028 0 0 0 0 0 0 0
671 609 0 0 0 0 0 0 0
4088 1525 0 0 0 0 0 0 0
6233 1920 0 0 0 0 0 0 0
0 0 0 0 0 0 0 0 0
2015 1086 0 0 0 0 0 0 0
1430 869 0 0 0 0 0 0 0
1024 718 0 0 0 0 0 0 0
1250 2594 0 0 0 0 0 0 0
0 0 0 0 0 0 0 0 0
1099 6466 0 0 0 0 0 0 0
567 4500 0 0 0 0 0 0 0
678 6114 0 0 0 0 0 0 0
4886 21715 0 0 0 0 0 0 0
0 0 0 0 0 0 0 0 0
3193 8447 0 0 0 0 0 0 0
4236 8305 0 0 0 0 0 0 0
4262 7621 0 0 0 0 0 0 0
24282 43025 0 0 0 0 0 0 0
4921 25846 0 0 0 0 0 0 0
0 0 0 0 0 0 0 0 0
5686 22732 0 0 0 0 0 0 0
2355 13465 0 0 0 0 0 0 0
1148 13034 0 0 0 0 0 0 0
4617 27969 0 0 0 0 0 0 0
0 0 0 0 0 0 0 0 0
946 12726 0 0 0 0 0 0 0
0 0 0 0 0 0 0 0 0
2407 20883 0 0 0 0 0 0 0
1991 18210 0 0 0 0 0 0 0
0 0 0 0 0 0 0 0 0
1090 7445 0 0 0 0 0 0 0
1707 6653 0 0 0 0 0 0 0
1242 6074 0 0 0 0 0 0 0
4988 12733 0 0 0 0 0 0 0
0 0 0 0 0 0 0 0 0
2135 4085 0 0 0 0 0 0 0
2257 3582 0 0 0 0 0 0 0
5318 6120 0 0 0 0 0 0 0
2090 6344 0 0 0 0 0 0 0
0 0 0 0 0 0 0 0 0
698 3338 0 0 0 0 0 0 0
765 4453 0 0 0 0 0 0 0
0 0 0 0 0 0 0 0 0
1386 2844 0 0 0 0 0 0 0
0 0 0 0 0 0 0 0 0
458 698 0 0 0 0 0 0 0
2602 2959 0 0 0 0 0 0 0
1404 2596 0 0 0 0 0 0 0
1221 6810 0 0 0 0 0 0 0
0 0 0 0 0 0 0 0 0
3925 9814 0 0 0 0 0 0 0
3202 7326 0 0 0 0 0 0 0
1123 8367 0 0 0 0 0 0 0
1336 14760 0 0 0 0 0 0 0
0 0 0 0 0 0 0 0 0
800 9183 0 0 0 0 0 0 0
3190 18911 0 0 0 0 0 0 0
0 0 0 0 0 0 0 0 0
694 26667 0 0 0 0 0 0 0
0 0 0 0 0 0 0 0 0
3058 11956 0 0 0 0 0 0 0
1472 12112 0 0 0 0 0 0 0
1345 28836 0 0 0 0 0 0 0
1308 40206 0 0 0 0 0 0 0
0 0 0 0 0 0 0 0 0
331 29296 0 0 0 0 0 0 0
1075 29281 0 0 0 0 0 0 0
1545 29409 0 0 0 0 0 0 0
2589 49151 0 0 0 0 0 0 0
0 0 0 0 0 0 0 0 0
632 18866 0 0 0 0 0 0 0
828 15154 0 0 0 0 0 0 0
1926 13865 0 0 0 0 0 0 0
4104 22026 0 0 0 0 0 0 0
0 0 0 0 0 0 0 0 0
1198 7760 0 0 0 0 0 0 0
353 5913 0 0 0 0 0 0 0
951 5503 0 0 0 0 0 0 0
1841 8493 0 0 0 0 0 0 0
0 0 0 0 0 0 0 0 0
2206 6018 0 0 0 0 0 0 0
0 0 0 0 0 0 0 0 0
1731 4074 0 0 0 0 0 0 0
5752 8507 0 0 0 0 0 0 0
0 0 0 0 0 0 0 0 0
7156 8944 0 0 0 0 0 0 0
4440 2820 0 0 0 0 0 0 0
7524 8123 0 0 0 0 0 0 0
8550 9400 0 0 0 0 0 0 0
0 0 0 0 0 0 0 0 0
8464 6348 0 0 0 0 0 0 0
8182 5232 0 0 0 0 0 0 0
11295 11692 0 0 0 0 0 0 0
5665 13082 0 0 0 0 0 0 0
0 0 0 0 0 0 0 0 0
4470 9204 0 0 0 0 0 0 0
6122 9049 0 0 0 0 0 0 0
14611 20008 0 0 0 0 0 0 0
14923 18895 0 0 0 0 0 0 0
0 0 0 0 0 0 0 0 0
9034 11811 0 0 0 0 0 0 0
7833 11342 0 0 0 0 0 0 0
5851 10510 0 0 0 0 0 0 0
11177 27715 0 0 0 0 0 0 0
0 0 0 0 0 0 0 0 0
1974 9832 0 0 0 0 0 0 0
1486 9023 0 0 0 0 0 0 0
6141 17626 0 0 0 0 0 0 0
10019 21426 0 0 0 0 0 0 0
0 0 0 0 0 0 0 0 0
3501 10017 0 0 0 0 0 0 0
1074 5374 0 0 0 0 0 0 0
6105 12653 0 0 0 0 0 0 0
7582 12563 0 0 0 0 0 0 0
0 0 0 0 0 0 0 0 0
6300 12878 0 0 0 0 0 0 0
5433 11673 0 0 0 0 0 0 0
0 0 0 0 0 0 0 0 0
14680 30940 0 0 0 0 0 0 0
0 0 0 0 0 0 0 0 0
1728 5637 0 0 0 0 0 0 0
3822 7906 0 0 0 0 0 0 0
5482 16778 0 0 0 0 0 0 0
897 6817 0 0 0 0 0 0 0
0 0 0 0 0 0 0 0 0
4861 18173 0 0 0 0 0 0 0
2441 6764 0 0 0 0 0 0 0
2367 4476 0 0 0 0 0 0 0
10164 19694 0 0 0 0 0 0 0
0 0 0 0 0 0 0 0 0
3291 5477 0 0 0 0 0 0 0
3879 7182 0 0 0 0 0 0 0
5850 12593 0 0 0 0 0 0 0
6340 11703 0 0 0 0 0 0 0
0 0 0 0 0 0 0 0 0
2475 6028 0 0 0 0 0 0 0
1225 3679 0 0 0 0 0 0 0
2372 5089 0 0 0 0 0 0 0
2801 11991 0 0 0 0 0 0 0
0 0 0 0 0 0 0 0 0
0 0 0 0 0 0 0 0 0
5699 12195 0 0 0 0 0 0 0
0 0 0 0 0 0 0 0 0
5757 11517 0 0 0 0 0 0 0
0 0 0 0 0 0 0 0 0
818 763 0 0 0 0 0 0 0
1153 2269 0 0 0 0 0 0 0
1149 1957 0 0 0 0 0 0 0
5388 2237 0 0 0 0 0 0 0
0 0 0 0 0 0 0 0 0
2412 801 0 0 0 0 0 0 0
2492 1226 0 0 0 0 0 0 0
5569 4381 0 0 0 0 0 0 0
6244 5047 0 0 0 0 0 0 0
0 0 0 0 0 0 0 0 0
4154 2806 0 0 0 0 0 0 0
4343 2881 0 0 0 0 0 0 0
4271 2824 0 0 0 0 0 0 0
7717 6419 0 0 0 0 0 0 0
0 0 0 0 0 0 0 0 0
6274 6384 0 0 0 0 0 0 0
2957 3234 0 0 0 0 0 0 0
2997 2834 0 0 0 0 0 0 0
7118 6404 0 0 0 0 0 0 0
0 0 0 0 0 0 0 0 0
7032 4014 0 0 0 0 0 0 0
4251 3095 0 0 0 0 0 0 0
4245 2093 0 0 0 0 0 0 0
8059 5093 0 0 0 0 0 0 0
0 0 0 0 0 0 0 0 0
7585 5088 0 0 0 0 0 0 0
5380 2066 0 0 0 0 0 0 0
5841 2614 0 0 0 0 0 0 0
11561 10273 0 0 0 0 0 0 0
0 0 0 0 0 0 0 0 0
4515 3343 0 0 0 0 0 0 0
4081 3747 0 0 0 0 0 0 0
0 0 0 0 0 0 0 0 0
7424 13481 0 0 0 0 0 0 0
0 0 0 0 0 0 0 0 0
2308 4303 0 0 0 0 0 0 0
1989 4136 0 0 0 0 0 0 0
2092 4127 0 0 0 0 0 0 0
3227 6352 0 0 0 0 0 0 0
0 0 0 0 0 0 0 0 0
1883 3735 0 0 0 0 0 0 0
2646 8029 0 0 0 0 0 0 0
0 0 0 0 0 0 0 0 0
3054 10848 0 0 0 0 0 0 0
0 0 0 0 0 0 0 0 0
1382 3512 0 0 0 0 0 0 0
1379 3281 0 0 0 0 0 0 0
2421 5700 0 0 0 0 0 0 0
1735 3672 0 0 0 0 0 0 0
0 0 0 0 0 0 0 0 0
1877 3662 0 0 0 0 0 0 0
1349 1374 0 0 0 0 0 0 0
1638 1708 0 0 0 0 0 0 0
2144 2081 0 0 0 0 0 0 0
0 0 0 0 0 0 0 0 0
9536 7873 0 0 0 0 0 0 0
4863 2635 0 0 0 0 0 0 0
5454 3127 0 0 0 0 0 0 0
14804 12486 0 0 0 0 0 0 0
0 0 0 0 0 0 0 0 0
7867 4327 0 0 0 0 0 0 0
0 0 0 0 0 0 0 0 0
13188 10547 0 0 0 0 0 0 0
14378 9127 0 0 0 0 0 0 0
0 0 0 0 0 0 0 0 0
8546 4772 0 0 0 0 0 0 0
15163 7280 0 0 0 0 0 0 0
8550 3836 0 0 0 0 0 0 0
13550 6878 0 0 0 0 0 0 0
0 0 0 0 0 0 0 0 0
7561 3366 0 0 0 0 0 0 0
8117 3104 0 0 0 0 0 0 0
13181 6710 0 0 0 0 0 0 0
29735 43292 0 0 0 0 0 0 0
1002 3980 0 0 0 0 0 0 0
1192 2388 0 0 0 0 0 0 0
0 0 0 0 0 0 0 0 0
864 2016 0 0 0 0 0 0 0
173 1252 0 0 0 0 0 0 0
3119 6369 0 0 0 0 0 0 0
1283 4266 0 0 0 0 0 0 0
0 0 0 0 0 0 0 0 0
1577 2303 0 0 0 0 0 0 0
2489 2820 0 0 0 0 0 0 0
1641 1770 0 0 0 0 0 0 0
1898 1901 0 0 0 0 0 0 0
0 0 0 0 0 0 0 0 0
657 435 0 0 0 0 0 0 0
307 190 0 0 0 0 0 0 0
371 273 0 0 0 0 0 0 0
1944 1774 0 0 0 0 0 0 0
0 0 0 0 0 0 0 0 0
467 451 0 0 0 0 0 0 0
1790 3666 0 0 0 0 0 0 0
718 4776 0 0 0 0 0 0 0
1384 14136 0 0 0 0 0 0 0
0 0 0 0 0 0 0 0 0
738 10671 0 0 0 0 0 0 0
4216 20144 0 0 0 0 0 0 0
1445 12860 0 0 0 0 0 0 0
8302 23662 0 0 0 0 0 0 0
0 0 0 0 0 0 0 0 0
0 0 0 0 0 0 0 0 0
14547 26713 0 0 0 0 0 0 0
0 0 0 0 0 0 0 0 0
16453 24551 0 0 0 0 0 0 0
0 0 0 0 0 0 0 0 0
3006 3839 0 0 0 0 0 0 0
8364 11298 0 0 0 0 0 0 0
7754 13408 0 0 0 0 0 0 0
6309 8842 0 0 0 0 0 0 0
0 0 0 0 0 0 0 0 0
9817 16500 0 0 0 0 0 0 0
1759 3000 0 0 0 0 0 0 0
9496 12608 0 0 0 0 0 0 0
4449 4146 0 0 0 0 0 0 0
0 0 0 0 0 0 0 0 0
3702 4999 0 0 0 0 0 0 0
3451 6115 0 0 0 0 0 0 0
0 0 0 0 0 0 0 0 0
5713 9732 0 0 0 0 0 0 0
0 0 0 0 0 0 0 0 0
747 2990 0 0 0 0 0 0 0
421 4194 0 0 0 0 0 0 0
2306 11931 0 0 0 0 0 0 0
3978 12529 0 0 0 0 0 0 0
0 0 0 0 0 0 0 0 0
2552 9404 0 0 0 0 0 0 0
3222 11002 0 0 0 0 0 0 0
3952 16328 0 0 0 0 0 0 0
3655 16972 0 0 0 0 0 0 0
0 0 0 0 0 0 0 0 0
2398 12553 0 0 0 0 0 0 0
2202 9778 0 0 0 0 0 0 0
795 3556 0 0 0 0 0 0 0
6606 12752 0 0 0 0 0 0 0
0 0 0 0 0 0 0 0 0
5158 12856 0 0 0 0 0 0 0
1391 4212 0 0 0 0 0 0 0
4827 7492 0 0 0 0 0 0 0
2884 2770 0 0 0 0 0 0 0
0 0 0 0 0 0 0 0 0
2399 4432 0 0 0 0 0 0 0
1159 2669 0 0 0 0 0 0 0
1072 1310 0 0 0 0 0 0 0
3195 5440 0 0 0 0 0 0 0
0 0 0 0 0 0 0 0 0
2717 644 0 0 0 0 0 0 0
1643 573 0 0 0 0 0 0 0
1253 466 0 0 0 0 0 0 0
3633 1925 0 0 0 0 0 0 0
0 0 0 0 0 0 0 0 0
1189 238 0 0 0 0 0 0 0
1202 215 0 0 0 0 0 0 0
1184 1940 0 0 0 0 0 0 0
3776 1406 0 0 0 0 0 0 0
0 0 0 0 0 0 0 0 0
1677 2570 0 0 0 0 0 0 0
1328 626 0 0 0 0 0 0 0
1860 960 0 0 0 0 0 0 0
1864 3314 0 0 0 0 0 0 0
0 0 0 0 0 0 0 0 0
5148 2091 0 0 0 0 0 0 0
1632 1281 0 0 0 0 0 0 0
932 194 0 0 0 0 0 0 0
3020 5432 0 0 0 0 0 0 0
0 0 0 0 0 0 0 0 0
0 0 0 0 0 0 0 0 0
2174 2308 0 0 0 0 0 0 0
190 69 0 0 0 0 0 0 0
1553 1350 0 0 0 0 0 0 0
0 0 0 0 0 0 0 0 0
367 7 0 0 0 0 0 0 0
432 11 0 0 0 0 0 0 0
529 64 0 0 0 0 0 0 0
1580 586 0 0 0 0 0 0 0
0 0 0 0 0 0 0 0 0
666 116 0 0 0 0 0 0 0
0 0 0 0 0 0 0 0 0
1025 92 0 0 0 0 0 0 0
1987 1944 0 0 0 0 0 0 0
0 0 0 0 0 0 0 0 0
788 55 0 0 0 0 0 0 0
1237 1320 0 0 0 0 0 0 0
0 0 0 0 0 0 0 0 0
1989 1251 0 0 0 0 0 0 0
0 0 0 0 0 0 0 0 0
509 1158 0 0 0 0 0 0 0
1809 1926 0 0 0 0 0 0 0
2094 1929 0 0 0 0 0 0 0
5203 746 0 0 0 0 0 0 0
0 0 0 0 0 0 0 0 0
7336 6204 0 0 0 0 0 0 0
0 0 0 0 0 0 0 0 0
5390 3612 0 0 0 0 0 0 0
5682 3509 0 0 0 0 0 0 0
0 0 0 0 0 0 0 0 0
3820 1924 0 0 0 0 0 0 0
7016 4461 0 0 0 0 0 0 0
2487 663 0 0 0 0 0 0 0
4900 3974 0 0 0 0 0 0 0
0 0 0 0 0 0 0 0 0
4397 1779 0 0 0 0 0 0 0
1433 884 0 0 0 0 0 0 0
870 40 0 0 0 0 0 0 0
638 306 0 0 0 0 0 0 0
0 0 0 0 0 0 0 0 0
1709 1440 0 0 0 0 0 0 0
1636 373 0 0 0 0 0 0 0
842 603 0 0 0 0 0 0 0
1997 278 0 0 0 0 0 0 0
0 0 0 0 0 0 0 0 0
0 0 0 0 0 0 0 0 0
2302 1881 0 0 0 0 0 0 0
1824 221 0 0 0 0 0 0 0
1087 402 0 0 0 0 0 0 0
0 0 0 0 0 0 0 0 0
396 2 0 0 0 0 0 0 0
1278 62 0 0 0 0 0 0 0
300 16 0 0 0 0 0 0 0
1098 138 0 0 0 0 0 0 0
0 0 0 0 0 0 0 0 0
433 98 0 0 0 0 0 0 0
1327 35 0 0 0 0 0 0 0
533 61 0 0 0 0 0 0 0
1581 70 0 0 0 0 0 0 0
0 0 0 0 0 0 0 0 0
1606 866 0 0 0 0 0 0 0
243 15 0 0 0 0 0 0 0
282 62 0 0 0 0 0 0 0
615 350 0 0 0 0 0 0 0
0 0 0 0 0 0 0 0 0
145 6 0 0 0 0 0 0 0
74 39 0 0 0 0 0 0 0
570 193 0 0 0 0 0 0 0
1055 434 0 0 0 0 0 0 0
0 0 0 0 0 0 0 0 0
521 430 0 0 0 0 0 0 0
0 0 0 0 0 0 0 0 0
0 0 0 0 0 0 0 0 0
3824 930 0 0 0 0 0 0 0
0 0 0 0 0 0 0 0 0
1260 107 0 0 0 0 0 0 0
3974 2807 0 0 0 0 0 0 0
1147 173 0 0 0 0 0 0 0
6116 4010 0 0 0 0 0 0 0
0 0 0 0 0 0 0 0 0
2672 580 0 0 0 0 0 0 0
0 0 0 0 0 0 0 0 0
2598 2621 0 0 0 0 0 0 0
3183 294 0 0 0 0 0 0 0
0 0 0 0 0 0 0 0 0
3837 6 0 0 0 0 0 0 0
1261 45 0 0 0 0 0 0 0
1498 174 0 0 0 0 0 0 0
2320 536 0 0 0 0 0 0 0
0 0 0 0 0 0 0 0 0
413 201 0 0 0 0 0 0 0
1642 191 0 0 0 0 0 0 0
790 734 0 0 0 0 0 0 0
1190 506 0 0 0 0 0 0 0
0 0 0 0 0 0 0 0 0
534 278 0 0 0 0 0 0 0
1166 1353 0 0 0 0 0 0 0
866 92 0 0 0 0 0 0 0
2565 2085 0 0 0 0 0 0 0
0 0 0 0 0 0 0 0 0
339 15 0 0 0 0 0 0 0
126 78 0 0 0 0 0 0 0
666 1146 0 0 0 0 0 0 0
1027 843 0 0 0 0 0 0 0
0 0 0 0 0 0 0 0 0
388 183 0 0 0 0 0 0 0
2320 338 0 0 0 0 0 0 0
0 0 0 0 0 0 0 0 0
3213 129 0 0 0 0 0 0 0
0 0 0 0 0 0 0 0 0
733 155 0 0 0 0 0 0 0
828 19 0 0 0 0 0 0 0
950 37 0 0 0 0 0 0 0
3908 411 0 0 0 0 0 0 0
0 0 0 0 0 0 0 0 0
1209 25 0 0 0 0 0 0 0
1250 0 0 0 0 0 0 0 0
1164 0 0 0 0 0 0 0 0
4695 229 0 0 0 0 0 0 0
0 0 0 0 0 0 0 0 0
0 0 0 0 0 0 0 0 0
2665 23 0 0 0 0 0 0 0
923 0 0 0 0 0 0 0 0
3159 9 0 0 0 0 0 0 0
0 0 0 0 0 0 0 0 0
0 0 0 0 0 0 0 0 0
1781 29 0 0 0 0 0 0 0
888 21 0 0 0 0 0 0 0
2242 825 0 0 0 0 0 0 0
0 0 0 0 0 0 0 0 0
357 12 0 0 0 0 0 0 0
505 132 0 0 0 0 0 0 0
339 55 0 0 0 0 0 0 0
1812 1440 0 0 0 0 0 0 0
0 0 0 0 0 0 0 0 0
158 20 0 0 0 0 0 0 0
145 186 0 0 0 0 0 0 0
45 19 0 0 0 0 0 0 0
1790 1901 0 0 0 0 0 0 0
0 0 0 0 0 0 0 0 0
178 23 0 0 0 0 0 0 0
163 288 0 0 0 0 0 0 0
107 176 0 0 0 0 0 0 0
1419 2836 0 0 0 0 0 0 0
0 0 0 0 0 0 0 0 0
579 248 0 0 0 0 0 0 0
27046 12478 0 0 0 0 0 0 0
0 0 0 0 0 0 0 0 0
573 4091 0 0 0 0 0 0 0
335 4531 0 0 0 0 0 0 0
110 3505 0 0 0 0 0 0 0
5090 10957 0 0 0 0 0 0 0
0 0 0 0 0 0 0 0 0
605 2505 0 0 0 0 0 0 0
0 0 0 0 0 0 0 0 0
4386 9577 0 0 0 0 0 0 0
1888 4136 0 0 0 0 0 0 0
0 0 0 0 0 0 0 0 0
1537 3779 0 0 0 0 0 0 0
871 2347 0 0 0 0 0 0 0
710 1843 0 0 0 0 0 0 0
4844 8068 0 0 0 0 0 0 0
0 0 0 0 0 0 0 0 0
2122 3307 0 0 0 0 0 0 0
3904 10059 0 0 0 0 0 0 0
0 0 0 0 0 0 0 0 0
6788 13012 0 0 0 0 0 0 0
0 0 0 0 0 0 0 0 0
1170 7123 0 0 0 0 0 0 0
3274 7035 0 0 0 0 0 0 0
7276 13472 0 0 0 0 0 0 0
9645 13915 0 0 0 0 0 0 0
0 0 0 0 0 0 0 0 0
3878 3357 0 0 0 0 0 0 0
5683 4772 0 0 0 0 0 0 0
7496 8530 0 0 0 0 0 0 0
11073 8209 0 0 0 0 0 0 0
0 0 0 0 0 0 0 0 0
4039 9939 0 0 0 0 0 0 0
9381 16185 0 0 0 0 0 0 0
6098 14302 0 0 0 0 0 0 0
5843 10887 0 0 0 0 0 0 0
0 0 0 0 0 0 0 0 0
3177 7650 0 0 0 0 0 0 0
3166 3475 0 0 0 0 0 0 0
8311 10198 0 0 0 0 0 0 0
1634 1012 0 0 0 0 0 0 0
0 0 0 0 0 0 0 0 0
2866 6731 0 0 0 0 0 0 0
4408 6035 0 0 0 0 0 0 0
1131 1660 0 0 0 0 0 0 0
6812 9222 0 0 0 0 0 0 0
0 0 0 0 0 0 0 0 0
12976 22393 0 0 0 0 0 0 0
585 5242 0 0 0 0 0 0 0
3964 7988 0 0 0 0 0 0 0
0 0 0 0 0 0 0 0 0
1743 3671 0 0 0 0 0 0 0
1794 4339 0 0 0 0 0 0 0
1619 2422 0 0 0 0 0 0 0
8563 11327 0 0 0 0 0 0 0
0 0 0 0 0 0 0 0 0
2979 4373 0 0 0 0 0 0 0
5183 12099 0 0 0 0 0 0 0
3192 7839 0 0 0 0 0 0 0
5600 5319 0 0 0 0 0 0 0
0 0 0 0 0 0 0 0 0
7825 11763 0 0 0 0 0 0 0
2264 3598 0 0 0 0 0 0 0
4032 6714 0 0 0 0 0 0 0
3567 4518 0 0 0 0 0 0 0
0 0 0 0 0 0 0 0 0
6558 9282 0 0 0 0 0 0 0
834 774 0 0 0 0 0 0 0
2613 3138 0 0 0 0 0 0 0
4200 6382 0 0 0 0 0 0 0
0 0 0 0 0 0 0 0 0
2041 4006 0 0 0 0 0 0 0
1095 3053 0 0 0 0 0 0 0
418 285 0 0 0 0 0 0 0
6484 7219 0 0 0 0 0 0 0
0 0 0 0 0 0 0 0 0
516 1274 0 0 0 0 0 0 0
416 2195 0 0 0 0 0 0 0
475 335 0 0 0 0 0 0 0
5194 5032 0 0 0 0 0 0 0
0 0 0 0 0 0 0 0 0
0 0 0 0 0 0 0 0 0
3610 3514 0 0 0 0 0 0 0
1965 122 0 0 0 0 0 0 0
7621 3310 0 0 0 0 0 0 0
0 0 0 0 0 0 0 0 0
2464 417 0 0 0 0 0 0 0
2943 503 0 0 0 0 0 0 0
3444 68 0 0 0 0 0 0 0
9026 1748 0 0 0 0 0 0 0
0 0 0 0 0 0 0 0 0
3416 518 0 0 0 0 0 0 0
3695 183 0 0 0 0 0 0 0
4735 14 0 0 0 0 0 0 0
11196 1367 0 0 0 0 0 0 0
0 0 0 0 0 0 0 0 0
3474 10 0 0 0 0 0 0 0
2983 7 0 0 0 0 0 0 0
2771 12 0 0 0 0 0 0 0
5798 46 0 0 0 0 0 0 0
0 0 0 0 0 0 0 0 0
5981 2 0 0 0 0 0 0 0
2131 0 0 0 0 0 0 0 0
1803 0 0 0 0 0 0 0 0
2324 10 0 0 0 0 0 0 0
0 0 0 0 0 0 0 0 0
1050 3 0 0 0 0 0 0 0
2568 82 0 0 0 0 0 0 0
1990 25 0 0 0 0 0 0 0
3191 1035 0 0 0 0 0 0 0
0 0 0 0 0 0 0 0 0
412 1463 0 0 0 0 0 0 0
296 609 0 0 0 0 0 0 0
433 709 0 0 0 0 0 0 0
1760 2159 0 0 0 0 0 0 0
0 0 0 0 0 0 0 0 0
1105 938 0 0 0 0 0 0 0
3109 2806 0 0 0 0 0 0 0
1157 1173 0 0 0 0 0 0 0
2748 3142 0 0 0 0 0 0 0
0 0 0 0 0 0 0 0 0
1847 2534 0 0 0 0 0 0 0
842 1030 0 0 0 0 0 0 0
883 807 0 0 0 0 0 0 0
4139 2565 0 0 0 0 0 0 0
0 0 0 0 0 0 0 0 0
1279 320 0 0 0 0 0 0 0
1193 202 0 0 0 0 0 0 0
1170 230 0 0 0 0 0 0 0
1266 243 0 0 0 0 0 0 0
0 0 0 0 0 0 0 0 0
5442 1179 0 0 0 0 0 0 0
2754 1 0 0 0 0 0 0 0
3163 0 0 0 0 0 0 0 0
6623 45 0 0 0 0 0 0 0
0 0 0 0 0 0 0 0 0
3392 3 0 0 0 0 0 0 0
6002 70 0 0 0 0 0 0 0
2634 2 0 0 0 0 0 0 0
3103 28 0 0 0 0 0 0 0
0 0 0 0 0 0 0 0 0
3957 72 0 0 0 0 0 0 0
2314 52 0 0 0 0 0 0 0
0 0 0 0 0 0 0 0 0
5726 611 0 0 0 0 0 0 0
0 0 0 0 0 0 0 0 0
1770 71 0 0 0 0 0 0 0
3451 482 0 0 0 0 0 0 0
1264 216 0 0 0 0 0 0 0
2846 326 0 0 0 0 0 0 0
0 0 0 0 0 0 0 0 0
2524 767 0 0 0 0 0 0 0
5314 1274 0 0 0 0 0 0 0
3619 663 0 0 0 0 0 0 0
5831 2848 0 0 0 0 0 0 0
0 0 0 0 0 0 0 0 0
2661 2811 0 0 0 0 0 0 0
6168 10764 0 0 0 0 0 0 0
4055 7264 0 0 0 0 0 0 0
7626 13012 0 0 0 0 0 0 0
0 0 0 0 0 0 0 0 0
2628 8934 0 0 0 0 0 0 0
6234 9994 0 0 0 0 0 0 0
3685 6375 0 0 0 0 0 0 0
9499 21241 0 0 0 0 0 0 0
0 0 0 0 0 0 0 0 0
3860 10881 0 0 0 0 0 0 0
2950 6859 0 0 0 0 0 0 0
7871 11989 0 0 0 0 0 0 0
4827 16360 0 0 0 0 0 0 0
0 0 0 0 0 0 0 0 0
4917 11179 0 0 0 0 0 0 0
1947 2961 0 0 0 0 0 0 0
14760 21764 0 0 0 0 0 0 0
2962 7419 0 0 0 0 0 0 0
0 0 0 0 0 0 0 0 0
8893 13368 0 0 0 0 0 0 0
4037 10077 0 0 0 0 0 0 0
0 0 0 0 0 0 0 0 0
12663 26904 0 0 0 0 0 0 0
0 0 0 0 0 0 0 0 0
6750 10850 0 0 0 0 0 0 0
6101 11093 0 0 0 0 0 0 0
4477 6495 0 0 0 0 0 0 0
8139 15454 0 0 0 0 0 0 0
0 0 0 0 0 0 0 0 0
1168 2786 0 0 0 0 0 0 0
5082 10234 0 0 0 0 0 0 0
0 0 0 0 0 0 0 0 0
5852 8827 0 0 0 0 0 0 0
0 0 0 0 0 0 0 0 0
687 2135 0 0 0 0 0 0 0
604 1479 0 0 0 0 0 0 0
3635 8230 0 0 0 0 0 0 0
5237 4391 0 0 0 0 0 0 0
0 0 0 0 0 0 0 0 0
3027 2672 0 0 0 0 0 0 0
1628 236 0 0 0 0 0 0 0
1481 1861 0 0 0 0 0 0 0
2948 1468 0 0 0 0 0 0 0
0 0 0 0 0 0 0 0 0
877 291 0 0 0 0 0 0 0
918 277 0 0 0 0 0 0 0
1267 155 0 0 0 0 0 0 0
4369 4507 0 0 0 0 0 0 0
0 0 0 0 0 0 0 0 0
2308 682 0 0 0 0 0 0 0
2289 1931 0 0 0 0 0 0 0
1989 314 0 0 0 0 0 0 0
4607 4001 0 0 0 0 0 0 0
0 0 0 0 0 0 0 0 0
3689 2441 0 0 0 0 0 0 0
1327 110 0 0 0 0 0 0 0
