0 0 0 0 0 0 0 0 0
154 223 0 0 0 0 0 0 0
97 197 0 0 0 0 0 0 0
76 932 0 0 0 0 0 0 0
0 193 0 0 0 0 0 0 0
0 129 0 0 0 0 0 0 0
0 0 0 0 0 0 0 0 0
24 116 0 0 0 0 0 0 0
28 115 0 0 0 0 0 0 0
98 169 0 0 0 0 0 0 0
8 8 0 0 0 0 0 0 0
0 0 0 0 0 0 0 0 0
0 0 0 0 0 0 0 0 0
53 47 0 0 0 0 0 0 0
81 3 0 0 0 0 0 0 0
439 82 0 0 0 0 0 0 0
242 32 0 0 0 0 0 0 0
235 61 0 0 0 0 0 0 0
0 0 0 0 0 0 0 0 0
154 30 0 0 0 0 0 0 0
62 37 0 0 0 0 0 0 0
49 53 0 0 0 0 0 0 0
523 64 0 0 0 0 0 0 0
283 20 0 0 0 0 0 0 0
0 0 0 0 0 0 0 0 0
295 2 0 0 0 0 0 0 0
391 0 0 0 0 0 0 0 0
468 0 0 0 0 0 0 0 0
962 26 0 0 0 0 0 0 0
636 17 0 0 0 0 0 0 0
0 0 0 0 0 0 0 0 0
687 27 0 0 0 0 0 0 0
744 0 0 0 0 0 0 0 0
1135 52 0 0 0 0 0 0 0
517 16 0 0 0 0 0 0 0
468 31 0 0 0 0 0 0 0
0 0 0 0 0 0 0 0 0
418 14 0 0 0 0 0 0 0
348 1 0 0 0 0 0 0 0
490 75 0 0 0 0 0 0 0
119 7 0 0 0 0 0 0 0
62 0 0 0 0 0 0 0 0
0 0 0 0 0 0 0 0 0
0 0 0 0 0 0 0 0 0
319 99 0 0 0 0 0 0 0
10 42 0 0 0 0 0 0 0
0 0 0 0 0 0 0 0 0
19 1 0 0 0 0 0 0 0
0 0 0 0 0 0 0 0 0
32 0 0 0 0 0 0 0 0
25 0 0 0 0 0 0 0 0
77 22 0 0 0 0 0 0 0
370 83 0 0 0 0 0 0 0
70 75 0 0 0 0 0 0 0
0 0 0 0 0 0 0 0 0
85 3 0 0 0 0 0 0 0
86 0 0 0 0 0 0 0 0
66 0 0 0 0 0 0 0 0
237 31 0 0 0 0 0 0 0
4 2 0 0 0 0 0 0 0
0 0 0 0 0 0 0 0 0
23 0 0 0 0 0 0 0 0
35 0 0 0 0 0 0 0 0
280 5 0 0 0 0 0 0 0
0 0 0 0 0 0 0 0 0
512 58 0 0 0 0 0 0 0
0 0 0 0 0 0 0 0 0
124 16 0 0 0 0 0 0 0
244 16 0 0 0 0 0 0 0
212 14 0 0 0 0 0 0 0
630 75 0 0 0 0 0 0 0
279 11 0 0 0 0 0 0 0
0 0 0 0 0 0 0 0 0
313 0 0 0 0 0 0 0 0
305 36 0 0 0 0 0 0 0
274 0 0 0 0 0 0 0 0
532 16 0 0 0 0 0 0 0
93 0 0 0 0 0 0 0 0
0 0 0 0 0 0 0 0 0
47 0 0 0 0 0 0 0 0
0 0 0 0 0 0 0 0 0
207 153 0 0 0 0 0 0 0
0 42 0 0 0 0 0 0 0
0 39 0 0 0 0 0 0 0
0 0 0 0 0 0 0 0 0
0 4 0 0 0 0 0 0 0
0 9 0 0 0 0 0 0 0
0 17 0 0 0 0 0 0 0
0 0 0 0 0 0 0 0 0
0 0 0 0 0 0 0 0 0
0 0 0 0 0 0 0 0 0
0 38 0 0 0 0 0 0 0
0 22 0 0 0 0 0 0 0
83 22 0 0 0 0 0 0 0
13 0 0 0 0 0 0 0 0
11 16 0 0 0 0 0 0 0
0 0 0 0 0 0 0 0 0
32 36 0 0 0 0 0 0 0
50 40 0 0 0 0 0 0 0
342 60 0 0 0 0 0 0 0
0 0 0 0 0 0 0 0 0
391 179 0 0 0 0 0 0 0
0 0 0 0 0 0 0 0 0
110 33 0 0 0 0 0 0 0
567 109 0 0 0 0 0 0 0
174 15 0 0 0 0 0 0 0
223 6 0 0 0 0 0 0 0
215 93 0 0 0 0 0 0 0
0 0 0 0 0 0 0 0 0
192 132 0 0 0 0 0 0 0
165 100 0 0 0 0 0 0 0
466 263 0 0 0 0 0 0 0
189 76 0 0 0 0 0 0 0
144 47 0 0 0 0 0 0 0
0 0 0 0 0 0 0 0 0
159 46 0 0 0 0 0 0 0
118 56 0 0 0 0 0 0 0
486 118 0 0 0 0 0 0 0
118 46 0 0 0 0 0 0 0
0 0 0 0 0 0 0 0 0
0 0 0 0 0 0 0 0 0
477 96 0 0 0 0 0 0 0
174 13 0 0 0 0 0 0 0
495 476 0 0 0 0 0 0 0
85 264 0 0 0 0 0 0 0
77 254 0 0 0 0 0 0 0
0 0 0 0 0 0 0 0 0
103 302 0 0 0 0 0 0 0
50 421 0 0 0 0 0 0 0
475 1356 0 0 0 0 0 0 0
115 906 0 0 0 0 0 0 0
86 1074 0 0 0 0 0 0 0
0 0 0 0 0 0 0 0 0
0 0 0 0 0 0 0 0 0
443 2140 0 0 0 0 0 0 0
63 1331 0 0 0 0 0 0 0
610 2034 0 0 0 0 0 0 0
0 0 0 0 0 0 0 0 0
0 0 0 0 0 0 0 0 0
650 1468 0 0 0 0 0 0 0
281 701 0 0 0 0 0 0 0
746 1155 0 0 0 0 0 0 0
289 250 0 0 0 0 0 0 0
236 45 0 0 0 0 0 0 0
0 0 0 0 0 0 0 0 0
261 7 0 0 0 0 0 0 0
0 0 0 0 0 0 0 0 0
601 272 0 0 0 0 0 0 0
517 406 0 0 0 0 0 0 0
140 120 0 0 0 0 0 0 0
0 0 0 0 0 0 0 0 0
72 96 0 0 0 0 0 0 0
113 52 0 0 0 0 0 0 0
223 83 0 0 0 0 0 0 0
0 0 0 0 0 0 0 0 0
0 0 0 0 0 0 0 0 0
0 0 0 0 0 0 0 0 0
0 0 0 0 0 0 0 0 0
200 2 0 0 0 0 0 0 0
227 3 0 0 0 0 0 0 0
165 0 0 0 0 0 0 0 0
193 0 0 0 0 0 0 0 0
0 0 0 0 0 0 0 0 0
172 0 0 0 0 0 0 0 0
166 0 0 0 0 0 0 0 0
244 0 0 0 0 0 0 0 0
0 0 0 0 0 0 0 0 0
128 16 0 0 0 0 0 0 0
0 0 0 0 0 0 0 0 0
4 0 0 0 0 0 0 0 0
3 0 0 0 0 0 0 0 0
0 0 0 0 0 0 0 0 0
0 0 0 0 0 0 0 0 0
0 0 0 0 0 0 0 0 0
0 0 0 0 0 0 0 0 0
0 0 0 0 0 0 0 0 0
0 0 0 0 0 0 0 0 0
72 0 0 0 0 0 0 0 0
270 0 0 0 0 0 0 0 0
411 0 0 0 0 0 0 0 0
0 0 0 0 0 0 0 0 0
411 0 0 0 0 0 0 0 0
149 0 0 0 0 0 0 0 0
364 0 0 0 0 0 0 0 0
246 0 0 0 0 0 0 0 0
245 0 0 0 0 0 0 0 0
0 0 0 0 0 0 0 0 0
0 0 0 0 0 0 0 0 0
506 2 0 0 0 0 0 0 0
78 0 0 0 0 0 0 0 0
154 0 0 0 0 0 0 0 0
136 0 0 0 0 0 0 0 0
0 0 0 0 0 0 0 0 0
65 4 0 0 0 0 0 0 0
44 12 0 0 0 0 0 0 0
186 175 0 0 0 0 0 0 0
104 69 0 0 0 0 0 0 0
213 48 0 0 0 0 0 0 0
0 0 0 0 0 0 0 0 0
245 67 0 0 0 0 0 0 0
250 50 0 0 0 0 0 0 0
562 220 0 0 0 0 0 0 0
120 62 0 0 0 0 0 0 0
95 14 0 0 0 0 0 0 0
0 0 0 0 0 0 0 0 0
56 0 0 0 0 0 0 0 0
28 5 0 0 0 0 0 0 0
128 77 0 0 0 0 0 0 0
82 68 0 0 0 0 0 0 0
135 123 0 0 0 0 0 0 0
0 0 0 0 0 0 0 0 0
144 87 0 0 0 0 0 0 0
108 26 0 0 0 0 0 0 0
85 4 0 0 0 0 0 0 0
67 289 0 0 0 0 0 0 0
39 274 0 0 0 0 0 0 0
0 0 0 0 0 0 0 0 0
0 0 0 0 0 0 0 0 0
138 423 0 0 0 0 0 0 0
109 619 0 0 0 0 0 0 0
148 524 0 0 0 0 0 0 0
154 556 0 0 0 0 0 0 0
0 0 0 0 0 0 0 0 0
60 534 0 0 0 0 0 0 0
169 412 0 0 0 0 0 0 0
581 718 0 0 0 0 0 0 0
370 50 0 0 0 0 0 0 0
0 0 0 0 0 0 0 0 0
0 0 0 0 0 0 0 0 0
929 268 0 0 0 0 0 0 0
1076 108 0 0 0 0 0 0 0
0 0 0 0 0 0 0 0 0
1158 289 0 0 0 0 0 0 0
460 32 0 0 0 0 0 0 0
0 0 0 0 0 0 0 0 0
379 42 0 0 0 0 0 0 0
282 83 0 0 0 0 0 0 0
433 455 0 0 0 0 0 0 0
17 125 0 0 0 0 0 0 0
18 114 0 0 0 0 0 0 0
0 0 0 0 0 0 0 0 0
3 104 0 0 0 0 0 0 0
11 81 0 0 0 0 0 0 0
17 262 0 0 0 0 0 0 0
0 125 0 0 0 0 0 0 0
0 102 0 0 0 0 0 0 0
0 0 0 0 0 0 0 0 0
0 0 0 0 0 0 0 0 0
242 584 0 0 0 0 0 0 0
0 106 0 0 0 0 0 0 0
0 80 0 0 0 0 0 0 0
0 52 0 0 0 0 0 0 0
0 0 0 0 0 0 0 0 0
0 121 0 0 0 0 0 0 0
0 162 0 0 0 0 0 0 0
6 291 0 0 0 0 0 0 0
0 0 0 0 0 0 0 0 0
18 336 0 0 0 0 0 0 0
0 0 0 0 0 0 0 0 0
25 83 0 0 0 0 0 0 0
240 247 0 0 0 0 0 0 0
247 5 0 0 0 0 0 0 0
391 0 0 0 0 0 0 0 0
383 0 0 0 0 0 0 0 0
0 0 0 0 0 0 0 0 0
227 14 0 0 0 0 0 0 0
176 10 0 0 0 0 0 0 0
395 121 0 0 0 0 0 0 0
0 0 0 0 0 0 0 0 0
434 165 0 0 0 0 0 0 0
0 0 0 0 0 0 0 0 0
135 26 0 0 0 0 0 0 0
99 80 0 0 0 0 0 0 0
565 148 0 0 0 0 0 0 0
284 95 0 0 0 0 0 0 0
208 69 0 0 0 0 0 0 0
0 0 0 0 0 0 0 0 0
0 0 0 0 0 0 0 0 0
546 301 0 0 0 0 0 0 0
755 423 0 0 0 0 0 0 0
91 206 0 0 0 0 0 0 0
87 162 0 0 0 0 0 0 0
0 0 0 0 0 0 0 0 0
70 57 0 0 0 0 0 0 0
63 1 0 0 0 0 0 0 0
132 132 0 0 0 0 0 0 0
0 0 0 0 0 0 0 0 0
194 367 0 0 0 0 0 0 0
0 0 0 0 0 0 0 0 0
132 43 0 0 0 0 0 0 0
291 66 0 0 0 0 0 0 0
0 0 0 0 0 0 0 0 0
243 33 0 0 0 0 0 0 0
54 12 0 0 0 0 0 0 0
0 0 0 0 0 0 0 0 0
48 10 0 0 0 0 0 0 0
0 0 0 0 0 0 0 0 0
445 265 0 0 0 0 0 0 0
57 102 0 0 0 0 0 0 0
21 126 0 0 0 0 0 0 0
0 0 0 0 0 0 0 0 0
0 74 0 0 0 0 0 0 0
22 0 0 0 0 0 0 0 0
25 12 0 0 0 0 0 0 0
8 0 0 0 0 0 0 0 0
0 0 0 0 0 0 0 0 0
0 0 0 0 0 0 0 0 0
0 0 0 0 0 0 0 0 0
45 0 0 0 0 0 0 0 0
15 0 0 0 0 0 0 0 0
0 0 0 0 0 0 0 0 0
3 0 0 0 0 0 0 0 0
0 0 0 0 0 0 0 0 0
25 0 0 0 0 0 0 0 0
202 6 0 0 0 0 0 0 0
0 0 0 0 0 0 0 0 0
246 0 0 0 0 0 0 0 0
102 0 0 0 0 0 0 0 0
0 0 0 0 0 0 0 0 0
102 0 0 0 0 0 0 0 0
96 0 0 0 0 0 0 0 0
250 0 0 0 0 0 0 0 0
140 0 0 0 0 0 0 0 0
253 0 0 0 0 0 0 0 0
0 0 0 0 0 0 0 0 0
310 0 0 0 0 0 0 0 0
370 1 0 0 0 0 0 0 0
31 0 0 0 0 0 0 0 0
46 0 0 0 0 0 0 0 0
48 0 0 0 0 0 0 0 0
0 0 0 0 0 0 0 0 0
73 0 0 0 0 0 0 0 0
188 0 0 0 0 0 0 0 0
495 0 0 0 0 0 0 0 0
342 0 0 0 0 0 0 0 0
319 0 0 0 0 0 0 0 0
0 0 0 0 0 0 0 0 0
0 0 0 0 0 0 0 0 0
1039 0 0 0 0 0 0 0 0
317 0 0 0 0 0 0 0 0
0 0 0 0 0 0 0 0 0
865 0 0 0 0 0 0 0 0
0 0 0 0 0 0 0 0 0
312 0 0 0 0 0 0 0 0
174 0 0 0 0 0 0 0 0
314 0 0 0 0 0 0 0 0
45 0 0 0 0 0 0 0 0
15 0 0 0 0 0 0 0 0
0 0 0 0 0 0 0 0 0
0 0 0 0 0 0 0 0 0
23 0 0 0 0 0 0 0 0
0 0 0 0 0 0 0 0 0
11 0 0 0 0 0 0 0 0
33 0 0 0 0 0 0 0 0
0 0 0 0 0 0 0 0 0
44 0 0 0 0 0 0 0 0
81 0 0 0 0 0 0 0 0
246 0 0 0 0 0 0 0 0
36 0 0 0 0 0 0 0 0
0 0 0 0 0 0 0 0 0
0 0 0 0 0 0 0 0 0
102 0 0 0 0 0 0 0 0
67 0 0 0 0 0 0 0 0
111 0 0 0 0 0 0 0 0
13 0 0 0 0 0 0 0 0
0 0 0 0 0 0 0 0 0
0 0 0 0 0 0 0 0 0
0 0 0 0 0 0 0 0 0
5 0 0 0 0 0 0 0 0
0 0 0 0 0 0 0 0 0
25 0 0 0 0 0 0 0 0
0 0 0 0 0 0 0 0 0
0 0 0 0 0 0 0 0 0
2 0 0 0 0 0 0 0 0
13 0 0 0 0 0 0 0 0
24 0 0 0 0 0 0 0 0
0 0 0 0 0 0 0 0 0
6 0 0 0 0 0 0 0 0
0 0 0 0 0 0 0 0 0
0 0 0 0 0 0 0 0 0
0 0 0 0 0 0 0 0 0
0 0 0 0 0 0 0 0 0
0 0 0 0 0 0 0 0 0
0 0 0 0 0 0 0 0 0
0 0 0 0 0 0 0 0 0
3 0 0 0 0 0 0 0 0
49 0 0 0 0 0 0 0 0
0 0 0 0 0 0 0 0 0
0 0 0 0 0 0 0 0 0
0 0 0 0 0 0 0 0 0
0 0 0 0 0 0 0 0 0
25 0 0 0 0 0 0 0 0
0 0 0 0 0 0 0 0 0
37 0 0 0 0 0 0 0 0
1 0 0 0 0 0 0 0 0
1 0 0 0 0 0 0 0 0
0 0 0 0 0 0 0 0 0
2 0 0 0 0 0 0 0 0
70 0 0 0 0 0 0 0 0
0 0 0 0 0 0 0 0 0
0 0 0 0 0 0 0 0 0
0 0 0 0 0 0 0 0 0
0 0 0 0 0 0 0 0 0
8 0 0 0 0 0 0 0 0
25 0 0 0 0 0 0 0 0
113 0 0 0 0 0 0 0 0
29 0 0 0 0 0 0 0 0
0 0 0 0 0 0 0 0 0
0 0 0 0 0 0 0 0 0
20 0 0 0 0 0 0 0 0
28 0 0 0 0 0 0 0 0
80 0 0 0 0 0 0 0 0
0 0 0 0 0 0 0 0 0
0 0 0 0 0 0 0 0 0
0 0 0 0 0 0 0 0 0
11 0 0 0 0 0 0 0 0
1 0 0 0 0 0 0 0 0
3 0 0 0 0 0 0 0 0
0 0 0 0 0 0 0 0 0
0 0 0 0 0 0 0 0 0
0 0 0 0 0 0 0 0 0
0 0 0 0 0 0 0 0 0
22 1 0 0 0 0 0 0 0
0 0 0 0 0 0 0 0 0
0 0 0 0 0 0 0 0 0
0 0 0 0 0 0 0 0 0
0 0 0 0 0 0 0 0 0
5 0 0 0 0 0 0 0 0
40 0 0 0 0 0 0 0 0
12 0 0 0 0 0 0 0 0
0 0 0 0 0 0 0 0 0
66 0 0 0 0 0 0 0 0
0 0 0 0 0 0 0 0 0
30 0 0 0 0 0 0 0 0
39 0 0 0 0 0 0 0 0
60 0 0 0 0 0 0 0 0
8 0 0 0 0 0 0 0 0
11 0 0 0 0 0 0 0 0
0 0 0 0 0 0 0 0 0
0 0 0 0 0 0 0 0 0
5 0 0 0 0 0 0 0 0
0 0 0 0 0 0 0 0 0
0 0 0 0 0 0 0 0 0
0 0 0 0 0 0 0 0 0
0 0 0 0 0 0 0 0 0
3 0 0 0 0 0 0 0 0
92 0 0 0 0 0 0 0 0
0 0 0 0 0 0 0 0 0
0 0 0 0 0 0 0 0 0
0 0 0 0 0 0 0 0 0
0 0 0 0 0 0 0 0 0
0 0 0 0 0 0 0 0 0
0 0 0 0 0 0 0 0 0
37 0 0 0 0 0 0 0 0
0 0 0 0 0 0 0 0 0
0 0 0 0 0 0 0 0 0
0 0 0 0 0 0 0 0 0
35 0 0 0 0 0 0 0 0
405 0 0 0 0 0 0 0 0
0 0 0 0 0 0 0 0 0
189 16 0 0 0 0 0 0 0
43 0 0 0 0 0 0 0 0
0 0 0 0 0 0 0 0 0
5 1 0 0 0 0 0 0 0
4 34 0 0 0 0 0 0 0
0 0 0 0 0 0 0 0 0
2 0 0 0 0 0 0 0 0
18 0 0 0 0 0 0 0 0
0 0 0 0 0 0 0 0 0
1 0 0 0 0 0 0 0 0
10 308 0 0 0 0 0 0 0
8 0 0 0 0 0 0 0 0
0 0 0 0 0 0 0 0 0
86 0 0 0 0 0 0 0 0
0 0 0 0 0 0 0 0 0
0 0 0 0 0 0 0 0 0
8 0 0 0 0 0 0 0 0
87 0 0 0 0 0 0 0 0
24 0 0 0 0 0 0 0 0
40 0 0 0 0 0 0 0 0
0 0 0 0 0 0 0 0 0
0 0 0 0 0 0 0 0 0
378 0 0 0 0 0 0 0 0
88 0 0 0 0 0 0 0 0
92 0 0 0 0 0 0 0 0
47 0 0 0 0 0 0 0 0
0 0 0 0 0 0 0 0 0
39 0 0 0 0 0 0 0 0
53 0 0 0 0 0 0 0 0
209 0 0 0 0 0 0 0 0
0 0 0 0 0 0 0 0 0
393 0 0 0 0 0 0 0 0
0 0 0 0 0 0 0 0 0
218 0 0 0 0 0 0 0 0
174 0 0 0 0 0 0 0 0
52 0 0 0 0 0 0 0 0
96 0 0 0 0 0 0 0 0
103 0 0 0 0 0 0 0 0
0 0 0 0 0 0 0 0 0
128 0 0 0 0 0 0 0 0
386 0 0 0 0 0 0 0 0
44 0 0 0 0 0 0 0 0
88 2 0 0 0 0 0 0 0
63 12 0 0 0 0 0 0 0
0 0 0 0 0 0 0 0 0
36 17 0 0 0 0 0 0 0
23 0 0 0 0 0 0 0 0
466 0 0 0 0 0 0 0 0
299 0 0 0 0 0 0 0 0
0 0 0 0 0 0 0 0 0
0 0 0 0 0 0 0 0 0
884 17 0 0 0 0 0 0 0
1179 3 0 0 0 0 0 0 0
736 0 0 0 0 0 0 0 0
728 0 0 0 0 0 0 0 0
729 0 0 0 0 0 0 0 0
0 0 0 0 0 0 0 0 0
679 0 0 0 0 0 0 0 0
1344 0 0 0 0 0 0 0 0
0 0 0 0 0 0 0 0 0
1455 1 0 0 0 0 0 0 0
716 0 0 0 0 0 0 0 0
0 0 0 0 0 0 0 0 0
619 0 0 0 0 0 0 0 0
935 0 0 0 0 0 0 0 0
398 0 0 0 0 0 0 0 0
296 0 0 0 0 0 0 0 0
181 0 0 0 0 0 0 0 0
0 0 0 0 0 0 0 0 0
0 0 0 0 0 0 0 0 0
264 0 0 0 0 0 0 0 0
54 0 0 0 0 0 0 0 0
62 0 0 0 0 0 0 0 0
123 0 0 0 0 0 0 0 0
0 0 0 0 0 0 0 0 0
187 0 0 0 0 0 0 0 0
655 0 0 0 0 0 0 0 0
356 0 0 0 0 0 0 0 0
407 0 0 0 0 0 0 0 0
466 0 0 0 0 0 0 0 0
0 0 0 0 0 0 0 0 0
0 0 0 0 0 0 0 0 0
1006 1 0 0 0 0 0 0 0
1162 0 0 0 0 0 0 0 0
656 0 0 0 0 0 0 0 0
0 0 0 0 0 0 0 0 0
0 0 0 0 0 0 0 0 0
1253 0 0 0 0 0 0 0 0
1077 0 0 0 0 0 0 0 0
491 0 0 0 0 0 0 0 0
416 0 0 0 0 0 0 0 0
348 0 0 0 0 0 0 0 0
0 0 0 0 0 0 0 0 0
258 0 0 0 0 0 0 0 0
571 0 0 0 0 0 0 0 0
4 0 0 0 0 0 0 0 0
0 0 0 0 0 0 0 0 0
199 0 0 0 0 0 0 0 0
0 0 0 0 0 0 0 0 0
5 0 0 0 0 0 0 0 0
50 0 0 0 0 0 0 0 0
5 0 0 0 0 0 0 0 0
12 0 0 0 0 0 0 0 0
1 0 0 0 0 0 0 0 0
0 0 0 0 0 0 0 0 0
0 0 0 0 0 0 0 0 0
23 0 0 0 0 0 0 0 0
34 0 0 0 0 0 0 0 0
6 0 0 0 0 0 0 0 0
4 0 0 0 0 0 0 0 0
0 0 0 0 0 0 0 0 0
0 0 0 0 0 0 0 0 0
11 0 0 0 0 0 0 0 0
63 2 0 0 0 0 0 0 0
0 0 0 0 0 0 0 0 0
2 0 0 0 0 0 0 0 0
0 0 0 0 0 0 0 0 0
0 0 0 0 0 0 0 0 0
107 0 0 0 0 0 0 0 0
0 0 0 0 0 0 0 0 0
58 0 0 0 0 0 0 0 0
66 0 0 0 0 0 0 0 0
0 0 0 0 0 0 0 0 0
69 0 0 0 0 0 0 0 0
33 0 0 0 0 0 0 0 0
107 0 0 0 0 0 0 0 0
0 0 0 0 0 0 0 0 0
300 0 0 0 0 0 0 0 0
0 0 0 0 0 0 0 0 0
73 0 0 0 0 0 0 0 0
215 0 0 0 0 0 0 0 0
7 0 0 0 0 0 0 0 0
6 0 0 0 0 0 0 0 0
0 0 0 0 0 0 0 0 0
0 0 0 0 0 0 0 0 0
0 0 0 0 0 0 0 0 0
0 0 0 0 0 0 0 0 0
5 0 0 0 0 0 0 0 0
0 0 0 0 0 0 0 0 0
0 0 0 0 0 0 0 0 0
0 0 0 0 0 0 0 0 0
72 1 0 0 0 0 0 0 0
0 0 0 0 0 0 0 0 0
63 0 0 0 0 0 0 0 0
35 0 0 0 0 0 0 0 0
55 0 0 0 0 0 0 0 0
0 0 0 0 0 0 0 0 0
56 0 0 0 0 0 0 0 0
23 0 0 0 0 0 0 0 0
1384 661 0 0 0 0 0 0 0
75 179 0 0 0 0 0 0 0
3 0 0 0 0 0 0 0 0
10 0 0 0 0 0 0 0 0
0 0 0 0 0 0 0 0 0
0 0 0 0 0 0 0 0 0
0 0 0 0 0 0 0 0 0
93 0 0 0 0 0 0 0 0
30 0 0 0 0 0 0 0 0
27 0 0 0 0 0 0 0 0
51 0 0 0 0 0 0 0 0
0 0 0 0 0 0 0 0 0
223 0 0 0 0 0 0 0 0
25 0 0 0 0 0 0 0 0
0 0 0 0 0 0 0 0 0
117 6 0 0 0 0 0 0 0
24 0 0 0 0 0 0 0 0
0 0 0 0 0 0 0 0 0
22 0 0 0 0 0 0 0 0
61 0 0 0 0 0 0 0 0
11692 35656 0 0 0 0 0 0 0
0 0 0 0 0 0 0 0 0
184 20 0 0 0 0 0 0 0
332 38 0 0 0 0 0 0 0
67 0 0 0 0 0 0 0 0
73 0 0 0 0 0 0 0 0
122 0 0 0 0 0 0 0 0
0 0 0 0 0 0 0 0 0
142 0 0 0 0 0 0 0 0
385 0 0 0 0 0 0 0 0
129 3 0 0 0 0 0 0 0
119 14 0 0 0 0 0 0 0
64 6 0 0 0 0 0 0 0
0 0 0 0 0 0 0 0 0
71 0 0 0 0 0 0 0 0
0 0 0 0 0 0 0 0 0
44 44 0 0 0 0 0 0 0
0 0 0 0 0 0 0 0 0
149 92 0 0 0 0 0 0 0
0 0 0 0 0 0 0 0 0
179 2 0 0 0 0 0 0 0
863 0 0 0 0 0 0 0 0
0 0 0 0 0 0 0 0 0
1202 32 0 0 0 0 0 0 0
673 7 0 0 0 0 0 0 0
0 0 0 0 0 0 0 0 0
751 0 0 0 0 0 0 0 0
1472 0 0 0 0 0 0 0 0
921 0 0 0 0 0 0 0 0
901 0 0 0 0 0 0 0 0
916 0 0 0 0 0 0 0 0
0 0 0 0 0 0 0 0 0
792 0 0 0 0 0 0 0 0
0 0 0 0 0 0 0 0 0
1416 0 0 0 0 0 0 0 0
458 0 0 0 0 0 0 0 0
357 1 0 0 0 0 0 0 0
0 0 0 0 0 0 0 0 0
350 4 0 0 0 0 0 0 0
381 5 0 0 0 0 0 0 0
0 0 0 0 0 0 0 0 0
0 0 0 0 0 0 0 0 0
0 0 0 0 0 0 0 0 0
0 0 0 0 0 0 0 0 0
48 0 0 0 0 0 0 0 0
121 0 0 0 0 0 0 0 0
529 0 0 0 0 0 0 0 0
268 0 0 0 0 0 0 0 0
296 0 0 0 0 0 0 0 0
0 0 0 0 0 0 0 0 0
642 0 0 0 0 0 0 0 0
349 0 0 0 0 0 0 0 0
350 0 0 0 0 0 0 0 0
304 0 0 0 0 0 0 0 0
282 0 0 0 0 0 0 0 0
0 0 0 0 0 0 0 0 0
0 0 0 0 0 0 0 0 0
793 0 0 0 0 0 0 0 0
23 0 0 0 0 0 0 0 0
32 0 0 0 0 0 0 0 0
37 0 0 0 0 0 0 0 0
0 0 0 0 0 0 0 0 0
105 0 0 0 0 0 0 0 0
0 0 0 0 0 0 0 0 0
81 0 0 0 0 0 0 0 0
26 0 0 0 0 0 0 0 0
24 0 0 0 0 0 0 0 0
0 0 0 0 0 0 0 0 0
31 0 0 0 0 0 0 0 0
101 0 0 0 0 0 0 0 0
46 0 0 0 0 0 0 0 0
50 0 0 0 0 0 0 0 0
55 0 0 0 0 0 0 0 0
0 0 0 0 0 0 0 0 0
106 0 0 0 0 0 0 0 0
10 0 0 0 0 0 0 0 0
5 0 0 0 0 0 0 0 0
14 0 0 0 0 0 0 0 0
18 0 0 0 0 0 0 0 0
0 0 0 0 0 0 0 0 0
31 0 0 0 0 0 0 0 0
117 0 0 0 0 0 0 0 0
42 0 0 0 0 0 0 0 0
14 0 0 0 0 0 0 0 0
34 0 0 0 0 0 0 0 0
0 0 0 0 0 0 0 0 0
118 0 0 0 0 0 0 0 0
58 0 0 0 0 0 0 0 0
66 0 0 0 0 0 0 0 0
0 0 0 0 0 0 0 0 0
238 0 0 0 0 0 0 0 0
0 0 0 0 0 0 0 0 0
100 0 0 0 0 0 0 0 0
279 0 0 0 0 0 0 0 0
84 0 0 0 0 0 0 0 0
0 0 0 0 0 0 0 0 0
0 0 0 0 0 0 0 0 0
0 0 0 0 0 0 0 0 0
333 0 0 0 0 0 0 0 0
0 0 0 0 0 0 0 0 0
356 0 0 0 0 0 0 0 0
64 0 0 0 0 0 0 0 0
87 0 0 0 0 0 0 0 0
0 0 0 0 0 0 0 0 0
138 0 0 0 0 0 0 0 0
466 0 0 0 0 0 0 0 0
177 0 0 0 0 0 0 0 0
162 0 0 0 0 0 0 0 0
58 0 0 0 0 0 0 0 0
0 0 0 0 0 0 0 0 0
84 0 0 0 0 0 0 0 0
331 0 0 0 0 0 0 0 0
165 0 0 0 0 0 0 0 0
228 0 0 0 0 0 0 0 0
245 0 0 0 0 0 0 0 0
0 0 0 0 0 0 0 0 0
483 22 0 0 0 0 0 0 0
0 0 0 0 0 0 0 0 0
494 21 0 0 0 0 0 0 0
317 0 0 0 0 0 0 0 0
0 0 0 0 0 0 0 0 0
0 0 0 0 0 0 0 0 0
520 103 0 0 0 0 0 0 0
558 193 0 0 0 0 0 0 0
213 16 0 0 0 0 0 0 0
162 17 0 0 0 0 0 0 0
189 85 0 0 0 0 0 0 0
0 0 0 0 0 0 0 0 0
253 173 0 0 0 0 0 0 0
582 564 0 0 0 0 0 0 0
297 129 0 0 0 0 0 0 0
0 0 0 0 0 0 0 0 0
505 220 0 0 0 0 0 0 0
0 0 0 0 0 0 0 0 0
425 486 0 0 0 0 0 0 0
163 353 0 0 0 0 0 0 0
164 563 0 0 0 0 0 0 0
188 1179 0 0 0 0 0 0 0
170 1508 0 0 0 0 0 0 0
0 0 0 0 0 0 0 0 0
159 1865 0 0 0 0 0 0 0
339 3816 0 0 0 0 0 0 0
220 2191 0 0 0 0 0 0 0
312 2346 0 0 0 0 0 0 0
389 2438 0 0 0 0 0 0 0
0 0 0 0 0 0 0 0 0
356 2593 0 0 0 0 0 0 0
488 4479 0 0 0 0 0 0 0
295 2085 0 0 0 0 0 0 0
295 1743 0 0 0 0 0 0 0
294 1600 0 0 0 0 0 0 0
0 0 0 0 0 0 0 0 0
442 2384 0 0 0 0 0 0 0
0 0 0 0 0 0 0 0 0
375 1599 0 0 0 0 0 0 0
220 593 0 0 0 0 0 0 0
0 0 0 0 0 0 0 0 0
0 0 0 0 0 0 0 0 0
282 1043 0 0 0 0 0 0 0
91 704 0 0 0 0 0 0 0
3 284 0 0 0 0 0 0 0
17860 41262 0 0 0 0 0 0 0
69 0 0 0 0 0 0 0 0
0 0 0 0 0 0 0 0 0
0 0 0 0 0 0 0 0 0
92 0 0 0 0 0 0 0 0
0 0 0 0 0 0 0 0 0
17 0 0 0 0 0 0 0 0
22 0 0 0 0 0 0 0 0
0 0 0 0 0 0 0 0 0
0 0 0 0 0 0 0 0 0
0 0 0 0 0 0 0 0 0
0 0 0 0 0 0 0 0 0
0 0 0 0 0 0 0 0 0
8 0 0 0 0 0 0 0 0
0 0 0 0 0 0 0 0 0
0 0 0 0 0 0 0 0 0
0 0 0 0 0 0 0 0 0
0 0 0 0 0 0 0 0 0
0 0 0 0 0 0 0 0 0
0 0 0 0 0 0 0 0 0
0 0 0 0 0 0 0 0 0
0 0 0 0 0 0 0 0 0
0 0 0 0 0 0 0 0 0
0 0 0 0 0 0 0 0 0
0 0 0 0 0 0 0 0 0
0 0 0 0 0 0 0 0 0
0 0 0 0 0 0 0 0 0
2 0 0 0 0 0 0 0 0
0 3 0 0 0 0 0 0 0
0 0 0 0 0 0 0 0 0
5 0 0 0 0 0 0 0 0
6 19 0 0 0 0 0 0 0
0 0 0 0 0 0 0 0 0
0 0 0 0 0 0 0 0 0
20 0 0 0 0 0 0 0 0
0 0 0 0 0 0 0 0 0
0 3 0 0 0 0 0 0 0
0 0 0 0 0 0 0 0 0
0 0 0 0 0 0 0 0 0
0 0 0 0 0 0 0 0 0
0 0 0 0 0 0 0 0 0
0 0 0 0 0 0 0 0 0
0 0 0 0 0 0 0 0 0
0 0 0 0 0 0 0 0 0
0 0 0 0 0 0 0 0 0
0 0 0 0 0 0 0 0 0
0 0 0 0 0 0 0 0 0
0 0 0 0 0 0 0 0 0
0 0 0 0 0 0 0 0 0
0 0 0 0 0 0 0 0 0
0 0 0 0 0 0 0 0 0
0 0 0 0 0 0 0 0 0
0 0 0 0 0 0 0 0 0
2 0 0 0 0 0 0 0 0
0 0 0 0 0 0 0 0 0
10 0 0 0 0 0 0 0 0
0 0 0 0 0 0 0 0 0
4 0 0 0 0 0 0 0 0
0 0 0 0 0 0 0 0 0
4 0 0 0 0 0 0 0 0
78 0 0 0 0 0 0 0 0
62 0 0 0 0 0 0 0 0
0 0 0 0 0 0 0 0 0
226 0 0 0 0 0 0 0 0
68 0 0 0 0 0 0 0 0
64 0 0 0 0 0 0 0 0
39 0 0 0 0 0 0 0 0
41 0 0 0 0 0 0 0 0
0 0 0 0 0 0 0 0 0
207 0 0 0 0 0 0 0 0
53 0 0 0 0 0 0 0 0
48 1 0 0 0 0 0 0 0
0 0 0 0 0 0 0 0 0
76 1705 0 0 0 0 0 0 0
0 0 0 0 0 0 0 0 0
7 604 0 0 0 0 0 0 0
12 865 0 0 0 0 0 0 0
0 936 0 0 0 0 0 0 0
19 1117 0 0 0 0 0 0 0
3 1197 0 0 0 0 0 0 0
0 0 0 0 0 0 0 0 0
0 2591 0 0 0 0 0 0 0
0 1205 0 0 0 0 0 0 0
0 0 0 0 0 0 0 0 0
3 2274 0 0 0 0 0 0 0
38 1999 0 0 0 0 0 0 0
0 0 0 0 0 0 0 0 0
17 931 0 0 0 0 0 0 0
35 794 0 0 0 0 0 0 0
33 539 0 0 0 0 0 0 0
40 493 0 0 0 0 0 0 0
34 326 0 0 0 0 0 0 0
0 0 0 0 0 0 0 0 0
33 277 0 0 0 0 0 0 0
87 626 0 0 0 0 0 0 0
0 76 0 0 0 0 0 0 0
0 58 0 0 0 0 0 0 0
41 56 0 0 0 0 0 0 0
0 0 0 0 0 0 0 0 0
0 3 0 0 0 0 0 0 0
0 12 0 0 0 0 0 0 0
0 8 0 0 0 0 0 0 0
0 44 0 0 0 0 0 0 0
0 0 0 0 0 0 0 0 0
0 0 0 0 0 0 0 0 0
0 295 0 0 0 0 0 0 0
0 0 0 0 0 0 0 0 0
0 0 0 0 0 0 0 0 0
0 2 0 0 0 0 0 0 0
57 151 0 0 0 0 0 0 0
0 0 0 0 0 0 0 0 0
86 48 0 0 0 0 0 0 0
80 69 0 0 0 0 0 0 0
62 101 0 0 0 0 0 0 0
0 0 0 0 0 0 0 0 0
280 836 0 0 0 0 0 0 0
0 0 0 0 0 0 0 0 0
310 916 0 0 0 0 0 0 0
164 375 0 0 0 0 0 0 0
149 354 0 0 0 0 0 0 0
0 0 0 0 0 0 0 0 0
612 1867 0 0 0 0 0 0 0
0 0 0 0 0 0 0 0 0
88 440 0 0 0 0 0 0 0
65 396 0 0 0 0 0 0 0
45 403 0 0 0 0 0 0 0
14 280 0 0 0 0 0 0 0
17 329 0 0 0 0 0 0 0
0 0 0 0 0 0 0 0 0
211 904 0 0 0 0 0 0 0
0 0 0 0 0 0 0 0 0
78 817 0 0 0 0 0 0 0
10 279 0 0 0 0 0 0 0
0 267 0 0 0 0 0 0 0
0 0 0 0 0 0 0 0 0
13 653 0 0 0 0 0 0 0
5 273 0 0 0 0 0 0 0
0 231 0 0 0 0 0 0 0
0 204 0 0 0 0 0 0 0
1 400 0 0 0 0 0 0 0
0 0 0 0 0 0 0 0 0
0 129 0 0 0 0 0 0 0
0 90 0 0 0 0 0 0 0
0 69 0 0 0 0 0 0 0
6 70 0 0 0 0 0 0 0
22 244 0 0 0 0 0 0 0
0 0 0 0 0 0 0 0 0
0 51 0 0 0 0 0 0 0
0 72 0 0 0 0 0 0 0
0 0 0 0 0 0 0 0 0
20 213 0 0 0 0 0 0 0
0 34 0 0 0 0 0 0 0
0 0 0 0 0 0 0 0 0
8 98 0 0 0 0 0 0 0
0 17 0 0 0 0 0 0 0
0 8 0 0 0 0 0 0 0
0 0 0 0 0 0 0 0 0
0 0 0 0 0 0 0 0 0
0 0 0 0 0 0 0 0 0
0 17 0 0 0 0 0 0 0
0 3 0 0 0 0 0 0 0
0 5 0 0 0 0 0 0 0
0 6 0 0 0 0 0 0 0
0 4 0 0 0 0 0 0 0
0 0 0 0 0 0 0 0 0
16 27 0 0 0 0 0 0 0
9 0 0 0 0 0 0 0 0
14 0 0 0 0 0 0 0 0
23 0 0 0 0 0 0 0 0
29 3 0 0 0 0 0 0 0
0 0 0 0 0 0 0 0 0
0 0 0 0 0 0 0 0 0
0 0 0 0 0 0 0 0 0
0 4 0 0 0 0 0 0 0
0 8 0 0 0 0 0 0 0
0 7 0 0 0 0 0 0 0
0 0 0 0 0 0 0 0 0
13 132 0 0 0 0 0 0 0
0 43 0 0 0 0 0 0 0
0 47 0 0 0 0 0 0 0
1 77 0 0 0 0 0 0 0
0 95 0 0 0 0 0 0 0
0 0 0 0 0 0 0 0 0
10 437 0 0 0 0 0 0 0
0 163 0 0 0 0 0 0 0
0 181 0 0 0 0 0 0 0
0 0 0 0 0 0 0 0 0
50 789 0 0 0 0 0 0 0
0 0 0 0 0 0 0 0 0
2 909 0 0 0 0 0 0 0
0 343 0 0 0 0 0 0 0
0 303 0 0 0 0 0 0 0
0 372 0 0 0 0 0 0 0
0 851 0 0 0 0 0 0 0
0 0 0 0 0 0 0 0 0
0 346 0 0 0 0 0 0 0
0 332 0 0 0 0 0 0 0
0 280 0 0 0 0 0 0 0
0 324 0 0 0 0 0 0 0
0 0 0 0 0 0 0 0 0
0 0 0 0 0 0 0 0 0
0 1415 0 0 0 0 0 0 0
0 522 0 0 0 0 0 0 0
0 514 0 0 0 0 0 0 0
0 485 0 0 0 0 0 0 0
0 916 0 0 0 0 0 0 0
0 0 0 0 0 0 0 0 0
0 0 0 0 0 0 0 0 0
5 537 0 0 0 0 0 0 0
0 32 0 0 0 0 0 0 0
0 22 0 0 0 0 0 0 0
0 4 0 0 0 0 0 0 0
0 0 0 0 0 0 0 0 0
6 99 0 0 0 0 0 0 0
2 10 0 0 0 0 0 0 0
2 5 0 0 0 0 0 0 0
14 6 0 0 0 0 0 0 0
17 30 0 0 0 0 0 0 0
807 370 0 0 0 0 0 0 0
7 0 0 0 0 0 0 0 0
19 0 0 0 0 0 0 0 0
30 0 0 0 0 0 0 0 0
19 0 0 0 0 0 0 0 0
16 0 0 0 0 0 0 0 0
0 0 0 0 0 0 0 0 0
9 18 0 0 0 0 0 0 0
0 0 0 0 0 0 0 0 0
7 2 0 0 0 0 0 0 0
0 0 0 0 0 0 0 0 0
0 0 0 0 0 0 0 0 0
0 0 0 0 0 0 0 0 0
4 0 0 0 0 0 0 0 0
0 2 0 0 0 0 0 0 0
0 0 0 0 0 0 0 0 0
0 0 0 0 0 0 0 0 0
0 0 0 0 0 0 0 0 0
0 0 0 0 0 0 0 0 0
0 0 0 0 0 0 0 0 0
0 0 0 0 0 0 0 0 0
0 2 0 0 0 0 0 0 0
0 0 0 0 0 0 0 0 0
7 153 0 0 0 0 0 0 0
0 0 0 0 0 0 0 0 0
0 3 0 0 0 0 0 0 0
0 0 0 0 0 0 0 0 0
0 0 0 0 0 0 0 0 0
0 11 0 0 0 0 0 0 0
0 237 0 0 0 0 0 0 0
0 0 0 0 0 0 0 0 0
0 38 0 0 0 0 0 0 0
0 0 0 0 0 0 0 0 0
0 387 0 0 0 0 0 0 0
0 29 0 0 0 0 0 0 0
0 329 0 0 0 0 0 0 0
0 0 0 0 0 0 0 0 0
10 149 0 0 0 0 0 0 0
2 88 0 0 0 0 0 0 0
3 599 0 0 0 0 0 0 0
0 1055 0 0 0 0 0 0 0
1 1252 0 0 0 0 0 0 0
0 0 0 0 0 0 0 0 0
17 2504 0 0 0 0 0 0 0
0 1610 0 0 0 0 0 0 0
0 1293 0 0 0 0 0 0 0
4 1302 0 0 0 0 0 0 0
9 3589 0 0 0 0 0 0 0
0 0 0 0 0 0 0 0 0
0 2058 0 0 0 0 0 0 0
0 1960 0 0 0 0 0 0 0
0 1919 0 0 0 0 0 0 0
0 0 0 0 0 0 0 0 0
249 4703 0 0 0 0 0 0 0
0 0 0 0 0 0 0 0 0
10 2061 0 0 0 0 0 0 0
74 2253 0 0 0 0 0 0 0
75 2069 0 0 0 0 0 0 0
76 1892 0 0 0 0 0 0 0
245 3356 0 0 0 0 0 0 0
0 0 0 0 0 0 0 0 0
0 0 0 0 0 0 0 0 0
198 2877 0 0 0 0 0 0 0
0 1290 0 0 0 0 0 0 0
11 1101 0 0 0 0 0 0 0
9 1607 0 0 0 0 0 0 0
0 0 0 0 0 0 0 0 0
0 435 0 0 0 0 0 0 0
0 276 0 0 0 0 0 0 0
0 158 0 0 0 0 0 0 0
11 430 0 0 0 0 0 0 0
0 0 0 0 0 0 0 0 0
0 0 0 0 0 0 0 0 0
0 88 0 0 0 0 0 0 0
0 0 0 0 0 0 0 0 0
0 0 0 0 0 0 0 0 0
0 0 0 0 0 0 0 0 0
0 47 0 0 0 0 0 0 0
0 0 0 0 0 0 0 0 0
0 0 0 0 0 0 0 0 0
1 0 0 0 0 0 0 0 0
0 38 0 0 0 0 0 0 0
0 66 0 0 0 0 0 0 0
0 59 0 0 0 0 0 0 0
0 0 0 0 0 0 0 0 0
0 112 0 0 0 0 0 0 0
0 0 0 0 0 0 0 0 0
0 0 0 0 0 0 0 0 0
8 9 0 0 0 0 0 0 0
191 59 0 0 0 0 0 0 0
0 0 0 0 0 0 0 0 0
112 0 0 0 0 0 0 0 0
103 0 0 0 0 0 0 0 0
55 0 0 0 0 0 0 0 0
0 0 0 0 0 0 0 0 0
101 53 0 0 0 0 0 0 0
0 0 0 0 0 0 0 0 0
64 0 0 0 0 0 0 0 0
102 0 0 0 0 0 0 0 0
105 0 0 0 0 0 0 0 0
160 0 0 0 0 0 0 0 0
0 0 0 0 0 0 0 0 0
0 0 0 0 0 0 0 0 0
288 120 0 0 0 0 0 0 0
73 0 0 0 0 0 0 0 0
47 0 0 0 0 0 0 0 0
11 0 0 0 0 0 0 0 0
53 0 0 0 0 0 0 0 0
0 0 0 0 0 0 0 0 0
10 0 0 0 0 0 0 0 0
8 0 0 0 0 0 0 0 0
0 0 0 0 0 0 0 0 0
103 0 0 0 0 0 0 0 0
28 47 0 0 0 0 0 0 0
0 0 0 0 0 0 0 0 0
0 0 0 0 0 0 0 0 0
0 0 0 0 0 0 0 0 0
0 0 0 0 0 0 0 0 0
0 0 0 0 0 0 0 0 0
0 0 0 0 0 0 0 0 0
0 0 0 0 0 0 0 0 0
0 0 0 0 0 0 0 0 0
0 0 0 0 0 0 0 0 0
0 0 0 0 0 0 0 0 0
0 63 0 0 0 0 0 0 0
0 0 0 0 0 0 0 0 0
0 0 0 0 0 0 0 0 0
9 0 0 0 0 0 0 0 0
10 0 0 0 0 0 0 0 0
7 0 0 0 0 0 0 0 0
16 0 0 0 0 0 0 0 0
0 0 0 0 0 0 0 0 0
0 0 0 0 0 0 0 0 0
94 0 0 0 0 0 0 0 0
3 0 0 0 0 0 0 0 0
0 0 0 0 0 0 0 0 0
9 0 0 0 0 0 0 0 0
0 0 0 0 0 0 0 0 0
0 0 0 0 0 0 0 0 0
1 0 0 0 0 0 0 0 0
0 0 0 0 0 0 0 0 0
0 0 0 0 0 0 0 0 0
16 0 0 0 0 0 0 0 0
9 0 0 0 0 0 0 0 0
0 0 0 0 0 0 0 0 0
18 0 0 0 0 0 0 0 0
0 0 0 0 0 0 0 0 0
0 0 0 0 0 0 0 0 0
59 0 0 0 0 0 0 0 0
11 0 0 0 0 0 0 0 0
0 0 0 0 0 0 0 0 0
54 0 0 0 0 0 0 0 0
97 0 0 0 0 0 0 0 0
145 0 0 0 0 0 0 0 0
206 0 0 0 0 0 0 0 0
658 0 0 0 0 0 0 0 0
0 0 0 0 0 0 0 0 0
333 0 0 0 0 0 0 0 0
0 0 0 0 0 0 0 0 0
607 0 0 0 0 0 0 0 0
393 0 0 0 0 0 0 0 0
78 0 0 0 0 0 0 0 0
0 0 0 0 0 0 0 0 0
62 0 0 0 0 0 0 0 0
27 0 0 0 0 0 0 0 0
18 0 0 0 0 0 0 0 0
8 0 0 0 0 0 0 0 0
1 0 0 0 0 0 0 0 0
0 0 0 0 0 0 0 0 0
83 0 0 0 0 0 0 0 0
1 0 0 0 0 0 0 0 0
0 0 0 0 0 0 0 0 0
0 0 0 0 0 0 0 0 0
26 0 0 0 0 0 0 0 0
0 0 0 0 0 0 0 0 0
0 0 0 0 0 0 0 0 0
0 0 0 0 0 0 0 0 0
0 0 0 0 0 0 0 0 0
0 0 0 0 0 0 0 0 0
29 0 0 0 0 0 0 0 0
0 0 0 0 0 0 0 0 0
0 0 0 0 0 0 0 0 0
0 0 0 0 0 0 0 0 0
0 0 0 0 0 0 0 0 0
0 0 0 0 0 0 0 0 0
0 0 0 0 0 0 0 0 0
0 0 0 0 0 0 0 0 0
90 0 0 0 0 0 0 0 0
28 0 0 0 0 0 0 0 0
0 0 0 0 0 0 0 0 0
93 0 0 0 0 0 0 0 0
82 0 0 0 0 0 0 0 0
0 0 0 0 0 0 0 0 0
70 0 0 0 0 0 0 0 0
62 0 0 0 0 0 0 0 0
58 0 0 0 0 0 0 0 0
88 0 0 0 0 0 0 0 0
0 0 0 0 0 0 0 0 0
0 0 0 0 0 0 0 0 0
0 0 0 0 0 0 0 0 0
0 0 0 0 0 0 0 0 0
0 0 0 0 0 0 0 0 0
0 0 0 0 0 0 0 0 0
8 0 0 0 0 0 0 0 0
0 0 0 0 0 0 0 0 0
0 0 0 0 0 0 0 0 0
0 0 0 0 0 0 0 0 0
0 0 0 0 0 0 0 0 0
4 0 0 0 0 0 0 0 0
0 0 0 0 0 0 0 0 0
0 0 0 0 0 0 0 0 0
0 0 0 0 0 0 0 0 0
0 0 0 0 0 0 0 0 0
5 0 0 0 0 0 0 0 0
0 0 0 0 0 0 0 0 0
10 0 0 0 0 0 0 0 0
0 0 0 0 0 0 0 0 0
0 0 0 0 0 0 0 0 0
0 0 0 0 0 0 0 0 0
6 0 0 0 0 0 0 0 0
0 0 0 0 0 0 0 0 0
0 0 0 0 0 0 0 0 0
0 0 0 0 0 0 0 0 0
0 0 0 0 0 0 0 0 0
0 0 0 0 0 0 0 0 0
0 0 0 0 0 0 0 0 0
0 0 0 0 0 0 0 0 0
0 0 0 0 0 0 0 0 0
0 0 0 0 0 0 0 0 0
6 0 0 0 0 0 0 0 0
0 0 0 0 0 0 0 0 0
0 0 0 0 0 0 0 0 0
7 0 0 0 0 0 0 0 0
0 0 0 0 0 0 0 0 0
0 0 0 0 0 0 0 0 0
1 0 0 0 0 0 0 0 0
0 0 0 0 0 0 0 0 0
0 0 0 0 0 0 0 0 0
0 0 0 0 0 0 0 0 0
36 0 0 0 0 0 0 0 0
0 0 0 0 0 0 0 0 0
0 0 0 0 0 0 0 0 0
0 0 0 0 0 0 0 0 0
0 0 0 0 0 0 0 0 0
0 0 0 0 0 0 0 0 0
0 0 0 0 0 0 0 0 0
0 0 0 0 0 0 0 0 0
0 0 0 0 0 0 0 0 0
0 0 0 0 0 0 0 0 0
0 0 0 0 0 0 0 0 0
4 0 0 0 0 0 0 0 0
0 0 0 0 0 0 0 0 0
0 0 0 0 0 0 0 0 0
0 0 0 0 0 0 0 0 0
0 0 0 0 0 0 0 0 0
2 0 0 0 0 0 0 0 0
0 0 0 0 0 0 0 0 0
13 0 0 0 0 0 0 0 0
0 0 0 0 0 0 0 0 0
0 0 0 0 0 0 0 0 0
0 0 0 0 0 0 0 0 0
0 0 0 0 0 0 0 0 0
3 0 0 0 0 0 0 0 0
0 0 0 0 0 0 0 0 0
0 0 0 0 0 0 0 0 0
4 0 0 0 0 0 0 0 0
0 0 0 0 0 0 0 0 0
0 0 0 0 0 0 0 0 0
0 0 0 0 0 0 0 0 0
0 0 0 0 0 0 0 0 0
0 0 0 0 0 0 0 0 0
0 0 0 0 0 0 0 0 0
0 0 0 0 0 0 0 0 0
0 0 0 0 0 0 0 0 0
9 0 0 0 0 0 0 0 0
0 0 0 0 0 0 0 0 0
0 0 0 0 0 0 0 0 0
4 0 0 0 0 0 0 0 0
0 0 0 0 0 0 0 0 0
0 0 0 0 0 0 0 0 0
0 0 0 0 0 0 0 0 0
32 0 0 0 0 0 0 0 0
0 0 0 0 0 0 0 0 0
0 0 0 0 0 0 0 0 0
9 0 0 0 0 0 0 0 0
1 0 0 0 0 0 0 0 0
1 0 0 0 0 0 0 0 0
21 0 0 0 0 0 0 0 0
0 0 0 0 0 0 0 0 0
7 0 0 0 0 0 0 0 0
27 0 0 0 0 0 0 0 0
22 0 0 0 0 0 0 0 0
21 0 0 0 0 0 0 0 0
190 0 0 0 0 0 0 0 0
0 0 0 0 0 0 0 0 0
24 0 0 0 0 0 0 0 0
12 0 0 0 0 0 0 0 0
0 0 0 0 0 0 0 0 0
122 0 0 0 0 0 0 0 0
85 0 0 0 0 0 0 0 0
0 0 0 0 0 0 0 0 0
12 0 0 0 0 0 0 0 0
21 0 0 0 0 0 0 0 0
15 0 0 0 0 0 0 0 0
0 0 0 0 0 0 0 0 0
0 0 0 0 0 0 0 0 0
0 0 0 0 0 0 0 0 0
19 0 0 0 0 0 0 0 0
20 0 0 0 0 0 0 0 0
22 0 0 0 0 0 0 0 0
10 0 0 0 0 0 0 0 0
0 0 0 0 0 0 0 0 0
0 0 0 0 0 0 0 0 0
4 0 0 0 0 0 0 0 0
11 0 0 0 0 0 0 0 0
26 0 0 0 0 0 0 0 0
75 9 0 0 0 0 0 0 0
140 337 0 0 0 0 0 0 0
0 0 0 0 0 0 0 0 0
61 156 0 0 0 0 0 0 0
40 289 0 0 0 0 0 0 0
13 626 0 0 0 0 0 0 0
0 953 0 0 0 0 0 0 0
36 2245 0 0 0 0 0 0 0
0 0 0 0 0 0 0 0 0
0 1173 0 0 0 0 0 0 0
6 1371 0 0 0 0 0 0 0
0 0 0 0 0 0 0 0 0
215 3388 0 0 0 0 0 0 0
6 1267 0 0 0 0 0 0 0
0 0 0 0 0 0 0 0 0
2 1125 0 0 0 0 0 0 0
0 963 0 0 0 0 0 0 0
0 876 0 0 0 0 0 0 0
0 724 0 0 0 0 0 0 0
20 1168 0 0 0 0 0 0 0
0 0 0 0 0 0 0 0 0
0 0 0 0 0 0 0 0 0
27 1047 0 0 0 0 0 0 0
0 288 0 0 0 0 0 0 0
10 584 0 0 0 0 0 0 0
0 36 0 0 0 0 0 0 0
0 0 0 0 0 0 0 0 0
0 21 0 0 0 0 0 0 0
2 0 0 0 0 0 0 0 0
0 1 0 0 0 0 0 0 0
0 12 0 0 0 0 0 0 0
0 0 0 0 0 0 0 0 0
0 0 0 0 0 0 0 0 0
0 3 0 0 0 0 0 0 0
0 0 0 0 0 0 0 0 0
8 11 0 0 0 0 0 0 0
4 70 0 0 0 0 0 0 0
202 357 0 0 0 0 0 0 0
0 0 0 0 0 0 0 0 0
42 106 0 0 0 0 0 0 0
115 130 0 0 0 0 0 0 0
132 138 0 0 0 0 0 0 0
505 434 0 0 0 0 0 0 0
195 170 0 0 0 0 0 0 0
0 0 0 0 0 0 0 0 0
0 0 0 0 0 0 0 0 0
511 410 0 0 0 0 0 0 0
131 91 0 0 0 0 0 0 0
113 85 0 0 0 0 0 0 0
289 489 0 0 0 0 0 0 0
0 0 0 0 0 0 0 0 0
17 119 0 0 0 0 0 0 0
24 161 0 0 0 0 0 0 0
39 190 0 0 0 0 0 0 0
45 209 0 0 0 0 0 0 0
194 630 0 0 0 0 0 0 0
0 0 0 0 0 0 0 0 0
63 230 0 0 0 0 0 0 0
79 256 0 0 0 0 0 0 0
64 290 0 0 0 0 0 0 0
241 816 0 0 0 0 0 0 0
132 329 0 0 0 0 0 0 0
0 0 0 0 0 0 0 0 0
109 279 0 0 0 0 0 0 0
51 374 0 0 0 0 0 0 0
15 269 0 0 0 0 0 0 0
11 291 0 0 0 0 0 0 0
67 833 0 0 0 0 0 0 0
0 0 0 0 0 0 0 0 0
47 305 0 0 0 0 0 0 0
46 317 0 0 0 0 0 0 0
29 297 0 0 0 0 0 0 0
0 857 0 0 0 0 0 0 0
0 240 0 0 0 0 0 0 0
0 0 0 0 0 0 0 0 0
0 252 0 0 0 0 0 0 0
0 260 0 0 0 0 0 0 0
0 0 0 0 0 0 0 0 0
16 849 0 0 0 0 0 0 0
9 779 0 0 0 0 0 0 0
0 0 0 0 0 0 0 0 0
0 231 0 0 0 0 0 0 0
0 199 0 0 0 0 0 0 0
0 121 0 0 0 0 0 0 0
0 153 0 0 0 0 0 0 0
0 671 0 0 0 0 0 0 0
0 0 0 0 0 0 0 0 0
0 0 0 0 0 0 0 0 0
8 601 0 0 0 0 0 0 0
1 37 0 0 0 0 0 0 0
0 183 0 0 0 0 0 0 0
0 277 0 0 0 0 0 0 0
0 0 0 0 0 0 0 0 0
0 347 0 0 0 0 0 0 0
0 334 0 0 0 0 0 0 0
0 465 0 0 0 0 0 0 0
0 626 0 0 0 0 0 0 0
28 1485 0 0 0 0 0 0 0
0 0 0 0 0 0 0 0 0
0 753 0 0 0 0 0 0 0
0 0 0 0 0 0 0 0 0
1 1681 0 0 0 0 0 0 0
12 605 0 0 0 0 0 0 0
34 1713 0 0 0 0 0 0 0
0 0 0 0 0 0 0 0 0
21 508 0 0 0 0 0 0 0
14 447 0 0 0 0 0 0 0
4 497 0 0 0 0 0 0 0
0 1026 0 0 0 0 0 0 0
0 213 0 0 0 0 0 0 0
0 0 0 0 0 0 0 0 0
8 272 0 0 0 0 0 0 0
0 399 0 0 0 0 0 0 0
0 0 0 0 0 0 0 0 0
31 737 0 0 0 0 0 0 0
12 333 0 0 0 0 0 0 0
0 0 0 0 0 0 0 0 0
0 12 0 0 0 0 0 0 0
0 9 0 0 0 0 0 0 0
0 12 0 0 0 0 0 0 0
11 10 0 0 0 0 0 0 0
34 38 0 0 0 0 0 0 0
0 0 0 0 0 0 0 0 0
0 0 0 0 0 0 0 0 0
13 0 0 0 0 0 0 0 0
10 0 0 0 0 0 0 0 0
25 0 0 0 0 0 0 0 0
78 37 0 0 0 0 0 0 0
0 0 0 0 0 0 0 0 0
47 0 0 0 0 0 0 0 0
109 0 0 0 0 0 0 0 0
112 0 0 0 0 0 0 0 0
113 0 0 0 0 0 0 0 0
74 0 0 0 0 0 0 0 0
0 0 0 0 0 0 0 0 0
66 0 0 0 0 0 0 0 0
46 0 0 0 0 0 0 0 0
57 0 0 0 0 0 0 0 0
162 0 0 0 0 0 0 0 0
51 0 0 0 0 0 0 0 0
0 0 0 0 0 0 0 0 0
72 0 0 0 0 0 0 0 0
78 0 0 0 0 0 0 0 0
93 0 0 0 0 0 0 0 0
234 0 0 0 0 0 0 0 0
269 0 0 0 0 0 0 0 0
0 0 0 0 0 0 0 0 0
349 0 0 0 0 0 0 0 0
345 0 0 0 0 0 0 0 0
363 0 0 0 0 0 0 0 0
317 0 0 0 0 0 0 0 0
535 0 0 0 0 0 0 0 0
0 0 0 0 0 0 0 0 0
0 0 0 0 0 0 0 0 0
403 0 0 0 0 0 0 0 0
78 0 0 0 0 0 0 0 0
225 0 0 0 0 0 0 0 0
45 0 0 0 0 0 0 0 0
0 0 0 0 0 0 0 0 0
0 0 0 0 0 0 0 0 0
0 0 0 0 0 0 0 0 0
0 0 0 0 0 0 0 0 0
37 0 0 0 0 0 0 0 0
0 0 0 0 0 0 0 0 0
0 0 0 0 0 0 0 0 0
0 0 0 0 0 0 0 0 0
0 0 0 0 0 0 0 0 0
80 0 0 0 0 0 0 0 0
0 0 0 0 0 0 0 0 0
516 0 0 0 0 0 0 0 0
0 0 0 0 0 0 0 0 0
33 0 0 0 0 0 0 0 0
15 0 0 0 0 0 0 0 0
102 0 0 0 0 0 0 0 0
0 0 0 0 0 0 0 0 0
214 0 0 0 0 0 0 0 0
0 0 0 0 0 0 0 0 0
43 0 0 0 0 0 0 0 0
135 0 0 0 0 0 0 0 0
172 0 0 0 0 0 0 0 0
497 0 0 0 0 0 0 0 0
319 0 0 0 0 0 0 0 0
0 0 0 0 0 0 0 0 0
0 0 0 0 0 0 0 0 0
746 0 0 0 0 0 0 0 0
527 0 0 0 0 0 0 0 0
624 0 0 0 0 0 0 0 0
1272 0 0 0 0 0 0 0 0
0 0 0 0 0 0 0 0 0
794 0 0 0 0 0 0 0 0
592 0 0 0 0 0 0 0 0
297 0 0 0 0 0 0 0 0
124 176 0 0 0 0 0 0 0
122 908 0 0 0 0 0 0 0
0 0 0 0 0 0 0 0 0
115 517 0 0 0 0 0 0 0
258 86 0 0 0 0 0 0 0
358 13 0 0 0 0 0 0 0
898 19 0 0 0 0 0 0 0
446 0 0 0 0 0 0 0 0
0 0 0 0 0 0 0 0 0
481 0 0 0 0 0 0 0 0
429 0 0 0 0 0 0 0 0
391 14 0 0 0 0 0 0 0
407 9 0 0 0 0 0 0 0
722 39 0 0 0 0 0 0 0
0 0 0 0 0 0 0 0 0
288 0 0 0 0 0 0 0 0
235 0 0 0 0 0 0 0 0
189 0 0 0 0 0 0 0 0
326 0 0 0 0 0 0 0 0
41 0 0 0 0 0 0 0 0
0 0 0 0 0 0 0 0 0
8 0 0 0 0 0 0 0 0
0 0 0 0 0 0 0 0 0
180 0 0 0 0 0 0 0 0
139 0 0 0 0 0 0 0 0
7 0 0 0 0 0 0 0 0
0 0 0 0 0 0 0 0 0
4 0 0 0 0 0 0 0 0
0 0 0 0 0 0 0 0 0
4 0 0 0 0 0 0 0 0
84 0 0 0 0 0 0 0 0
0 0 0 0 0 0 0 0 0
0 0 0 0 0 0 0 0 0
30 0 0 0 0 0 0 0 0
0 0 0 0 0 0 0 0 0
0 0 0 0 0 0 0 0 0
38 0 0 0 0 0 0 0 0
2 0 0 0 0 0 0 0 0
0 0 0 0 0 0 0 0 0
0 0 0 0 0 0 0 0 0
0 0 0 0 0 0 0 0 0
0 0 0 0 0 0 0 0 0
72 0 0 0 0 0 0 0 0
0 0 0 0 0 0 0 0 0
0 0 0 0 0 0 0 0 0
128 0 0 0 0 0 0 0 0
0 0 0 0 0 0 0 0 0
0 0 0 0 0 0 0 0 0
0 0 0 0 0 0 0 0 0
0 0 0 0 0 0 0 0 0
0 0 0 0 0 0 0 0 0
0 0 0 0 0 0 0 0 0
0 0 0 0 0 0 0 0 0
0 0 0 0 0 0 0 0 0
2 0 0 0 0 0 0 0 0
0 0 0 0 0 0 0 0 0
0 0 0 0 0 0 0 0 0
0 0 0 0 0 0 0 0 0
0 0 0 0 0 0 0 0 0
0 0 0 0 0 0 0 0 0
0 0 0 0 0 0 0 0 0
0 0 0 0 0 0 0 0 0
0 0 0 0 0 0 0 0 0
0 0 0 0 0 0 0 0 0
9 0 0 0 0 0 0 0 0
12 0 0 0 0 0 0 0 0
31 0 0 0 0 0 0 0 0
75 0 0 0 0 0 0 0 0
0 0 0 0 0 0 0 0 0
32 0 0 0 0 0 0 0 0
18 0 0 0 0 0 0 0 0
16 0 0 0 0 0 0 0 0
30 0 0 0 0 0 0 0 0
0 0 0 0 0 0 0 0 0
0 0 0 0 0 0 0 0 0
0 0 0 0 0 0 0 0 0
0 0 0 0 0 0 0 0 0
0 0 0 0 0 0 0 0 0
0 0 0 0 0 0 0 0 0
7 0 0 0 0 0 0 0 0
0 0 0 0 0 0 0 0 0
0 0 0 0 0 0 0 0 0
0 0 0 0 0 0 0 0 0
0 0 0 0 0 0 0 0 0
0 0 0 0 0 0 0 0 0
0 0 0 0 0 0 0 0 0
0 0 0 0 0 0 0 0 0
0 0 0 0 0 0 0 0 0
0 0 0 0 0 0 0 0 0
0 0 0 0 0 0 0 0 0
141 0 0 0 0 0 0 0 0
15 0 0 0 0 0 0 0 0
0 0 0 0 0 0 0 0 0
81 0 0 0 0 0 0 0 0
145 0 0 0 0 0 0 0 0
71 0 0 0 0 0 0 0 0
122 0 0 0 0 0 0 0 0
0 0 0 0 0 0 0 0 0
0 0 0 0 0 0 0 0 0
40 0 0 0 0 0 0 0 0
0 0 0 0 0 0 0 0 0
0 0 0 0 0 0 0 0 0
18 0 0 0 0 0 0 0 0
0 0 0 0 0 0 0 0 0
0 0 0 0 0 0 0 0 0
8 0 0 0 0 0 0 0 0
0 0 0 0 0 0 0 0 0
1 0 0 0 0 0 0 0 0
0 0 0 0 0 0 0 0 0
0 0 0 0 0 0 0 0 0
0 0 0 0 0 0 0 0 0
0 0 0 0 0 0 0 0 0
2 0 0 0 0 0 0 0 0
2 0 0 0 0 0 0 0 0
9 0 0 0 0 0 0 0 0
8 0 0 0 0 0 0 0 0
0 0 0 0 0 0 0 0 0
1 0 0 0 0 0 0 0 0
0 0 0 0 0 0 0 0 0
5 0 0 0 0 0 0 0 0
0 0 0 0 0 0 0 0 0
0 0 0 0 0 0 0 0 0
0 0 0 0 0 0 0 0 0
0 0 0 0 0 0 0 0 0
0 0 0 0 0 0 0 0 0
0 0 0 0 0 0 0 0 0
0 0 0 0 0 0 0 0 0
0 0 0 0 0 0 0 0 0
0 0 0 0 0 0 0 0 0
0 0 0 0 0 0 0 0 0
0 0 0 0 0 0 0 0 0
0 0 0 0 0 0 0 0 0
0 0 0 0 0 0 0 0 0
0 0 0 0 0 0 0 0 0
0 0 0 0 0 0 0 0 0
132 64 0 0 0 0 0 0 0
1 0 0 0 0 0 0 0 0
0 1 0 0 0 0 0 0 0
2 0 0 0 0 0 0 0 0
8 0 0 0 0 0 0 0 0
0 0 0 0 0 0 0 0 0
0 0 0 0 0 0 0 0 0
0 0 0 0 0 0 0 0 0
0 0 0 0 0 0 0 0 0
0 0 0 0 0 0 0 0 0
0 0 0 0 0 0 0 0 0
0 0 0 0 0 0 0 0 0
0 0 0 0 0 0 0 0 0
0 0 0 0 0 0 0 0 0
0 0 0 0 0 0 0 0 0
0 0 0 0 0 0 0 0 0
0 0 0 0 0 0 0 0 0
0 0 0 0 0 0 0 0 0
0 0 0 0 0 0 0 0 0
0 0 0 0 0 0 0 0 0
0 0 0 0 0 0 0 0 0
0 0 0 0 0 0 0 0 0
0 0 0 0 0 0 0 0 0
0 0 0 0 0 0 0 0 0
2 0 0 0 0 0 0 0 0
4 0 0 0 0 0 0 0 0
0 0 0 0 0 0 0 0 0
6 0 0 0 0 0 0 0 0
35 0 0 0 0 0 0 0 0
0 0 0 0 0 0 0 0 0
37 0 0 0 0 0 0 0 0
0 0 0 0 0 0 0 0 0
0 0 0 0 0 0 0 0 0
0 0 0 0 0 0 0 0 0
9 0 0 0 0 0 0 0 0
0 0 0 0 0 0 0 0 0
0 0 0 0 0 0 0 0 0
0 0 0 0 0 0 0 0 0
2 0 0 0 0 0 0 0 0
12 0 0 0 0 0 0 0 0
19 0 0 0 0 0 0 0 0
0 0 0 0 0 0 0 0 0
52 0 0 0 0 0 0 0 0
6 0 0 0 0 0 0 0 0
0 0 0 0 0 0 0 0 0
0 0 0 0 0 0 0 0 0
2 0 0 0 0 0 0 0 0
0 0 0 0 0 0 0 0 0
0 0 0 0 0 0 0 0 0
0 0 0 0 0 0 0 0 0
0 0 0 0 0 0 0 0 0
0 0 0 0 0 0 0 0 0
0 0 0 0 0 0 0 0 0
0 0 0 0 0 0 0 0 0
0 0 0 0 0 0 0 0 0
0 0 0 0 0 0 0 0 0
0 0 0 0 0 0 0 0 0
0 0 0 0 0 0 0 0 0
0 0 0 0 0 0 0 0 0
0 0 0 0 0 0 0 0 0
0 0 0 0 0 0 0 0 0
0 0 0 0 0 0 0 0 0
0 0 0 0 0 0 0 0 0
0 0 0 0 0 0 0 0 0
0 0 0 0 0 0 0 0 0
0 0 0 0 0 0 0 0 0
55 0 0 0 0 0 0 0 0
3 0 0 0 0 0 0 0 0
0 0 0 0 0 0 0 0 0
0 0 0 0 0 0 0 0 0
2 0 0 0 0 0 0 0 0
0 0 0 0 0 0 0 0 0
11 0 0 0 0 0 0 0 0
0 0 0 0 0 0 0 0 0
0 0 0 0 0 0 0 0 0
0 0 0 0 0 0 0 0 0
0 0 0 0 0 0 0 0 0
0 0 0 0 0 0 0 0 0
0 0 0 0 0 0 0 0 0
0 0 0 0 0 0 0 0 0
0 0 0 0 0 0 0 0 0
0 0 0 0 0 0 0 0 0
52 0 0 0 0 0 0 0 0
0 0 0 0 0 0 0 0 0
46 0 0 0 0 0 0 0 0
1 0 0 0 0 0 0 0 0
0 0 0 0 0 0 0 0 0
29 0 0 0 0 0 0 0 0
19 0 0 0 0 0 0 0 0
0 0 0 0 0 0 0 0 0
160 0 0 0 0 0 0 0 0
6 0 0 0 0 0 0 0 0
0 0 0 0 0 0 0 0 0
74 0 0 0 0 0 0 0 0
22 0 0 0 0 0 0 0 0
0 0 0 0 0 0 0 0 0
0 0 0 0 0 0 0 0 0
6 0 0 0 0 0 0 0 0
0 0 0 0 0 0 0 0 0
13 0 0 0 0 0 0 0 0
0 0 0 0 0 0 0 0 0
0 0 0 0 0 0 0 0 0
0 0 0 0 0 0 0 0 0
7 0 0 0 0 0 0 0 0
0 0 0 0 0 0 0 0 0
1 0 0 0 0 0 0 0 0
20 0 0 0 0 0 0 0 0
0 0 0 0 0 0 0 0 0
3 0 0 0 0 0 0 0 0
19 0 0 0 0 0 0 0 0
19 0 0 0 0 0 0 0 0
18 0 0 0 0 0 0 0 0
18 0 0 0 0 0 0 0 0
0 0 0 0 0 0 0 0 0
201 0 0 0 0 0 0 0 0
97 0 0 0 0 0 0 0 0
111 0 0 0 0 0 0 0 0
136 0 0 0 0 0 0 0 0
316 0 0 0 0 0 0 0 0
0 0 0 0 0 0 0 0 0
0 0 0 0 0 0 0 0 0
296 0 0 0 0 0 0 0 0
128 0 0 0 0 0 0 0 0
152 0 0 0 0 0 0 0 0
275 0 0 0 0 0 0 0 0
0 0 0 0 0 0 0 0 0
141 0 0 0 0 0 0 0 0
122 0 0 0 0 0 0 0 0
103 0 0 0 0 0 0 0 0
70 0 0 0 0 0 0 0 0
215 0 0 0 0 0 0 0 0
0 0 0 0 0 0 0 0 0
33 0 0 0 0 0 0 0 0
22 0 0 0 0 0 0 0 0
56 0 0 0 0 0 0 0 0
18 0 0 0 0 0 0 0 0
14 0 0 0 0 0 0 0 0
0 0 0 0 0 0 0 0 0
46 0 0 0 0 0 0 0 0
0 0 0 0 0 0 0 0 0
21 0 0 0 0 0 0 0 0
2 0 0 0 0 0 0 0 0
74 0 0 0 0 0 0 0 0
0 0 0 0 0 0 0 0 0
39 0 0 0 0 0 0 0 0
52 0 0 0 0 0 0 0 0
82 0 0 0 0 0 0 0 0
113 0 0 0 0 0 0 0 0
134 0 0 0 0 0 0 0 0
0 0 0 0 0 0 0 0 0
117 0 0 0 0 0 0 0 0
317 0 0 0 0 0 0 0 0
128 0 0 0 0 0 0 0 0
126 0 0 0 0 0 0 0 0
337 0 0 0 0 0 0 0 0
0 0 0 0 0 0 0 0 0
88 0 0 0 0 0 0 0 0
88 0 0 0 0 0 0 0 0
0 0 0 0 0 0 0 0 0
240 0 0 0 0 0 0 0 0
105 0 0 0 0 0 0 0 0
0 0 0 0 0 0 0 0 0
192 0 0 0 0 0 0 0 0
71 0 0 0 0 0 0 0 0
68 0 0 0 0 0 0 0 0
38 0 0 0 0 0 0 0 0
122 0 0 0 0 0 0 0 0
0 0 0 0 0 0 0 0 0
17 0 0 0 0 0 0 0 0
9 0 0 0 0 0 0 0 0
0 0 0 0 0 0 0 0 0
50 0 0 0 0 0 0 0 0
0 0 0 0 0 0 0 0 0
0 0 0 0 0 0 0 0 0
0 0 0 0 0 0 0 0 0
0 0 0 0 0 0 0 0 0
0 0 0 0 0 0 0 0 0
0 0 0 0 0 0 0 0 0
25 0 0 0 0 0 0 0 0
0 0 0 0 0 0 0 0 0
0 0 0 0 0 0 0 0 0
0 0 0 0 0 0 0 0 0
7 0 0 0 0 0 0 0 0
0 0 0 0 0 0 0 0 0
31 0 0 0 0 0 0 0 0
0 0 0 0 0 0 0 0 0
1 0 0 0 0 0 0 0 0
0 0 0 0 0 0 0 0 0
33 0 0 0 0 0 0 0 0
0 0 0 0 0 0 0 0 0
43 0 0 0 0 0 0 0 0
0 0 0 0 0 0 0 0 0
0 0 0 0 0 0 0 0 0
0 0 0 0 0 0 0 0 0
0 0 0 0 0 0 0 0 0
37 0 0 0 0 0 0 0 0
68 0 0 0 0 0 0 0 0
0 0 0 0 0 0 0 0 0
0 0 0 0 0 0 0 0 0
6 0 0 0 0 0 0 0 0
0 0 0 0 0 0 0 0 0
0 0 0 0 0 0 0 0 0
0 0 0 0 0 0 0 0 0
0 0 0 0 0 0 0 0 0
0 0 0 0 0 0 0 0 0
0 0 0 0 0 0 0 0 0
0 0 0 0 0 0 0 0 0
0 0 0 0 0 0 0 0 0
11 0 0 0 0 0 0 0 0
0 0 0 0 0 0 0 0 0
0 0 0 0 0 0 0 0 0
0 0 0 0 0 0 0 0 0
1 0 0 0 0 0 0 0 0
12 0 0 0 0 0 0 0 0
81 0 0 0 0 0 0 0 0
0 0 0 0 0 0 0 0 0
9 0 0 0 0 0 0 0 0
0 0 0 0 0 0 0 0 0
102 0 0 0 0 0 0 0 0
6 0 0 0 0 0 0 0 0
0 0 0 0 0 0 0 0 0
0 0 0 0 0 0 0 0 0
0 0 0 0 0 0 0 0 0
0 0 0 0 0 0 0 0 0
0 0 0 0 0 0 0 0 0
0 0 0 0 0 0 0 0 0
0 0 0 0 0 0 0 0 0
0 0 0 0 0 0 0 0 0
0 0 0 0 0 0 0 0 0
0 0 0 0 0 0 0 0 0
0 0 0 0 0 0 0 0 0
0 0 0 0 0 0 0 0 0
0 0 0 0 0 0 0 0 0
0 0 0 0 0 0 0 0 0
0 0 0 0 0 0 0 0 0
0 0 0 0 0 0 0 0 0
0 0 0 0 0 0 0 0 0
0 0 0 0 0 0 0 0 0
6 0 0 0 0 0 0 0 0
0 0 0 0 0 0 0 0 0
0 0 0 0 0 0 0 0 0
0 0 0 0 0 0 0 0 0
0 0 0 0 0 0 0 0 0
0 0 0 0 0 0 0 0 0
0 0 0 0 0 0 0 0 0
0 0 0 0 0 0 0 0 0
0 0 0 0 0 0 0 0 0
0 0 0 0 0 0 0 0 0
0 0 0 0 0 0 0 0 0
0 0 0 0 0 0 0 0 0
16 0 0 0 0 0 0 0 0
0 0 0 0 0 0 0 0 0
0 0 0 0 0 0 0 0 0
0 0 0 0 0 0 0 0 0
0 0 0 0 0 0 0 0 0
0 0 0 0 0 0 0 0 0
0 0 0 0 0 0 0 0 0
0 0 0 0 0 0 0 0 0
0 0 0 0 0 0 0 0 0
1 0 0 0 0 0 0 0 0
0 0 0 0 0 0 0 0 0
0 0 0 0 0 0 0 0 0
0 0 0 0 0 0 0 0 0
0 0 0 0 0 0 0 0 0
0 0 0 0 0 0 0 0 0
0 0 0 0 0 0 0 0 0
0 0 0 0 0 0 0 0 0
0 0 0 0 0 0 0 0 0
0 0 0 0 0 0 0 0 0
0 0 0 0 0 0 0 0 0
0 0 0 0 0 0 0 0 0
0 0 0 0 0 0 0 0 0
0 0 0 0 0 0 0 0 0
0 0 0 0 0 0 0 0 0
34 0 0 0 0 0 0 0 0
0 0 0 0 0 0 0 0 0
5 0 0 0 0 0 0 0 0
0 0 0 0 0 0 0 0 0
0 0 0 0 0 0 0 0 0
0 0 0 0 0 0 0 0 0
0 0 0 0 0 0 0 0 0
0 0 0 0 0 0 0 0 0
0 0 0 0 0 0 0 0 0
0 0 0 0 0 0 0 0 0
0 0 0 0 0 0 0 0 0
0 0 0 0 0 0 0 0 0
2 0 0 0 0 0 0 0 0
0 0 0 0 0 0 0 0 0
0 0 0 0 0 0 0 0 0
0 0 0 0 0 0 0 0 0
0 0 0 0 0 0 0 0 0
1 0 0 0 0 0 0 0 0
6 3 0 0 0 0 0 0 0
0 0 0 0 0 0 0 0 0
0 0 0 0 0 0 0 0 0
30 5 0 0 0 0 0 0 0
4 0 0 0 0 0 0 0 0
25 0 0 0 0 0 0 0 0
288 9 0 0 0 0 0 0 0
0 0 0 0 0 0 0 0 0
67 0 0 0 0 0 0 0 0
0 0 0 0 0 0 0 0 0
215 0 0 0 0 0 0 0 0
44 0 0 0 0 0 0 0 0
122 0 0 0 0 0 0 0 0
0 0 0 0 0 0 0 0 0
10 0 0 0 0 0 0 0 0
47 0 0 0 0 0 0 0 0
3 0 0 0 0 0 0 0 0
51 0 0 0 0 0 0 0 0
103 0 0 0 0 0 0 0 0
0 0 0 0 0 0 0 0 0
51 0 0 0 0 0 0 0 0
21 0 0 0 0 0 0 0 0
25 0 0 0 0 0 0 0 0
19 0 0 0 0 0 0 0 0
4 0 0 0 0 0 0 0 0
0 0 0 0 0 0 0 0 0
12 0 0 0 0 0 0 0 0
0 0 0 0 0 0 0 0 0
5 0 0 0 0 0 0 0 0
69 0 0 0 0 0 0 0 0
93 0 0 0 0 0 0 0 0
0 0 0 0 0 0 0 0 0
304 0 0 0 0 0 0 0 0
126 0 0 0 0 0 0 0 0
140 0 0 0 0 0 0 0 0
180 0 0 0 0 0 0 0 0
144 0 0 0 0 0 0 0 0
0 0 0 0 0 0 0 0 0
749 0 0 0 0 0 0 0 0
268 0 0 0 0 0 0 0 0
0 0 0 0 0 0 0 0 0
900 0 0 0 0 0 0 0 0
1012 0 0 0 0 0 0 0 0
0 0 0 0 0 0 0 0 0
515 0 0 0 0 0 0 0 0
454 0 0 0 0 0 0 0 0
455 0 0 0 0 0 0 0 0
420 0 0 0 0 0 0 0 0
754 0 0 0 0 0 0 0 0
0 0 0 0 0 0 0 0 0
175 0 0 0 0 0 0 0 0
0 0 0 0 0 0 0 0 0
439 0 0 0 0 0 0 0 0
56 0 0 0 0 0 0 0 0
83 0 0 0 0 0 0 0 0
0 0 0 0 0 0 0 0 0
215 0 0 0 0 0 0 0 0
28 0 0 0 0 0 0 0 0
5 0 0 0 0 0 0 0 0
14 0 0 0 0 0 0 0 0
187 0 0 0 0 0 0 0 0
0 0 0 0 0 0 0 0 0
126 0 0 0 0 0 0 0 0
138 0 0 0 0 0 0 0 0
152 0 0 0 0 0 0 0 0
191 0 0 0 0 0 0 0 0
733 0 0 0 0 0 0 0 0
0 0 0 0 0 0 0 0 0
175 0 0 0 0 0 0 0 0
169 0 0 0 0 0 0 0 0
0 0 0 0 0 0 0 0 0
750 0 0 0 0 0 0 0 0
0 0 0 0 0 0 0 0 0
0 0 0 0 0 0 0 0 0
274 0 0 0 0 0 0 0 0
6 0 0 0 0 0 0 0 0
5 0 0 0 0 0 0 0 0
2 0 0 0 0 0 0 0 0
0 0 0 0 0 0 0 0 0
0 0 0 0 0 0 0 0 0
3 0 0 0 0 0 0 0 0
0 0 0 0 0 0 0 0 0
43 0 0 0 0 0 0 0 0
3 0 0 0 0 0 0 0 0
53 0 0 0 0 0 0 0 0
0 0 0 0 0 0 0 0 0
0 0 0 0 0 0 0 0 0
0 0 0 0 0 0 0 0 0
4 0 0 0 0 0 0 0 0
0 0 0 0 0 0 0 0 0
3 0 0 0 0 0 0 0 0
0 0 0 0 0 0 0 0 0
7 0 0 0 0 0 0 0 0
0 0 0 0 0 0 0 0 0
0 0 0 0 0 0 0 0 0
0 0 0 0 0 0 0 0 0
52 10 0 0 0 0 0 0 0
0 0 0 0 0 0 0 0 0
0 0 0 0 0 0 0 0 0
38 0 0 0 0 0 0 0 0
0 0 0 0 0 0 0 0 0
31 0 0 0 0 0 0 0 0
0 0 0 0 0 0 0 0 0
0 0 0 0 0 0 0 0 0
0 0 0 0 0 0 0 0 0
9 0 0 0 0 0 0 0 0
10 0 0 0 0 0 0 0 0
0 0 0 0 0 0 0 0 0
126 0 0 0 0 0 0 0 0
0 0 0 0 0 0 0 0 0
33 0 0 0 0 0 0 0 0
9 0 0 0 0 0 0 0 0
9 0 0 0 0 0 0 0 0
28 0 0 0 0 0 0 0 0
0 0 0 0 0 0 0 0 0
0 0 0 0 0 0 0 0 0
0 0 0 0 0 0 0 0 0
0 0 0 0 0 0 0 0 0
15 0 0 0 0 0 0 0 0
0 0 0 0 0 0 0 0 0
0 0 0 0 0 0 0 0 0
0 0 0 0 0 0 0 0 0
0 0 0 0 0 0 0 0 0
62 0 0 0 0 0 0 0 0
5 0 0 0 0 0 0 0 0
1 0 0 0 0 0 0 0 0
0 0 0 0 0 0 0 0 0
0 0 0 0 0 0 0 0 0
110 0 0 0 0 0 0 0 0
31 0 0 0 0 0 0 0 0
20 0 0 0 0 0 0 0 0
17 0 0 0 0 0 0 0 0
23 0 0 0 0 0 0 0 0
0 0 0 0 0 0 0 0 0
0 0 0 0 0 0 0 0 0
0 0 0 0 0 0 0 0 0
0 0 0 0 0 0 0 0 0
10 0 0 0 0 0 0 0 0
2 0 0 0 0 0 0 0 0
0 0 0 0 0 0 0 0 0
0 0 0 0 0 0 0 0 0
0 0 0 0 0 0 0 0 0
0 0 0 0 0 0 0 0 0
1 0 0 0 0 0 0 0 0
44 0 0 0 0 0 0 0 0
0 0 0 0 0 0 0 0 0
0 0 0 0 0 0 0 0 0
51 0 0 0 0 0 0 0 0
0 0 0 0 0 0 0 0 0
0 0 0 0 0 0 0 0 0
0 0 0 0 0 0 0 0 0
0 0 0 0 0 0 0 0 0
41 0 0 0 0 0 0 0 0
0 0 0 0 0 0 0 0 0
0 0 0 0 0 0 0 0 0
45 0 0 0 0 0 0 0 0
0 0 0 0 0 0 0 0 0
0 0 0 0 0 0 0 0 0
32 0 0 0 0 0 0 0 0
0 0 0 0 0 0 0 0 0
0 0 0 0 0 0 0 0 0
10 0 0 0 0 0 0 0 0
40 0 0 0 0 0 0 0 0
0 0 0 0 0 0 0 0 0
2 0 0 0 0 0 0 0 0
0 0 0 0 0 0 0 0 0
38 0 0 0 0 0 0 0 0
0 0 0 0 0 0 0 0 0
0 0 0 0 0 0 0 0 0
0 0 0 0 0 0 0 0 0
0 0 0 0 0 0 0 0 0
7 3 0 0 0 0 0 0 0
6 0 0 0 0 0 0 0 0
0 0 0 0 0 0 0 0 0
0 0 0 0 0 0 0 0 0
0 0 0 0 0 0 0 0 0
0 0 0 0 0 0 0 0 0
0 0 0 0 0 0 0 0 0
23 0 0 0 0 0 0 0 0
7 0 0 0 0 0 0 0 0
0 0 0 0 0 0 0 0 0
0 0 0 0 0 0 0 0 0
0 0 0 0 0 0 0 0 0
12 0 0 0 0 0 0 0 0
6 0 0 0 0 0 0 0 0
0 0 0 0 0 0 0 0 0
0 0 0 0 0 0 0 0 0
0 0 0 0 0 0 0 0 0
2 0 0 0 0 0 0 0 0
0 0 0 0 0 0 0 0 0
0 0 0 0 0 0 0 0 0
14 0 0 0 0 0 0 0 0
11 0 0 0 0 0 0 0 0
0 0 0 0 0 0 0 0 0
5 0 0 0 0 0 0 0 0
0 0 0 0 0 0 0 0 0
66 0 0 0 0 0 0 0 0
0 0 0 0 0 0 0 0 0
0 0 0 0 0 0 0 0 0
0 0 0 0 0 0 0 0 0
824 57 0 0 0 0 0 0 0
235 0 0 0 0 0 0 0 0
57 0 0 0 0 0 0 0 0
46 0 0 0 0 0 0 0 0
63 0 0 0 0 0 0 0 0
0 0 0 0 0 0 0 0 0
356 0 0 0 0 0 0 0 0
79 0 0 0 0 0 0 0 0
6 0 0 0 0 0 0 0 0
25 0 0 0 0 0 0 0 0
391 0 0 0 0 0 0 0 0
0 0 0 0 0 0 0 0 0
8 0 0 0 0 0 0 0 0
51 0 0 0 0 0 0 0 0
2 0 0 0 0 0 0 0 0
428 11 0 0 0 0 0 0 0
18 0 0 0 0 0 0 0 0
0 0 0 0 0 0 0 0 0
27 0 0 0 0 0 0 0 0
362 0 0 0 0 0 0 0 0
56 0 0 0 0 0 0 0 0
78 0 0 0 0 0 0 0 0
391 0 0 0 0 0 0 0 0
0 0 0 0 0 0 0 0 0
0 0 0 0 0 0 0 0 0
425 9 0 0 0 0 0 0 0
72 0 0 0 0 0 0 0 0
25 0 0 0 0 0 0 0 0
95 0 0 0 0 0 0 0 0
0 0 0 0 0 0 0 0 0
29 0 0 0 0 0 0 0 0
0 0 0 0 0 0 0 0 0
73 0 0 0 0 0 0 0 0
2 0 0 0 0 0 0 0 0
17 8 0 0 0 0 0 0 0
0 0 0 0 0 0 0 0 0
0 1 0 0 0 0 0 0 0
0 0 0 0 0 0 0 0 0
55 0 0 0 0 0 0 0 0
23 0 0 0 0 0 0 0 0
150 0 0 0 0 0 0 0 0
0 0 0 0 0 0 0 0 0
68 0 0 0 0 0 0 0 0
76 0 0 0 0 0 0 0 0
87 0 0 0 0 0 0 0 0
91 0 0 0 0 0 0 0 0
195 4 0 0 0 0 0 0 0
0 0 0 0 0 0 0 0 0
68 0 0 0 0 0 0 0 0
40 0 0 0 0 0 0 0 0
15 0 0 0 0 0 0 0 0
65 0 0 0 0 0 0 0 0
29 0 0 0 0 0 0 0 0
0 0 0 0 0 0 0 0 0
0 0 0 0 0 0 0 0 0
97 0 0 0 0 0 0 0 0
2 0 0 0 0 0 0 0 0
23 0 0 0 0 0 0 0 0
94 0 0 0 0 0 0 0 0
0 0 0 0 0 0 0 0 0
5 0 0 0 0 0 0 0 0
5 0 0 0 0 0 0 0 0
7 0 0 0 0 0 0 0 0
17 0 0 0 0 0 0 0 0
47 0 0 0 0 0 0 0 0
0 0 0 0 0 0 0 0 0
9 0 0 0 0 0 0 0 0
3 0 0 0 0 0 0 0 0
0 0 0 0 0 0 0 0 0
0 0 0 0 0 0 0 0 0
5 0 0 0 0 0 0 0 0
0 0 0 0 0 0 0 0 0
0 0 0 0 0 0 0 0 0
0 0 0 0 0 0 0 0 0
0 0 0 0 0 0 0 0 0
0 0 0 0 0 0 0 0 0
6 0 0 0 0 0 0 0 0
0 0 0 0 0 0 0 0 0
0 0 0 0 0 0 0 0 0
14 0 0 0 0 0 0 0 0
22 0 0 0 0 0 0 0 0
25 0 0 0 0 0 0 0 0
32 4 0 0 0 0 0 0 0
0 0 0 0 0 0 0 0 0
0 0 0 0 0 0 0 0 0
0 0 0 0 0 0 0 0 0
82 71 0 0 0 0 0 0 0
0 0 0 0 0 0 0 0 0
420 4712 0 0 0 0 0 0 0
0 0 0 0 0 0 0 0 0
16 0 0 0 0 0 0 0 0
1 0 0 0 0 0 0 0 0
0 24 0 0 0 0 0 0 0
7 0 0 0 0 0 0 0 0
14 0 0 0 0 0 0 0 0
0 0 0 0 0 0 0 0 0
69 13 0 0 0 0 0 0 0
0 0 0 0 0 0 0 0 0
0 0 0 0 0 0 0 0 0
0 0 0 0 0 0 0 0 0
42 0 0 0 0 0 0 0 0
0 0 0 0 0 0 0 0 0
5 0 0 0 0 0 0 0 0
75 4 0 0 0 0 0 0 0
25 3 0 0 0 0 0 0 0
0 0 0 0 0 0 0 0 0
132 6 0 0 0 0 0 0 0
0 0 0 0 0 0 0 0 0
6 1 0 0 0 0 0 0 0
0 0 0 0 0 0 0 0 0
0 0 0 0 0 0 0 0 0
0 0 0 0 0 0 0 0 0
112 5 0 0 0 0 0 0 0
0 0 0 0 0 0 0 0 0
0 0 0 0 0 0 0 0 0
135 0 0 0 0 0 0 0 0
59 5 0 0 0 0 0 0 0
97 0 0 0 0 0 0 0 0
201 19 0 0 0 0 0 0 0
0 0 0 0 0 0 0 0 0
81 0 0 0 0 0 0 0 0
81 0 0 0 0 0 0 0 0
96 0 0 0 0 0 0 0 0
94 0 0 0 0 0 0 0 0
197 0 0 0 0 0 0 0 0
0 0 0 0 0 0 0 0 0
25 0 0 0 0 0 0 0 0
5 0 0 0 0 0 0 0 0
0 0 0 0 0 0 0 0 0
19 0 0 0 0 0 0 0 0
143 3 0 0 0 0 0 0 0
0 0 0 0 0 0 0 0 0
9 0 0 0 0 0 0 0 0
2 0 0 0 0 0 0 0 0
0 0 0 0 0 0 0 0 0
96 12 0 0 0 0 0 0 0
0 2 0 0 0 0 0 0 0
0 0 0 0 0 0 0 0 0
5 15 0 0 0 0 0 0 0
0 0 0 0 0 0 0 0 0
0 0 0 0 0 0 0 0 0
0 0 0 0 0 0 0 0 0
2 0 0 0 0 0 0 0 0
0 0 0 0 0 0 0 0 0
0 0 0 0 0 0 0 0 0
1 0 0 0 0 0 0 0 0
0 0 0 0 0 0 0 0 0
4 0 0 0 0 0 0 0 0
4 0 0 0 0 0 0 0 0
0 0 0 0 0 0 0 0 0
0 0 0 0 0 0 0 0 0
1 0 0 0 0 0 0 0 0
0 0 0 0 0 0 0 0 0
15 0 0 0 0 0 0 0 0
35 0 0 0 0 0 0 0 0
0 0 0 0 0 0 0 0 0
4 0 0 0 0 0 0 0 0
0 0 0 0 0 0 0 0 0
0 0 0 0 0 0 0 0 0
27 0 0 0 0 0 0 0 0
0 0 0 0 0 0 0 0 0
0 0 0 0 0 0 0 0 0
0 0 0 0 0 0 0 0 0
0 0 0 0 0 0 0 0 0
5 0 0 0 0 0 0 0 0
4 5 0 0 0 0 0 0 0
0 0 0 0 0 0 0 0 0
0 0 0 0 0 0 0 0 0
80 110 0 0 0 0 0 0 0
4 1 0 0 0 0 0 0 0
0 0 0 0 0 0 0 0 0
0 0 0 0 0 0 0 0 0
0 0 0 0 0 0 0 0 0
0 0 0 0 0 0 0 0 0
8 0 0 0 0 0 0 0 0
0 0 0 0 0 0 0 0 0
3 0 0 0 0 0 0 0 0
0 0 0 0 0 0 0 0 0
0 0 0 0 0 0 0 0 0
0 0 0 0 0 0 0 0 0
0 0 0 0 0 0 0 0 0
0 0 0 0 0 0 0 0 0
0 0 0 0 0 0 0 0 0
12 0 0 0 0 0 0 0 0
2 0 0 0 0 0 0 0 0
0 0 0 0 0 0 0 0 0
0 0 0 0 0 0 0 0 0
0 0 0 0 0 0 0 0 0
0 0 0 0 0 0 0 0 0
17 0 0 0 0 0 0 0 0
0 0 0 0 0 0 0 0 0
0 0 0 0 0 0 0 0 0
0 0 0 0 0 0 0 0 0
8 0 0 0 0 0 0 0 0
0 0 0 0 0 0 0 0 0
80 0 0 0 0 0 0 0 0
0 0 0 0 0 0 0 0 0
0 0 0 0 0 0 0 0 0
0 0 0 0 0 0 0 0 0
7 0 0 0 0 0 0 0 0
6 0 0 0 0 0 0 0 0
0 0 0 0 0 0 0 0 0
0 0 0 0 0 0 0 0 0
0 0 0 0 0 0 0 0 0
0 0 0 0 0 0 0 0 0
4 0 0 0 0 0 0 0 0
0 0 0 0 0 0 0 0 0
2 0 0 0 0 0 0 0 0
0 0 0 0 0 0 0 0 0
0 0 0 0 0 0 0 0 0
5 0 0 0 0 0 0 0 0
0 0 0 0 0 0 0 0 0
0 0 0 0 0 0 0 0 0
0 0 0 0 0 0 0 0 0
0 0 0 0 0 0 0 0 0
0 0 0 0 0 0 0 0 0
0 0 0 0 0 0 0 0 0
0 0 0 0 0 0 0 0 0
0 0 0 0 0 0 0 0 0
0 0 0 0 0 0 0 0 0
0 0 0 0 0 0 0 0 0
0 0 0 0 0 0 0 0 0
0 0 0 0 0 0 0 0 0
0 0 0 0 0 0 0 0 0
0 0 0 0 0 0 0 0 0
37 0 0 0 0 0 0 0 0
0 0 0 0 0 0 0 0 0
0 0 0 0 0 0 0 0 0
6 0 0 0 0 0 0 0 0
0 0 0 0 0 0 0 0 0
0 0 0 0 0 0 0 0 0
13 0 0 0 0 0 0 0 0
0 0 0 0 0 0 0 0 0
0 0 0 0 0 0 0 0 0
0 0 0 0 0 0 0 0 0
0 0 0 0 0 0 0 0 0
94 0 0 0 0 0 0 0 0
89 0 0 0 0 0 0 0 0
0 0 0 0 0 0 0 0 0
0 0 0 0 0 0 0 0 0
0 0 0 0 0 0 0 0 0
0 0 0 0 0 0 0 0 0
280 0 0 0 0 0 0 0 0
41 0 0 0 0 0 0 0 0
191 0 0 0 0 0 0 0 0
0 0 0 0 0 0 0 0 0
27 0 0 0 0 0 0 0 0
49 0 0 0 0 0 0 0 0
55 0 0 0 0 0 0 0 0
171 0 0 0 0 0 0 0 0
0 0 0 0 0 0 0 0 0
0 0 0 0 0 0 0 0 0
194 0 0 0 0 0 0 0 0
10 0 0 0 0 0 0 0 0
0 0 0 0 0 0 0 0 0
37 0 0 0 0 0 0 0 0
101 0 0 0 0 0 0 0 0
0 0 0 0 0 0 0 0 0
99 0 0 0 0 0 0 0 0
119 0 0 0 0 0 0 0 0
0 0 0 0 0 0 0 0 0
45 0 0 0 0 0 0 0 0
19 0 0 0 0 0 0 0 0
0 0 0 0 0 0 0 0 0
0 0 0 0 0 0 0 0 0
0 0 0 0 0 0 0 0 0
0 0 0 0 0 0 0 0 0
32 0 0 0 0 0 0 0 0
8 0 0 0 0 0 0 0 0
0 0 0 0 0 0 0 0 0
74 0 0 0 0 0 0 0 0
72 0 0 0 0 0 0 0 0
0 0 0 0 0 0 0 0 0
145 0 0 0 0 0 0 0 0
98 0 0 0 0 0 0 0 0
0 0 0 0 0 0 0 0 0
84 0 0 0 0 0 0 0 0
99 0 0 0 0 0 0 0 0
23 0 0 0 0 0 0 0 0
31 0 0 0 0 0 0 0 0
158 0 0 0 0 0 0 0 0
0 0 0 0 0 0 0 0 0
0 0 0 0 0 0 0 0 0
218 0 0 0 0 0 0 0 0
36 0 0 0 0 0 0 0 0
186 0 0 0 0 0 0 0 0
20 0 0 0 0 0 0 0 0
0 0 0 0 0 0 0 0 0
38 0 0 0 0 0 0 0 0
75 0 0 0 0 0 0 0 0
0 0 0 0 0 0 0 0 0
6554 29834 0 0 0 0 0 0 0
125 4 0 0 0 0 0 0 0
0 0 0 0 0 0 0 0 0
0 0 0 0 0 0 0 0 0
12 0 0 0 0 0 0 0 0
25 0 0 0 0 0 0 0 0
55 2 0 0 0 0 0 0 0
34 0 0 0 0 0 0 0 0
0 0 0 0 0 0 0 0 0
27 0 0 0 0 0 0 0 0
20 0 0 0 0 0 0 0 0
13 0 0 0 0 0 0 0 0
111 0 0 0 0 0 0 0 0
0 0 0 0 0 0 0 0 0
0 0 0 0 0 0 0 0 0
17 0 0 0 0 0 0 0 0
0 0 0 0 0 0 0 0 0
1 0 0 0 0 0 0 0 0
0 0 0 0 0 0 0 0 0
25 0 0 0 0 0 0 0 0
0 0 0 0 0 0 0 0 0
7 0 0 0 0 0 0 0 0
9 0 0 0 0 0 0 0 0
13 0 0 0 0 0 0 0 0
8 0 0 0 0 0 0 0 0
0 0 0 0 0 0 0 0 0
0 0 0 0 0 0 0 0 0
3 0 0 0 0 0 0 0 0
26 0 0 0 0 0 0 0 0
0 0 0 0 0 0 0 0 0
148 0 0 0 0 0 0 0 0
29 0 0 0 0 0 0 0 0
0 0 0 0 0 0 0 0 0
30 0 0 0 0 0 0 0 0
12 0 0 0 0 0 0 0 0
0 0 0 0 0 0 0 0 0
144 0 0 0 0 0 0 0 0
0 0 0 0 0 0 0 0 0
0 0 0 0 0 0 0 0 0
87 0 0 0 0 0 0 0 0
0 0 0 0 0 0 0 0 0
0 0 0 0 0 0 0 0 0
11 0 0 0 0 0 0 0 0
0 0 0 0 0 0 0 0 0
0 0 0 0 0 0 0 0 0
0 0 0 0 0 0 0 0 0
2 0 0 0 0 0 0 0 0
0 0 0 0 0 0 0 0 0
0 0 0 0 0 0 0 0 0
0 0 0 0 0 0 0 0 0
0 0 0 0 0 0 0 0 0
0 0 0 0 0 0 0 0 0
0 0 0 0 0 0 0 0 0
0 0 0 0 0 0 0 0 0
0 0 0 0 0 0 0 0 0
2 0 0 0 0 0 0 0 0
0 0 0 0 0 0 0 0 0
0 0 0 0 0 0 0 0 0
96 0 0 0 0 0 0 0 0
54 0 0 0 0 0 0 0 0
5 0 0 0 0 0 0 0 0
59 0 0 0 0 0 0 0 0
0 0 0 0 0 0 0 0 0
23 0 0 0 0 0 0 0 0
2 0 0 0 0 0 0 0 0
0 0 0 0 0 0 0 0 0
47 0 0 0 0 0 0 0 0
0 0 0 0 0 0 0 0 0
0 0 0 0 0 0 0 0 0
17 0 0 0 0 0 0 0 0
8 0 0 0 0 0 0 0 0
14 0 0 0 0 0 0 0 0
76 0 0 0 0 0 0 0 0
2 0 0 0 0 0 0 0 0
0 0 0 0 0 0 0 0 0
16 0 0 0 0 0 0 0 0
13 0 0 0 0 0 0 0 0
0 0 0 0 0 0 0 0 0
1 0 0 0 0 0 0 0 0
0 0 0 0 0 0 0 0 0
0 0 0 0 0 0 0 0 0
0 0 0 0 0 0 0 0 0
0 0 0 0 0 0 0 0 0
0 0 0 0 0 0 0 0 0
0 0 0 0 0 0 0 0 0
0 0 0 0 0 0 0 0 0
0 0 0 0 0 0 0 0 0
5 0 0 0 0 0 0 0 0
0 0 0 0 0 0 0 0 0
0 0 0 0 0 0 0 0 0
4 0 0 0 0 0 0 0 0
1 0 0 0 0 0 0 0 0
0 0 0 0 0 0 0 0 0
9 0 0 0 0 0 0 0 0
0 0 0 0 0 0 0 0 0
0 0 0 0 0 0 0 0 0
27 0 0 0 0 0 0 0 0
10 0 0 0 0 0 0 0 0
0 0 0 0 0 0 0 0 0
0 0 0 0 0 0 0 0 0
0 0 0 0 0 0 0 0 0
56 0 0 0 0 0 0 0 0
0 0 0 0 0 0 0 0 0
13 0 0 0 0 0 0 0 0
0 0 0 0 0 0 0 0 0
0 0 0 0 0 0 0 0 0
0 0 0 0 0 0 0 0 0
51 0 0 0 0 0 0 0 0
15 0 0 0 0 0 0 0 0
0 0 0 0 0 0 0 0 0
0 0 0 0 0 0 0 0 0
0 0 0 0 0 0 0 0 0
0 34 0 0 0 0 0 0 0
0 0 0 0 0 0 0 0 0
0 200 0 0 0 0 0 0 0
0 0 0 0 0 0 0 0 0
0 0 0 0 0 0 0 0 0
0 369 0 0 0 0 0 0 0
0 90 0 0 0 0 0 0 0
0 104 0 0 0 0 0 0 0
0 207 0 0 0 0 0 0 0
0 672 0 0 0 0 0 0 0
0 0 0 0 0 0 0 0 0
0 374 0 0 0 0 0 0 0
0 333 0 0 0 0 0 0 0
0 191 0 0 0 0 0 0 0
0 50 0 0 0 0 0 0 0
9 137 0 0 0 0 0 0 0
0 0 0 0 0 0 0 0 0
114 186 0 0 0 0 0 0 0
74 200 0 0 0 0 0 0 0
19 198 0 0 0 0 0 0 0
147 298 0 0 0 0 0 0 0
9 3 0 0 0 0 0 0 0
0 0 0 0 0 0 0 0 0
18 1 0 0 0 0 0 0 0
0 0 0 0 0 0 0 0 0
32 292 0 0 0 0 0 0 0
94 23 0 0 0 0 0 0 0
10 10 0 0 0 0 0 0 0
0 0 0 0 0 0 0 0 0
0 11 0 0 0 0 0 0 0
3 15 0 0 0 0 0 0 0
0 0 0 0 0 0 0 0 0
19 36 0 0 0 0 0 0 0
0 11 0 0 0 0 0 0 0
0 0 0 0 0 0 0 0 0
0 117 0 0 0 0 0 0 0
0 0 0 0 0 0 0 0 0
1 491 0 0 0 0 0 0 0
0 467 0 0 0 0 0 0 0
0 83 0 0 0 0 0 0 0
0 0 0 0 0 0 0 0 0
0 69 0 0 0 0 0 0 0
0 0 0 0 0 0 0 0 0
0 287 0 0 0 0 0 0 0
5 27 0 0 0 0 0 0 0
6 78 0 0 0 0 0 0 0
0 0 0 0 0 0 0 0 0
0 48 0 0 0 0 0 0 0
0 140 0 0 0 0 0 0 0
4 227 0 0 0 0 0 0 0
0 0 0 0 0 0 0 0 0
5 162 0 0 0 0 0 0 0
0 0 0 0 0 0 0 0 0
0 15 0 0 0 0 0 0 0
2 16 0 0 0 0 0 0 0
0 11 0 0 0 0 0 0 0
11 31 0 0 0 0 0 0 0
0 0 0 0 0 0 0 0 0
0 0 0 0 0 0 0 0 0
0 8 0 0 0 0 0 0 0
1 33 0 0 0 0 0 0 0
5 31 0 0 0 0 0 0 0
29 70 0 0 0 0 0 0 0
5 25 0 0 0 0 0 0 0
0 0 0 0 0 0 0 0 0
0 94 0 0 0 0 0 0 0
0 224 0 0 0 0 0 0 0
0 284 0 0 0 0 0 0 0
8 1319 0 0 0 0 0 0 0
0 799 0 0 0 0 0 0 0
0 0 0 0 0 0 0 0 0
6 993 0 0 0 0 0 0 0
0 0 0 0 0 0 0 0 0
72 3753 0 0 0 0 0 0 0
0 1767 0 0 0 0 0 0 0
0 1874 0 0 0 0 0 0 0
0 0 0 0 0 0 0 0 0
0 1766 0 0 0 0 0 0 0
0 1758 0 0 0 0 0 0 0
2 1707 0 0 0 0 0 0 0
0 1845 0 0 0 0 0 0 0
19 3700 0 0 0 0 0 0 0
0 0 0 0 0 0 0 0 0
3 1728 0 0 0 0 0 0 0
0 1687 0 0 0 0 0 0 0
0 1566 0 0 0 0 0 0 0
65 3061 0 0 0 0 0 0 0
0 924 0 0 0 0 0 0 0
0 0 0 0 0 0 0 0 0
17 889 0 0 0 0 0 0 0
25 866 0 0 0 0 0 0 0
165 1893 0 0 0 0 0 0 0
0 774 0 0 0 0 0 0 0
0 808 0 0 0 0 0 0 0
0 0 0 0 0 0 0 0 0
0 906 0 0 0 0 0 0 0
0 1029 0 0 0 0 0 0 0
0 1285 0 0 0 0 0 0 0
11 2925 0 0 0 0 0 0 0
0 1636 0 0 0 0 0 0 0
0 0 0 0 0 0 0 0 0
0 1679 0 0 0 0 0 0 0
15 1475 0 0 0 0 0 0 0
6 1304 0 0 0 0 0 0 0
35 1974 0 0 0 0 0 0 0
0 364 0 0 0 0 0 0 0
0 0 0 0 0 0 0 0 0
4 211 0 0 0 0 0 0 0
2 133 0 0 0 0 0 0 0
0 443 0 0 0 0 0 0 0
0 67 0 0 0 0 0 0 0
0 45 0 0 0 0 0 0 0
0 0 0 0 0 0 0 0 0
2 37 0 0 0 0 0 0 0
0 10 0 0 0 0 0 0 0
31 125 0 0 0 0 0 0 0
447 2029 0 0 0 0 0 0 0
0 0 0 0 0 0 0 0 0
0 0 0 0 0 0 0 0 0
142 187 0 0 0 0 0 0 0
10 19 0 0 0 0 0 0 0
33 0 0 0 0 0 0 0 0
242 49 0 0 0 0 0 0 0
92 7 0 0 0 0 0 0 0
0 0 0 0 0 0 0 0 0
95 0 0 0 0 0 0 0 0
119 0 0 0 0 0 0 0 0
84 0 0 0 0 0 0 0 0
284 7 0 0 0 0 0 0 0
24 0 0 0 0 0 0 0 0
0 0 0 0 0 0 0 0 0
2 0 0 0 0 0 0 0 0
0 0 0 0 0 0 0 0 0
46 0 0 0 0 0 0 0 0
160 42 0 0 0 0 0 0 0
87 0 0 0 0 0 0 0 0
0 0 0 0 0 0 0 0 0
88 0 0 0 0 0 0 0 0
0 0 0 0 0 0 0 0 0
257 0 0 0 0 0 0 0 0
219 1 0 0 0 0 0 0 0
0 0 0 0 0 0 0 0 0
0 0 0 0 0 0 0 0 0
32 0 0 0 0 0 0 0 0
30 0 0 0 0 0 0 0 0
16 0 0 0 0 0 0 0 0
19 0 0 0 0 0 0 0 0
0 0 0 0 0 0 0 0 0
0 0 0 0 0 0 0 0 0
0 8 0 0 0 0 0 0 0
0 0 0 0 0 0 0 0 0
4 13 0 0 0 0 0 0 0
161 908 0 0 0 0 0 0 0
5 0 0 0 0 0 0 0 0
0 0 0 0 0 0 0 0 0
0 0 0 0 0 0 0 0 0
0 0 0 0 0 0 0 0 0
0 0 0 0 0 0 0 0 0
0 1 0 0 0 0 0 0 0
0 0 0 0 0 0 0 0 0
0 0 0 0 0 0 0 0 0
0 0 0 0 0 0 0 0 0
0 0 0 0 0 0 0 0 0
29 0 0 0 0 0 0 0 0
2 0 0 0 0 0 0 0 0
8 0 0 0 0 0 0 0 0
0 0 0 0 0 0 0 0 0
24 0 0 0 0 0 0 0 0
48 0 0 0 0 0 0 0 0
47 0 0 0 0 0 0 0 0
233 0 0 0 0 0 0 0 0
0 0 0 0 0 0 0 0 0
0 0 0 0 0 0 0 0 0
196 0 0 0 0 0 0 0 0
0 0 0 0 0 0 0 0 0
7 0 0 0 0 0 0 0 0
0 0 0 0 0 0 0 0 0
0 0 0 0 0 0 0 0 0
0 0 0 0 0 0 0 0 0
0 0 0 0 0 0 0 0 0
0 0 0 0 0 0 0 0 0
0 0 0 0 0 0 0 0 0
0 0 0 0 0 0 0 0 0
0 0 0 0 0 0 0 0 0
0 0 0 0 0 0 0 0 0
2 0 0 0 0 0 0 0 0
0 0 0 0 0 0 0 0 0
48 0 0 0 0 0 0 0 0
4 0 0 0 0 0 0 0 0
0 0 0 0 0 0 0 0 0
0 0 0 0 0 0 0 0 0
0 0 0 0 0 0 0 0 0
0 0 0 0 0 0 0 0 0
0 0 0 0 0 0 0 0 0
0 0 0 0 0 0 0 0 0
0 0 0 0 0 0 0 0 0
0 0 0 0 0 0 0 0 0
340 0 0 0 0 0 0 0 0
175 0 0 0 0 0 0 0 0
65 0 0 0 0 0 0 0 0
238 0 0 0 0 0 0 0 0
76 0 0 0 0 0 0 0 0
0 0 0 0 0 0 0 0 0
40 0 0 0 0 0 0 0 0
43 0 0 0 0 0 0 0 0
0 0 0 0 0 0 0 0 0
131 2 0 0 0 0 0 0 0
95 0 0 0 0 0 0 0 0
0 0 0 0 0 0 0 0 0
0 0 0 0 0 0 0 0 0
20 0 0 0 0 0 0 0 0
59 0 0 0 0 0 0 0 0
244 0 0 0 0 0 0 0 0
51 0 0 0 0 0 0 0 0
0 0 0 0 0 0 0 0 0
26 0 0 0 0 0 0 0 0
0 0 0 0 0 0 0 0 0
384 0 0 0 0 0 0 0 0
13 0 0 0 0 0 0 0 0
12 0 0 0 0 0 0 0 0
0 0 0 0 0 0 0 0 0
0 0 0 0 0 0 0 0 0
27 0 0 0 0 0 0 0 0
21 0 0 0 0 0 0 0 0
84 0 0 0 0 0 0 0 0
0 0 0 0 0 0 0 0 0
0 0 0 0 0 0 0 0 0
32 0 0 0 0 0 0 0 0
0 0 0 0 0 0 0 0 0
58 0 0 0 0 0 0 0 0
80 0 0 0 0 0 0 0 0
16 0 0 0 0 0 0 0 0
0 0 0 0 0 0 0 0 0
2 0 0 0 0 0 0 0 0
39 0 0 0 0 0 0 0 0
17 0 0 0 0 0 0 0 0
31 0 0 0 0 0 0 0 0
0 0 0 0 0 0 0 0 0
0 0 0 0 0 0 0 0 0
2 0 0 0 0 0 0 0 0
0 0 0 0 0 0 0 0 0
35 0 0 0 0 0 0 0 0
0 0 0 0 0 0 0 0 0
5 0 0 0 0 0 0 0 0
0 0 0 0 0 0 0 0 0
0 0 0 0 0 0 0 0 0
24 0 0 0 0 0 0 0 0
4 0 0 0 0 0 0 0 0
19 0 0 0 0 0 0 0 0
0 0 0 0 0 0 0 0 0
0 0 0 0 0 0 0 0 0
10 0 0 0 0 0 0 0 0
31 0 0 0 0 0 0 0 0
13 0 0 0 0 0 0 0 0
65 0 0 0 0 0 0 0 0
5 0 0 0 0 0 0 0 0
0 0 0 0 0 0 0 0 0
0 0 0 0 0 0 0 0 0
2 0 0 0 0 0 0 0 0
0 0 0 0 0 0 0 0 0
153 0 0 0 0 0 0 0 0
17 0 0 0 0 0 0 0 0
0 0 0 0 0 0 0 0 0
31 0 0 0 0 0 0 0 0
0 0 0 0 0 0 0 0 0
214 0 0 0 0 0 0 0 0
173 0 0 0 0 0 0 0 0
20 0 0 0 0 0 0 0 0
0 0 0 0 0 0 0 0 0
22 0 0 0 0 0 0 0 0
3 0 0 0 0 0 0 0 0
5 0 0 0 0 0 0 0 0
19 0 0 0 0 0 0 0 0
37 0 0 0 0 0 0 0 0
0 0 0 0 0 0 0 0 0
0 0 0 0 0 0 0 0 0
15 0 0 0 0 0 0 0 0
0 0 0 0 0 0 0 0 0
6 0 0 0 0 0 0 0 0
1 0 0 0 0 0 0 0 0
0 0 0 0 0 0 0 0 0
0 0 0 0 0 0 0 0 0
0 0 0 0 0 0 0 0 0
36 0 0 0 0 0 0 0 0
6 0 0 0 0 0 0 0 0
7 0 0 0 0 0 0 0 0
0 0 0 0 0 0 0 0 0
33 0 0 0 0 0 0 0 0
67 0 0 0 0 0 0 0 0
66 0 0 0 0 0 0 0 0
263 0 0 0 0 0 0 0 0
135 0 0 0 0 0 0 0 0
0 0 0 0 0 0 0 0 0
201 0 0 0 0 0 0 0 0
0 0 0 0 0 0 0 0 0
910 0 0 0 0 0 0 0 0
236 0 0 0 0 0 0 0 0
84 0 0 0 0 0 0 0 0
0 0 0 0 0 0 0 0 0
77 0 0 0 0 0 0 0 0
98 0 0 0 0 0 0 0 0
147 0 0 0 0 0 0 0 0
512 0 0 0 0 0 0 0 0
32 0 0 0 0 0 0 0 0
0 0 0 0 0 0 0 0 0
44 0 0 0 0 0 0 0 0
5 0 0 0 0 0 0 0 0
0 0 0 0 0 0 0 0 0
231 0 0 0 0 0 0 0 0
32 0 0 0 0 0 0 0 0
0 0 0 0 0 0 0 0 0
0 0 0 0 0 0 0 0 0
260 0 0 0 0 0 0 0 0
0 0 0 0 0 0 0 0 0
65 0 0 0 0 0 0 0 0
0 0 0 0 0 0 0 0 0
0 0 0 0 0 0 0 0 0
0 0 0 0 0 0 0 0 0
0 0 0 0 0 0 0 0 0
0 0 0 0 0 0 0 0 0
0 0 0 0 0 0 0 0 0
0 0 0 0 0 0 0 0 0
0 0 0 0 0 0 0 0 0
9 0 0 0 0 0 0 0 0
0 0 0 0 0 0 0 0 0
0 0 0 0 0 0 0 0 0
0 0 0 0 0 0 0 0 0
304 0 0 0 0 0 0 0 0
0 0 0 0 0 0 0 0 0
118 0 0 0 0 0 0 0 0
767 0 0 0 0 0 0 0 0
896 0 0 0 0 0 0 0 0
0 0 0 0 0 0 0 0 0
944 0 0 0 0 0 0 0 0
0 0 0 0 0 0 0 0 0
728 0 0 0 0 0 0 0 0
78 0 0 0 0 0 0 0 0
49 0 0 0 0 0 0 0 0
35 0 0 0 0 0 0 0 0
19 0 0 0 0 0 0 0 0
0 0 0 0 0 0 0 0 0
0 0 0 0 0 0 0 0 0
0 0 0 0 0 0 0 0 0
0 0 0 0 0 0 0 0 0
340 0 0 0 0 0 0 0 0
18 0 0 0 0 0 0 0 0
0 0 0 0 0 0 0 0 0
18 0 0 0 0 0 0 0 0
37 0 0 0 0 0 0 0 0
155 0 0 0 0 0 0 0 0
30 0 0 0 0 0 0 0 0
0 0 0 0 0 0 0 0 0
0 0 0 0 0 0 0 0 0
211 0 0 0 0 0 0 0 0
35 0 0 0 0 0 0 0 0
115 0 0 0 0 0 0 0 0
28 0 0 0 0 0 0 0 0
40 0 0 0 0 0 0 0 0
0 0 0 0 0 0 0 0 0
106 0 0 0 0 0 0 0 0
0 0 0 0 0 0 0 0 0
164 0 0 0 0 0 0 0 0
84 0 0 0 0 0 0 0 0
103 0 0 0 0 0 0 0 0
0 0 0 0 0 0 0 0 0
3 0 0 0 0 0 0 0 0
0 0 0 0 0 0 0 0 0
49 0 0 0 0 0 0 0 0
0 0 0 0 0 0 0 0 0
0 0 0 0 0 0 0 0 0
0 0 0 0 0 0 0 0 0
0 0 0 0 0 0 0 0 0
4 0 0 0 0 0 0 0 0
0 0 0 0 0 0 0 0 0
0 0 0 0 0 0 0 0 0
7 0 0 0 0 0 0 0 0
0 0 0 0 0 0 0 0 0
0 0 0 0 0 0 0 0 0
1 0 0 0 0 0 0 0 0
0 0 0 0 0 0 0 0 0
81 0 0 0 0 0 0 0 0
68 0 0 0 0 0 0 0 0
0 0 0 0 0 0 0 0 0
70 0 0 0 0 0 0 0 0
78 0 0 0 0 0 0 0 0
166 0 0 0 0 0 0 0 0
78 0 0 0 0 0 0 0 0
156 0 0 0 0 0 0 0 0
0 0 0 0 0 0 0 0 0
180 0 0 0 0 0 0 0 0
0 0 0 0 0 0 0 0 0
360 55 0 0 0 0 0 0 0
35 0 0 0 0 0 0 0 0
3 0 0 0 0 0 0 0 0
0 0 0 0 0 0 0 0 0
15 0 0 0 0 0 0 0 0
3 0 0 0 0 0 0 0 0
0 0 0 0 0 0 0 0 0
38 0 0 0 0 0 0 0 0
0 0 0 0 0 0 0 0 0
0 0 0 0 0 0 0 0 0
0 0 0 0 0 0 0 0 0
42 0 0 0 0 0 0 0 0
0 0 0 0 0 0 0 0 0
11 0 0 0 0 0 0 0 0
428 0 0 0 0 0 0 0 0
0 0 0 0 0 0 0 0 0
342 0 0 0 0 0 0 0 0
491 0 0 0 0 0 0 0 0
431 0 0 0 0 0 0 0 0
345 0 0 0 0 0 0 0 0
460 0 0 0 0 0 0 0 0
0 0 0 0 0 0 0 0 0
155 0 0 0 0 0 0 0 0
237 0 0 0 0 0 0 0 0
81 0 0 0 0 0 0 0 0
70 0 0 0 0 0 0 0 0
581 0 0 0 0 0 0 0 0
0 0 0 0 0 0 0 0 0
256 0 0 0 0 0 0 0 0
0 0 0 0 0 0 0 0 0
823 0 0 0 0 0 0 0 0
110 0 0 0 0 0 0 0 0
557 0 0 0 0 0 0 0 0
0 0 0 0 0 0 0 0 0
258 0 0 0 0 0 0 0 0
304 0 0 0 0 0 0 0 0
268 0 0 0 0 0 0 0 0
225 0 0 0 0 0 0 0 0
163 0 0 0 0 0 0 0 0
0 0 0 0 0 0 0 0 0
283 0 0 0 0 0 0 0 0
0 0 0 0 0 0 0 0 0
187 0 0 0 0 0 0 0 0
5 0 0 0 0 0 0 0 0
320 0 0 0 0 0 0 0 0
0 0 0 0 0 0 0 0 0
197 0 0 0 0 0 0 0 0
239 0 0 0 0 0 0 0 0
214 0 0 0 0 0 0 0 0
207 0 0 0 0 0 0 0 0
209 0 0 0 0 0 0 0 0
0 0 0 0 0 0 0 0 0
551 0 0 0 0 0 0 0 0
286 0 0 0 0 0 0 0 0
0 0 0 0 0 0 0 0 0
790 0 0 0 0 0 0 0 0
1060 0 0 0 0 0 0 0 0
0 0 0 0 0 0 0 0 0
512 0 0 0 0 0 0 0 0
555 11 0 0 0 0 0 0 0
0 0 0 0 0 0 0 0 0
1045 44 0 0 0 0 0 0 0
407 0 0 0 0 0 0 0 0
0 0 0 0 0 0 0 0 0
862 13 0 0 0 0 0 0 0
251 0 0 0 0 0 0 0 0
239 8 0 0 0 0 0 0 0
190 16 0 0 0 0 0 0 0
337 783 0 0 0 0 0 0 0
0 0 0 0 0 0 0 0 0
0 0 0 0 0 0 0 0 0
308 1205 0 0 0 0 0 0 0
0 0 0 0 0 0 0 0 0
184 1593 0 0 0 0 0 0 0
10 683 0 0 0 0 0 0 0
0 0 0 0 0 0 0 0 0
237 2018 0 0 0 0 0 0 0
79 1058 0 0 0 0 0 0 0
90 1095 0 0 0 0 0 0 0
132 1265 0 0 0 0 0 0 0
346 2566 0 0 0 0 0 0 0
0 0 0 0 0 0 0 0 0
112 1406 0 0 0 0 0 0 0
109 1482 0 0 0 0 0 0 0
92 1506 0 0 0 0 0 0 0
55 1590 0 0 0 0 0 0 0
16 1649 0 0 0 0 0 0 0
0 0 0 0 0 0 0 0 0
107 3029 0 0 0 0 0 0 0
25 1852 0 0 0 0 0 0 0
64 1848 0 0 0 0 0 0 0
96 1862 0 0 0 0 0 0 0
0 0 0 0 0 0 0 0 0
0 0 0 0 0 0 0 0 0
748 4440 0 0 0 0 0 0 0
347 1985 0 0 0 0 0 0 0
309 2115 0 0 0 0 0 0 0
178 2289 0 0 0 0 0 0 0
74 2299 0 0 0 0 0 0 0
0 0 0 0 0 0 0 0 0
366 4397 0 0 0 0 0 0 0
130 2272 0 0 0 0 0 0 0
145 2473 0 0 0 0 0 0 0
191 2352 0 0 0 0 0 0 0
174 2465 0 0 0 0 0 0 0
0 0 0 0 0 0 0 0 0
372 4045 0 0 0 0 0 0 0
278 2585 0 0 0 0 0 0 0
307 2599 0 0 0 0 0 0 0
285 2529 0 0 0 0 0 0 0
251 2136 0 0 0 0 0 0 0
0 0 0 0 0 0 0 0 0
552 3674 0 0 0 0 0 0 0
232 1363 0 0 0 0 0 0 0
184 864 0 0 0 0 0 0 0
138 758 0 0 0 0 0 0 0
48 388 0 0 0 0 0 0 0
0 0 0 0 0 0 0 0 0
196 568 0 0 0 0 0 0 0
95 19 0 0 0 0 0 0 0
99 60 0 0 0 0 0 0 0
90 302 0 0 0 0 0 0 0
77 1844 0 0 0 0 0 0 0
0 0 0 0 0 0 0 0 0
0 1266 0 0 0 0 0 0 0
0 0 0 0 0 0 0 0 0
35 3424 0 0 0 0 0 0 0
13 1919 0 0 0 0 0 0 0
202 3956 0 0 0 0 0 0 0
0 0 0 0 0 0 0 0 0
8 2366 0 0 0 0 0 0 0
0 2531 0 0 0 0 0 0 0
12693 28792 0 0 0 0 0 0 0
0 0 0 0 0 0 0 0 0
27 7916 0 0 0 0 0 0 0
18 3628 0 0 0 0 0 0 0
10 3260 0 0 0 0 0 0 0
0 0 0 0 0 0 0 0 0
5 2689 0 0 0 0 0 0 0
0 2098 0 0 0 0 0 0 0
8 2429 0 0 0 0 0 0 0
15 528 0 0 0 0 0 0 0
2 228 0 0 0 0 0 0 0
0 0 0 0 0 0 0 0 0
0 71 0 0 0 0 0 0 0
1 21 0 0 0 0 0 0 0
4 18 0 0 0 0 0 0 0
0 11 0 0 0 0 0 0 0
117 1325 0 0 0 0 0 0 0
0 0 0 0 0 0 0 0 0
0 850 0 0 0 0 0 0 0
8 1104 0 0 0 0 0 0 0
2 1277 0 0 0 0 0 0 0
81 2808 0 0 0 0 0 0 0
0 0 0 0 0 0 0 0 0
0 0 0 0 0 0 0 0 0
47 3290 0 0 0 0 0 0 0
4 1981 0 0 0 0 0 0 0
6 2514 0 0 0 0 0 0 0
56 4625 0 0 0 0 0 0 0
17 2719 0 0 0 0 0 0 0
0 0 0 0 0 0 0 0 0
4 2434 0 0 0 0 0 0 0
3 2019 0 0 0 0 0 0 0
11 1635 0 0 0 0 0 0 0
41 2646 0 0 0 0 0 0 0
26 1298 0 0 0 0 0 0 0
0 0 0 0 0 0 0 0 0
29 1229 0 0 0 0 0 0 0
26 1092 0 0 0 0 0 0 0
40 661 0 0 0 0 0 0 0
97 1311 0 0 0 0 0 0 0
0 0 0 0 0 0 0 0 0
0 0 0 0 0 0 0 0 0
54 1364 0 0 0 0 0 0 0
0 1062 0 0 0 0 0 0 0
41 2081 0 0 0 0 0 0 0
0 991 0 0 0 0 0 0 0
0 778 0 0 0 0 0 0 0
0 0 0 0 0 0 0 0 0
0 686 0 0 0 0 0 0 0
0 617 0 0 0 0 0 0 0
0 507 0 0 0 0 0 0 0
0 507 0 0 0 0 0 0 0
4 779 0 0 0 0 0 0 0
0 0 0 0 0 0 0 0 0
0 9 0 0 0 0 0 0 0
0 157 0 0 0 0 0 0 0
15 897 0 0 0 0 0 0 0
0 342 0 0 0 0 0 0 0
0 475 0 0 0 0 0 0 0
0 0 0 0 0 0 0 0 0
0 382 0 0 0 0 0 0 0
0 502 0 0 0 0 0 0 0
11 674 0 0 0 0 0 0 0
2527 23338 0 0 0 0 0 0 0
48 1376 0 0 0 0 0 0 0
0 0 0 0 0 0 0 0 0
33 1820 0 0 0 0 0 0 0
2 1464 0 0 0 0 0 0 0
25 1825 0 0 0 0 0 0 0
50 3660 0 0 0 0 0 0 0
4 1727 0 0 0 0 0 0 0
0 0 0 0 0 0 0 0 0
20 1626 0 0 0 0 0 0 0
0 0 0 0 0 0 0 0 0
166 2952 0 0 0 0 0 0 0
240 2937 0 0 0 0 0 0 0
111 1700 0 0 0 0 0 0 0
0 0 0 0 0 0 0 0 0
137 1695 0 0 0 0 0 0 0
108 1617 0 0 0 0 0 0 0
65 1651 0 0 0 0 0 0 0
228 3046 0 0 0 0 0 0 0
13 1145 0 0 0 0 0 0 0
0 0 0 0 0 0 0 0 0
0 0 0 0 0 0 0 0 0
162 1996 0 0 0 0 0 0 0
10 517 0 0 0 0 0 0 0
221 1752 0 0 0 0 0 0 0
0 0 0 0 0 0 0 0 0
0 0 0 0 0 0 0 0 0
263 1210 0 0 0 0 0 0 0
79 470 0 0 0 0 0 0 0
42 382 0 0 0 0 0 0 0
114 773 0 0 0 0 0 0 0
25 38 0 0 0 0 0 0 0
0 0 0 0 0 0 0 0 0
16 14 0 0 0 0 0 0 0
26 47 0 0 0 0 0 0 0
38 0 0 0 0 0 0 0 0
66 98 0 0 0 0 0 0 0
9 0 0 0 0 0 0 0 0
0 0 0 0 0 0 0 0 0
45 0 0 0 0 0 0 0 0
38 0 0 0 0 0 0 0 0
55 349 0 0 0 0 0 0 0
0 82 0 0 0 0 0 0 0
0 0 0 0 0 0 0 0 0
0 0 0 0 0 0 0 0 0
2 1682 0 0 0 0 0 0 0
0 1117 0 0 0 0 0 0 0
0 3004 0 0 0 0 0 0 0
0 1740 0 0 0 0 0 0 0
0 2037 0 0 0 0 0 0 0
0 0 0 0 0 0 0 0 0
6 2402 0 0 0 0 0 0 0
0 2704 0 0 0 0 0 0 0
0 4864 0 0 0 0 0 0 0
2 3014 0 0 0 0 0 0 0
0 0 0 0 0 0 0 0 0
0 0 0 0 0 0 0 0 0
47 4908 0 0 0 0 0 0 0
0 2725 0 0 0 0 0 0 0
200 4404 0 0 0 0 0 0 0
122 2012 0 0 0 0 0 0 0
117 1752 0 0 0 0 0 0 0
0 0 0 0 0 0 0 0 0
139 1437 0 0 0 0 0 0 0
106 1360 0 0 0 0 0 0 0
15 1188 0 0 0 0 0 0 0
208 1982 0 0 0 0 0 0 0
161 894 0 0 0 0 0 0 0
0 0 0 0 0 0 0 0 0
145 897 0 0 0 0 0 0 0
169 920 0 0 0 0 0 0 0
130 1937 0 0 0 0 0 0 0
0 1053 0 0 0 0 0 0 0
2 1107 0 0 0 0 0 0 0
0 0 0 0 0 0 0 0 0
11 1150 0 0 0 0 0 0 0
0 0 0 0 0 0 0 0 0
33 2322 0 0 0 0 0 0 0
0 2157 0 0 0 0 0 0 0
6 732 0 0 0 0 0 0 0
0 0 0 0 0 0 0 0 0
6 490 0 0 0 0 0 0 0
0 335 0 0 0 0 0 0 0
0 257 0 0 0 0 0 0 0
0 331 0 0 0 0 0 0 0
0 0 0 0 0 0 0 0 0
0 0 0 0 0 0 0 0 0
0 154 0 0 0 0 0 0 0
0 323 0 0 0 0 0 0 0
154 1557 0 0 0 0 0 0 0
8 1025 0 0 0 0 0 0 0
0 0 0 0 0 0 0 0 0
0 0 0 0 0 0 0 0 0
79 2629 0 0 0 0 0 0 0
19 1742 0 0 0 0 0 0 0
20 4079 0 0 0 0 0 0 0
0 2688 0 0 0 0 0 0 0
1 2678 0 0 0 0 0 0 0
0 0 0 0 0 0 0 0 0
8 2555 0 0 0 0 0 0 0
5 2250 0 0 0 0 0 0 0
3 3831 0 0 0 0 0 0 0
4 2076 0 0 0 0 0 0 0
0 0 0 0 0 0 0 0 0
0 0 0 0 0 0 0 0 0
34 4169 0 0 0 0 0 0 0
18 2597 0 0 0 0 0 0 0
5 2710 0 0 0 0 0 0 0
51 4813 0 0 0 0 0 0 0
3 2708 0 0 0 0 0 0 0
0 0 0 0 0 0 0 0 0
0 2481 0 0 0 0 0 0 0
0 2615 0 0 0 0 0 0 0
0 2515 0 0 0 0 0 0 0
0 4355 0 0 0 0 0 0 0
1 2077 0 0 0 0 0 0 0
0 0 0 0 0 0 0 0 0
0 1742 0 0 0 0 0 0 0
0 1695 0 0 0 0 0 0 0
0 2596 0 0 0 0 0 0 0
0 1211 0 0 0 0 0 0 0
0 1023 0 0 0 0 0 0 0
0 0 0 0 0 0 0 0 0
0 0 0 0 0 0 0 0 0
0 1707 0 0 0 0 0 0 0
3 1189 0 0 0 0 0 0 0
0 368 0 0 0 0 0 0 0
0 340 0 0 0 0 0 0 0
0 0 0 0 0 0 0 0 0
0 346 0 0 0 0 0 0 0
0 379 0 0 0 0 0 0 0
0 291 0 0 0 0 0 0 0
0 26 0 0 0 0 0 0 0
0 0 0 0 0 0 0 0 0
0 0 0 0 0 0 0 0 0
40 497 0 0 0 0 0 0 0
0 71 0 0 0 0 0 0 0
1 228 0 0 0 0 0 0 0
0 28 0 0 0 0 0 0 0
0 19 0 0 0 0 0 0 0
0 0 0 0 0 0 0 0 0
0 70 0 0 0 0 0 0 0
0 47 0 0 0 0 0 0 0
0 0 0 0 0 0 0 0 0
1744 10530 0 0 0 0 0 0 0
56 71 0 0 0 0 0 0 0
0 0 0 0 0 0 0 0 0
9 162 0 0 0 0 0 0 0
3 243 0 0 0 0 0 0 0
47 470 0 0 0 0 0 0 0
22 101 0 0 0 0 0 0 0
6 104 0 0 0 0 0 0 0
0 0 0 0 0 0 0 0 0
13 131 0 0 0 0 0 0 0
20 261 0 0 0 0 0 0 0
68 859 0 0 0 0 0 0 0
0 0 0 0 0 0 0 0 0
78 1005 0 0 0 0 0 0 0
0 0 0 0 0 0 0 0 0
0 395 0 0 0 0 0 0 0
1 309 0 0 0 0 0 0 0
2 660 0 0 0 0 0 0 0
0 25 0 0 0 0 0 0 0
0 0 0 0 0 0 0 0 0
0 0 0 0 0 0 0 0 0
2 0 0 0 0 0 0 0 0
21 0 0 0 0 0 0 0 0
38 3 0 0 0 0 0 0 0
0 0 0 0 0 0 0 0 0
0 2 0 0 0 0 0 0 0
0 0 0 0 0 0 0 0 0
0 0 0 0 0 0 0 0 0
0 0 0 0 0 0 0 0 0
0 4 0 0 0 0 0 0 0
17 0 0 0 0 0 0 0 0
5 0 0 0 0 0 0 0 0
0 0 0 0 0 0 0 0 0
22 0 0 0 0 0 0 0 0
40 0 0 0 0 0 0 0 0
28 0 0 0 0 0 0 0 0
33 4 0 0 0 0 0 0 0
0 0 0 0 0 0 0 0 0
0 0 0 0 0 0 0 0 0
0 0 0 0 0 0 0 0 0
63 0 0 0 0 0 0 0 0
18 0 0 0 0 0 0 0 0
92 0 0 0 0 0 0 0 0
31 0 0 0 0 0 0 0 0
0 0 0 0 0 0 0 0 0
7 0 0 0 0 0 0 0 0
2 0 0 0 0 0 0 0 0
0 0 0 0 0 0 0 0 0
1 0 0 0 0 0 0 0 0
0 0 0 0 0 0 0 0 0
0 0 0 0 0 0 0 0 0
0 0 0 0 0 0 0 0 0
12 0 0 0 0 0 0 0 0
97 0 0 0 0 0 0 0 0
66 0 0 0 0 0 0 0 0
53 0 0 0 0 0 0 0 0
0 0 0 0 0 0 0 0 0
0 0 0 0 0 0 0 0 0
106 0 0 0 0 0 0 0 0
6 2 0 0 0 0 0 0 0
1 0 0 0 0 0 0 0 0
0 0 0 0 0 0 0 0 0
0 0 0 0 0 0 0 0 0
1 0 0 0 0 0 0 0 0
12 0 0 0 0 0 0 0 0
38 0 0 0 0 0 0 0 0
0 0 0 0 0 0 0 0 0
6 0 0 0 0 0 0 0 0
0 0 0 0 0 0 0 0 0
0 0 0 0 0 0 0 0 0
30 0 0 0 0 0 0 0 0
132 0 0 0 0 0 0 0 0
70 0 0 0 0 0 0 0 0
83 0 0 0 0 0 0 0 0
0 0 0 0 0 0 0 0 0
135 0 0 0 0 0 0 0 0
168 0 0 0 0 0 0 0 0
192 0 0 0 0 0 0 0 0
233 0 0 0 0 0 0 0 0
23 0 0 0 0 0 0 0 0
0 0 0 0 0 0 0 0 0
0 0 0 0 0 0 0 0 0
231 0 0 0 0 0 0 0 0
547 0 0 0 0 0 0 0 0
291 0 0 0 0 0 0 0 0
0 0 0 0 0 0 0 0 0
0 0 0 0 0 0 0 0 0
321 0 0 0 0 0 0 0 0
437 0 0 0 0 0 0 0 0
375 0 0 0 0 0 0 0 0
313 0 0 0 0 0 0 0 0
383 0 0 0 0 0 0 0 0
0 0 0 0 0 0 0 0 0
387 0 0 0 0 0 0 0 0
372 0 0 0 0 0 0 0 0
224 0 0 0 0 0 0 0 0
873 0 0 0 0 0 0 0 0
503 0 0 0 0 0 0 0 0
0 0 0 0 0 0 0 0 0
515 0 0 0 0 0 0 0 0
423 0 0 0 0 0 0 0 0
552 0 0 0 0 0 0 0 0
66 0 0 0 0 0 0 0 0
105 0 0 0 0 0 0 0 0
0 0 0 0 0 0 0 0 0
139 0 0 0 0 0 0 0 0
166 0 0 0 0 0 0 0 0
0 0 0 0 0 0 0 0 0
507 0 0 0 0 0 0 0 0
158 0 0 0 0 0 0 0 0
0 0 0 0 0 0 0 0 0
126 0 0 0 0 0 0 0 0
111 0 0 0 0 0 0 0 0
111 0 0 0 0 0 0 0 0
300 0 0 0 0 0 0 0 0
73 0 0 0 0 0 0 0 0
0 0 0 0 0 0 0 0 0
65 0 0 0 0 0 0 0 0
57 0 0 0 0 0 0 0 0
152 0 0 0 0 0 0 0 0
13 0 0 0 0 0 0 0 0
0 0 0 0 0 0 0 0 0
0 0 0 0 0 0 0 0 0
12 0 0 0 0 0 0 0 0
0 0 0 0 0 0 0 0 0
95 0 0 0 0 0 0 0 0
2 0 0 0 0 0 0 0 0
0 0 0 0 0 0 0 0 0
0 0 0 0 0 0 0 0 0
8 0 0 0 0 0 0 0 0
0 0 0 0 0 0 0 0 0
24 0 0 0 0 0 0 0 0
6 0 0 0 0 0 0 0 0
0 0 0 0 0 0 0 0 0
0 0 0 0 0 0 0 0 0
0 0 0 0 0 0 0 0 0
2 0 0 0 0 0 0 0 0
1 0 0 0 0 0 0 0 0
0 0 0 0 0 0 0 0 0
0 0 0 0 0 0 0 0 0
0 0 0 0 0 0 0 0 0
0 0 0 0 0 0 0 0 0
0 0 0 0 0 0 0 0 0
0 0 0 0 0 0 0 0 0
0 0 0 0 0 0 0 0 0
0 0 0 0 0 0 0 0 0
0 0 0 0 0 0 0 0 0
2 0 0 0 0 0 0 0 0
4 0 0 0 0 0 0 0 0
0 0 0 0 0 0 0 0 0
44 0 0 0 0 0 0 0 0
3 0 0 0 0 0 0 0 0
0 0 0 0 0 0 0 0 0
37 0 0 0 0 0 0 0 0
95 1 0 0 0 0 0 0 0
136 0 0 0 0 0 0 0 0
361 0 0 0 0 0 0 0 0
113 0 0 0 0 0 0 0 0
0 0 0 0 0 0 0 0 0
80 0 0 0 0 0 0 0 0
324 0 0 0 0 0 0 0 0
96 0 0 0 0 0 0 0 0
130 0 0 0 0 0 0 0 0
66 0 0 0 0 0 0 0 0
0 0 0 0 0 0 0 0 0
28 0 0 0 0 0 0 0 0
164 0 0 0 0 0 0 0 0
41 0 0 0 0 0 0 0 0
7 0 0 0 0 0 0 0 0
2 0 0 0 0 0 0 0 0
0 0 0 0 0 0 0 0 0
61 0 0 0 0 0 0 0 0
8 0 0 0 0 0 0 0 0
6 0 0 0 0 0 0 0 0
0 0 0 0 0 0 0 0 0
39 0 0 0 0 0 0 0 0
0 0 0 0 0 0 0 0 0
0 0 0 0 0 0 0 0 0
0 0 0 0 0 0 0 0 0
0 0 0 0 0 0 0 0 0
0 0 0 0 0 0 0 0 0
0 0 0 0 0 0 0 0 0
0 0 0 0 0 0 0 0 0
9 0 0 0 0 0 0 0 0
0 0 0 0 0 0 0 0 0
0 0 0 0 0 0 0 0 0
0 0 0 0 0 0 0 0 0
0 0 0 0 0 0 0 0 0
0 0 0 0 0 0 0 0 0
25 0 0 0 0 0 0 0 0
131 0 0 0 0 0 0 0 0
140 0 0 0 0 0 0 0 0
0 0 0 0 0 0 0 0 0
378 0 0 0 0 0 0 0 0
0 0 0 0 0 0 0 0 0
79 0 0 0 0 0 0 0 0
40 0 0 0 0 0 0 0 0
27 0 0 0 0 0 0 0 0
13 0 0 0 0 0 0 0 0
0 0 0 0 0 0 0 0 0
0 0 0 0 0 0 0 0 0
142 0 0 0 0 0 0 0 0
3 0 0 0 0 0 0 0 0
5 0 0 0 0 0 0 0 0
0 0 0 0 0 0 0 0 0
62 0 0 0 0 0 0 0 0
0 0 0 0 0 0 0 0 0
96 0 0 0 0 0 0 0 0
9 0 0 0 0 0 0 0 0
6 0 0 0 0 0 0 0 0
20 0 0 0 0 0 0 0 0
33 0 0 0 0 0 0 0 0
0 0 0 0 0 0 0 0 0
324 0 0 0 0 0 0 0 0
38 0 0 0 0 0 0 0 0
86 0 0 0 0 0 0 0 0
137 0 0 0 0 0 0 0 0
341 0 0 0 0 0 0 0 0
0 0 0 0 0 0 0 0 0
128 0 0 0 0 0 0 0 0
0 0 0 0 0 0 0 0 0
273 0 0 0 0 0 0 0 0
195 0 0 0 0 0 0 0 0
435 0 0 0 0 0 0 0 0
0 0 0 0 0 0 0 0 0
174 0 0 0 0 0 0 0 0
95 0 0 0 0 0 0 0 0
49 0 0 0 0 0 0 0 0
21 0 0 0 0 0 0 0 0
79 0 0 0 0 0 0 0 0
0 0 0 0 0 0 0 0 0
0 0 0 0 0 0 0 0 0
92 0 0 0 0 0 0 0 0
15 0 0 0 0 0 0 0 0
17 0 0 0 0 0 0 0 0
15 0 0 0 0 0 0 0 0
0 0 0 0 0 0 0 0 0
94 0 0 0 0 0 0 0 0
8 0 0 0 0 0 0 0 0
3 0 0 0 0 0 0 0 0
0 0 0 0 0 0 0 0 0
35 0 0 0 0 0 0 0 0
0 0 0 0 0 0 0 0 0
0 0 0 0 0 0 0 0 0
0 0 0 0 0 0 0 0 0
3 0 0 0 0 0 0 0 0
40 0 0 0 0 0 0 0 0
360 7 0 0 0 0 0 0 0
0 0 0 0 0 0 0 0 0
163 0 0 0 0 0 0 0 0
107 0 0 0 0 0 0 0 0
71 0 0 0 0 0 0 0 0
310 0 0 0 0 0 0 0 0
87 0 0 0 0 0 0 0 0
0 0 0 0 0 0 0 0 0
112 0 0 0 0 0 0 0 0
106 0 0 0 0 0 0 0 0
77 0 0 0 0 0 0 0 0
179 0 0 0 0 0 0 0 0
392 0 0 0 0 0 0 0 0
0 0 0 0 0 0 0 0 0
69 0 0 0 0 0 0 0 0
84 0 0 0 0 0 0 0 0
0 0 0 0 0 0 0 0 0
323 0 0 0 0 0 0 0 0
215 0 0 0 0 0 0 0 0
0 0 0 0 0 0 0 0 0
15 0 0 0 0 0 0 0 0
6 0 0 0 0 0 0 0 0
19 0 0 0 0 0 0 0 0
0 0 0 0 0 0 0 0 0
0 0 0 0 0 0 0 0 0
0 0 0 0 0 0 0 0 0
0 0 0 0 0 0 0 0 0
0 0 0 0 0 0 0 0 0
0 0 0 0 0 0 0 0 0
15 0 0 0 0 0 0 0 0
38 0 0 0 0 0 0 0 0
0 0 0 0 0 0 0 0 0
0 0 0 0 0 0 0 0 0
0 0 0 0 0 0 0 0 0
0 0 0 0 0 0 0 0 0
19 0 0 0 0 0 0 0 0
39 0 0 0 0 0 0 0 0
0 0 0 0 0 0 0 0 0
0 0 0 0 0 0 0 0 0
74 0 0 0 0 0 0 0 0
34 0 0 0 0 0 0 0 0
107 0 0 0 0 0 0 0 0
323 0 0 0 0 0 0 0 0
0 0 0 0 0 0 0 0 0
0 0 0 0 0 0 0 0 0
300 0 0 0 0 0 0 0 0
112 0 0 0 0 0 0 0 0
45 0 0 0 0 0 0 0 0
185 0 0 0 0 0 0 0 0
0 0 0 0 0 0 0 0 0
118 0 0 0 0 0 0 0 0
0 0 0 0 0 0 0 0 0
369 0 0 0 0 0 0 0 0
506 0 0 0 0 0 0 0 0
104 0 0 0 0 0 0 0 0
0 0 0 0 0 0 0 0 0
131 0 0 0 0 0 0 0 0
243 0 0 0 0 0 0 0 0
633 0 0 0 0 0 0 0 0
241 0 0 0 0 0 0 0 0
238 0 0 0 0 0 0 0 0
0 0 0 0 0 0 0 0 0
0 0 0 0 0 0 0 0 0
635 0 0 0 0 0 0 0 0
430 0 0 0 0 0 0 0 0
183 0 0 0 0 0 0 0 0
181 0 0 0 0 0 0 0 0
0 0 0 0 0 0 0 0 0
95 0 0 0 0 0 0 0 0
161 0 0 0 0 0 0 0 0
118 0 0 0 0 0 0 0 0
281 0 0 0 0 0 0 0 0
0 0 0 0 0 0 0 0 0
0 0 0 0 0 0 0 0 0
334 0 0 0 0 0 0 0 0
26 0 0 0 0 0 0 0 0
156 0 0 0 0 0 0 0 0
0 0 0 0 0 0 0 0 0
0 0 0 0 0 0 0 0 0
0 0 0 0 0 0 0 0 0
54 0 0 0 0 0 0 0 0
96 0 0 0 0 0 0 0 0
89 0 0 0 0 0 0 0 0
341 0 0 0 0 0 0 0 0
122 0 0 0 0 0 0 0 0
0 0 0 0 0 0 0 0 0
65 0 0 0 0 0 0 0 0
57 0 0 0 0 0 0 0 0
166 0 0 0 0 0 0 0 0
0 0 0 0 0 0 0 0 0
293 8 0 0 0 0 0 0 0
0 0 0 0 0 0 0 0 0
99 0 0 0 0 0 0 0 0
133 0 0 0 0 0 0 0 0
449 0 0 0 0 0 0 0 0
165 0 0 0 0 0 0 0 0
170 0 0 0 0 0 0 0 0
0 0 0 0 0 0 0 0 0
147 0 0 0 0 0 0 0 0
217 0 0 0 0 0 0 0 0
254 0 0 0 0 0 0 0 0
285 0 0 0 0 0 0 0 0
0 0 0 0 0 0 0 0 0
0 0 0 0 0 0 0 0 0
792 0 0 0 0 0 0 0 0
518 0 0 0 0 0 0 0 0
0 0 0 0 0 0 0 0 0
397 0 0 0 0 0 0 0 0
91 0 0 0 0 0 0 0 0
0 0 0 0 0 0 0 0 0
0 0 0 0 0 0 0 0 0
343 0 0 0 0 0 0 0 0
480 0 0 0 0 0 0 0 0
305 0 0 0 0 0 0 0 0
278 0 0 0 0 0 0 0 0
0 0 0 0 0 0 0 0 0
242 0 0 0 0 0 0 0 0
577 0 0 0 0 0 0 0 0
110 0 0 0 0 0 0 0 0
76 0 0 0 0 0 0 0 0
0 0 0 0 0 0 0 0 0
0 0 0 0 0 0 0 0 0
502 0 0 0 0 0 0 0 0
69 0 0 0 0 0 0 0 0
325 0 0 0 0 0 0 0 0
31 0 0 0 0 0 0 0 0
16 0 0 0 0 0 0 0 0
0 0 0 0 0 0 0 0 0
1 0 0 0 0 0 0 0 0
14 0 0 0 0 0 0 0 0
46 0 0 0 0 0 0 0 0
168 0 0 0 0 0 0 0 0
52 0 0 0 0 0 0 0 0
0 0 0 0 0 0 0 0 0
23 0 0 0 0 0 0 0 0
7 0 0 0 0 0 0 0 0
1 0 0 0 0 0 0 0 0
19 0 0 0 0 0 0 0 0
2 0 0 0 0 0 0 0 0
0 0 0 0 0 0 0 0 0
0 0 0 0 0 0 0 0 0
72 0 0 0 0 0 0 0 0
91 0 0 0 0 0 0 0 0
61 0 0 0 0 0 0 0 0
77 0 0 0 0 0 0 0 0
0 0 0 0 0 0 0 0 0
106 0 0 0 0 0 0 0 0
120 0 0 0 0 0 0 0 0
302 0 0 0 0 0 0 0 0
111 0 0 0 0 0 0 0 0
42 0 0 0 0 0 0 0 0
0 0 0 0 0 0 0 0 0
0 0 0 0 0 0 0 0 0
78 0 0 0 0 0 0 0 0
79 0 0 0 0 0 0 0 0
15 0 0 0 0 0 0 0 0
6 0 0 0 0 0 0 0 0
0 0 0 0 0 0 0 0 0
2 0 0 0 0 0 0 0 0
14 0 0 0 0 0 0 0 0
44 0 0 0 0 0 0 0 0
247 0 0 0 0 0 0 0 0
231 0 0 0 0 0 0 0 0
0 0 0 0 0 0 0 0 0
316 0 0 0 0 0 0 0 0
310 0 0 0 0 0 0 0 0
312 0 0 0 0 0 0 0 0
25 0 0 0 0 0 0 0 0
88 0 0 0 0 0 0 0 0
0 0 0 0 0 0 0 0 0
116 0 0 0 0 0 0 0 0
144 0 0 0 0 0 0 0 0
201 0 0 0 0 0 0 0 0
0 0 0 0 0 0 0 0 0
7 0 0 0 0 0 0 0 0
0 0 0 0 0 0 0 0 0
0 0 0 0 0 0 0 0 0
0 0 0 0 0 0 0 0 0
0 0 0 0 0 0 0 0 0
13 0 0 0 0 0 0 0 0
0 0 0 0 0 0 0 0 0
0 0 0 0 0 0 0 0 0
1 0 0 0 0 0 0 0 0
19 0 0 0 0 0 0 0 0
13 0 0 0 0 0 0 0 0
16 0 0 0 0 0 0 0 0
0 0 0 0 0 0 0 0 0
0 0 0 0 0 0 0 0 0
8 241 0 0 0 0 0 0 0
35 820 0 0 0 0 0 0 0
0 537 0 0 0 0 0 0 0
0 764 0 0 0 0 0 0 0
0 802 0 0 0 0 0 0 0
0 0 0 0 0 0 0 0 0
0 787 0 0 0 0 0 0 0
5 1183 0 0 0 0 0 0 0
0 326 0 0 0 0 0 0 0
0 0 0 0 0 0 0 0 0
0 548 0 0 0 0 0 0 0
0 0 0 0 0 0 0 0 0
0 453 0 0 0 0 0 0 0
0 824 0 0 0 0 0 0 0
0 417 0 0 0 0 0 0 0
0 65 0 0 0 0 0 0 0
0 2 0 0 0 0 0 0 0
0 0 0 0 0 0 0 0 0
0 6 0 0 0 0 0 0 0
0 142 0 0 0 0 0 0 0
0 1 0 0 0 0 0 0 0
0 2 0 0 0 0 0 0 0
1 0 0 0 0 0 0 0 0
0 0 0 0 0 0 0 0 0
3 0 0 0 0 0 0 0 0
15 6 0 0 0 0 0 0 0
198 100 0 0 0 0 0 0 0
94 10 0 0 0 0 0 0 0
27 0 0 0 0 0 0 0 0
0 0 0 0 0 0 0 0 0
5 43 0 0 0 0 0 0 0
51 54 0 0 0 0 0 0 0
0 0 0 0 0 0 0 0 0
141 671 0 0 0 0 0 0 0
2 98 0 0 0 0 0 0 0
0 0 0 0 0 0 0 0 0
0 116 0 0 0 0 0 0 0
16 331 0 0 0 0 0 0 0
6 72 0 0 0 0 0 0 0
13 81 0 0 0 0 0 0 0
0 0 0 0 0 0 0 0 0
0 0 0 0 0 0 0 0 0
106 401 0 0 0 0 0 0 0
64 544 0 0 0 0 0 0 0
9 187 0 0 0 0 0 0 0
17 128 0 0 0 0 0 0 0
9 55 0 0 0 0 0 0 0
0 0 0 0 0 0 0 0 0
10 0 0 0 0 0 0 0 0
19 2 0 0 0 0 0 0 0
4 0 0 0 0 0 0 0 0
46 69 0 0 0 0 0 0 0
15 19 0 0 0 0 0 0 0
0 0 0 0 0 0 0 0 0
0 0 0 0 0 0 0 0 0
28 182 0 0 0 0 0 0 0
15 190 0 0 0 0 0 0 0
0 0 0 0 0 0 0 0 0
67 142 0 0 0 0 0 0 0
0 0 0 0 0 0 0 0 0
13 61 0 0 0 0 0 0 0
113 174 0 0 0 0 0 0 0
0 25 0 0 0 0 0 0 0
0 64 0 0 0 0 0 0 0
0 104 0 0 0 0 0 0 0
0 0 0 0 0 0 0 0 0
0 131 0 0 0 0 0 0 0
0 138 0 0 0 0 0 0 0
0 69 0 0 0 0 0 0 0
6 155 0 0 0 0 0 0 0
11 77 0 0 0 0 0 0 0
0 0 0 0 0 0 0 0 0
71 184 0 0 0 0 0 0 0
228 588 0 0 0 0 0 0 0
52 294 0 0 0 0 0 0 0
30 348 0 0 0 0 0 0 0
17 317 0 0 0 0 0 0 0
0 0 0 0 0 0 0 0 0
6 232 0 0 0 0 0 0 0
0 0 0 0 0 0 0 0 0
60 761 0 0 0 0 0 0 0
0 71 0 0 0 0 0 0 0
0 100 0 0 0 0 0 0 0
0 0 0 0 0 0 0 0 0
0 135 0 0 0 0 0 0 0
0 208 0 0 0 0 0 0 0
92 588 0 0 0 0 0 0 0
0 0 0 0 0 0 0 0 0
151 607 0 0 0 0 0 0 0
0 0 0 0 0 0 0 0 0
2 258 0 0 0 0 0 0 0
1 271 0 0 0 0 0 0 0
20 665 0 0 0 0 0 0 0
4 19 0 0 0 0 0 0 0
0 23 0 0 0 0 0 0 0
0 0 0 0 0 0 0 0 0
5 10 0 0 0 0 0 0 0
0 0 0 0 0 0 0 0 0
0 0 0 0 0 0 0 0 0
76 0 0 0 0 0 0 0 0
57 0 0 0 0 0 0 0 0
0 0 0 0 0 0 0 0 0
60 0 0 0 0 0 0 0 0
98 0 0 0 0 0 0 0 0
0 0 0 0 0 0 0 0 0
1 0 0 0 0 0 0 0 0
46 0 0 0 0 0 0 0 0
0 0 0 0 0 0 0 0 0
0 0 0 0 0 0 0 0 0
213 0 0 0 0 0 0 0 0
10 0 0 0 0 0 0 0 0
0 0 0 0 0 0 0 0 0
0 0 0 0 0 0 0 0 0
0 0 0 0 0 0 0 0 0
18 0 0 0 0 0 0 0 0
27 0 0 0 0 0 0 0 0
125 0 0 0 0 0 0 0 0
21 0 0 0 0 0 0 0 0
12 0 0 0 0 0 0 0 0
0 0 0 0 0 0 0 0 0
1 0 0 0 0 0 0 0 0
14 0 0 0 0 0 0 0 0
53 0 0 0 0 0 0 0 0
24 0 0 0 0 0 0 0 0
7 0 0 0 0 0 0 0 0
0 0 0 0 0 0 0 0 0
0 0 0 0 0 0 0 0 0
0 0 0 0 0 0 0 0 0
13 0 0 0 0 0 0 0 0
0 0 0 0 0 0 0 0 0
0 0 0 0 0 0 0 0 0
0 0 0 0 0 0 0 0 0
0 0 0 0 0 0 0 0 0
6 0 0 0 0 0 0 0 0
2 0 0 0 0 0 0 0 0
0 0 0 0 0 0 0 0 0
0 0 0 0 0 0 0 0 0
0 0 0 0 0 0 0 0 0
19 0 0 0 0 0 0 0 0
0 0 0 0 0 0 0 0 0
0 0 0 0 0 0 0 0 0
0 0 0 0 0 0 0 0 0
17 0 0 0 0 0 0 0 0
0 0 0 0 0 0 0 0 0
0 0 0 0 0 0 0 0 0
0 0 0 0 0 0 0 0 0
34 0 0 0 0 0 0 0 0
1 0 0 0 0 0 0 0 0
0 0 0 0 0 0 0 0 0
0 0 0 0 0 0 0 0 0
0 0 0 0 0 0 0 0 0
0 0 0 0 0 0 0 0 0
10 0 0 0 0 0 0 0 0
3 0 0 0 0 0 0 0 0
11 0 0 0 0 0 0 0 0
0 0 0 0 0 0 0 0 0
23 0 0 0 0 0 0 0 0
93 0 0 0 0 0 0 0 0
385 0 0 0 0 0 0 0 0
64 0 0 0 0 0 0 0 0
35 0 0 0 0 0 0 0 0
0 0 0 0 0 0 0 0 0
31 0 0 0 0 0 0 0 0
55 0 0 0 0 0 0 0 0
278 0 0 0 0 0 0 0 0
21 0 0 0 0 0 0 0 0
0 0 0 0 0 0 0 0 0
0 0 0 0 0 0 0 0 0
496 0 0 0 0 0 0 0 0
552 0 0 0 0 0 0 0 0
87 0 0 0 0 0 0 0 0
90 0 0 0 0 0 0 0 0
20 0 0 0 0 0 0 0 0
0 0 0 0 0 0 0 0 0
54 0 0 0 0 0 0 0 0
55 0 0 0 0 0 0 0 0
76 0 0 0 0 0 0 0 0
4 0 0 0 0 0 0 0 0
6 0 0 0 0 0 0 0 0
0 0 0 0 0 0 0 0 0
78 0 0 0 0 0 0 0 0
496 15 0 0 0 0 0 0 0
206 0 0 0 0 0 0 0 0
188 0 0 0 0 0 0 0 0
103 0 0 0 0 0 0 0 0
0 0 0 0 0 0 0 0 0
193 0 0 0 0 0 0 0 0
163 0 0 0 0 0 0 0 0
233 0 0 0 0 0 0 0 0
0 0 0 0 0 0 0 0 0
39 0 0 0 0 0 0 0 0
0 0 0 0 0 0 0 0 0
65 0 0 0 0 0 0 0 0
74 0 0 0 0 0 0 0 0
90 0 0 0 0 0 0 0 0
341 0 0 0 0 0 0 0 0
92 0 0 0 0 0 0 0 0
0 0 0 0 0 0 0 0 0
59 0 0 0 0 0 0 0 0
282 0 0 0 0 0 0 0 0
44 0 0 0 0 0 0 0 0
63 0 0 0 0 0 0 0 0
77 0 0 0 0 0 0 0 0
0 0 0 0 0 0 0 0 0
62 0 0 0 0 0 0 0 0
172 0 0 0 0 0 0 0 0
0 0 0 0 0 0 0 0 0
179 0 0 0 0 0 0 0 0
115 0 0 0 0 0 0 0 0
0 0 0 0 0 0 0 0 0
169 0 0 0 0 0 0 0 0
249 0 0 0 0 0 0 0 0
107 0 0 0 0 0 0 0 0
42 0 0 0 0 0 0 0 0
55 0 0 0 0 0 0 0 0
0 0 0 0 0 0 0 0 0
132 0 0 0 0 0 0 0 0
107 0 0 0 0 0 0 0 0
185 0 0 0 0 0 0 0 0
12 0 0 0 0 0 0 0 0
107 0 0 0 0 0 0 0 0
0 0 0 0 0 0 0 0 0
91 0 0 0 0 0 0 0 0
268 0 0 0 0 0 0 0 0
19 0 0 0 0 0 0 0 0
0 0 0 0 0 0 0 0 0
33 0 0 0 0 0 0 0 0
0 0 0 0 0 0 0 0 0
0 0 0 0 0 0 0 0 0
0 0 0 0 0 0 0 0 0
8 0 0 0 0 0 0 0 0
44 0 0 0 0 0 0 0 0
44 0 0 0 0 0 0 0 0
0 0 0 0 0 0 0 0 0
29 0 0 0 0 0 0 0 0
8 0 0 0 0 0 0 0 0
51 0 0 0 0 0 0 0 0
405 0 0 0 0 0 0 0 0
48 0 0 0 0 0 0 0 0
0 0 0 0 0 0 0 0 0
200 0 0 0 0 0 0 0 0
0 0 0 0 0 0 0 0 0
0 0 0 0 0 0 0 0 0
9 0 0 0 0 0 0 0 0
18 0 0 0 0 0 0 0 0
0 0 0 0 0 0 0 0 0
33 0 0 0 0 0 0 0 0
312 101 0 0 0 0 0 0 0
201 0 0 0 0 0 0 0 0
194 0 0 0 0 0 0 0 0
136 0 0 0 0 0 0 0 0
0 0 0 0 0 0 0 0 0
346 6 0 0 0 0 0 0 0
39 0 0 0 0 0 0 0 0
48 0 0 0 0 0 0 0 0
115 0 0 0 0 0 0 0 0
109 0 0 0 0 0 0 0 0
0 0 0 0 0 0 0 0 0
0 0 0 0 0 0 0 0 0
450 0 0 0 0 0 0 0 0
0 0 0 0 0 0 0 0 0
0 0 0 0 0 0 0 0 0
0 0 0 0 0 0 0 0 0
0 0 0 0 0 0 0 0 0
0 0 0 0 0 0 0 0 0
0 0 0 0 0 0 0 0 0
0 0 0 0 0 0 0 0 0
8 1 0 0 0 0 0 0 0
0 0 0 0 0 0 0 0 0
0 0 0 0 0 0 0 0 0
29 0 0 0 0 0 0 0 0
0 0 0 0 0 0 0 0 0
0 0 0 0 0 0 0 0 0
0 0 0 0 0 0 0 0 0
4 0 0 0 0 0 0 0 0
0 0 0 0 0 0 0 0 0
0 0 0 0 0 0 0 0 0
11 0 0 0 0 0 0 0 0
28 2 0 0 0 0 0 0 0
0 0 0 0 0 0 0 0 0
0 0 0 0 0 0 0 0 0
0 0 0 0 0 0 0 0 0
1 0 0 0 0 0 0 0 0
15 0 0 0 0 0 0 0 0
63 222 0 0 0 0 0 0 0
0 0 0 0 0 0 0 0 0
97 704 0 0 0 0 0 0 0
0 0 0 0 0 0 0 0 0
32 738 0 0 0 0 0 0 0
113 2096 0 0 0 0 0 0 0
63 1353 0 0 0 0 0 0 0
85 1587 0 0 0 0 0 0 0
114 1552 0 0 0 0 0 0 0
0 0 0 0 0 0 0 0 0
149 1726 0 0 0 0 0 0 0
269 3514 0 0 0 0 0 0 0
155 1750 0 0 0 0 0 0 0
125 1922 0 0 0 0 0 0 0
93 2050 0 0 0 0 0 0 0
0 0 0 0 0 0 0 0 0
160 1834 0 0 0 0 0 0 0
383 3716 0 0 0 0 0 0 0
164 1335 0 0 0 0 0 0 0
228 1008 0 0 0 0 0 0 0
277 686 0 0 0 0 0 0 0
0 0 0 0 0 0 0 0 0
0 0 0 0 0 0 0 0 0
1158 2759 0 0 0 0 0 0 0
428 1106 0 0 0 0 0 0 0
389 1246 0 0 0 0 0 0 0
265 1064 0 0 0 0 0 0 0
0 0 0 0 0 0 0 0 0
239 1101 0 0 0 0 0 0 0
140 1090 0 0 0 0 0 0 0
125 972 0 0 0 0 0 0 0
286 2092 0 0 0 0 0 0 0
126 776 0 0 0 0 0 0 0
0 0 0 0 0 0 0 0 0
635 1819 0 0 0 0 0 0 0
264 796 0 0 0 0 0 0 0
455 772 0 0 0 0 0 0 0
427 755 0 0 0 0 0 0 0
510 532 0 0 0 0 0 0 0
0 0 0 0 0 0 0 0 0
415 425 0 0 0 0 0 0 0
376 364 0 0 0 0 0 0 0
549 779 0 0 0 0 0 0 0
109 87 0 0 0 0 0 0 0
133 5 0 0 0 0 0 0 0
0 0 0 0 0 0 0 0 0
130 2 0 0 0 0 0 0 0
475 57 0 0 0 0 0 0 0
62 0 0 0 0 0 0 0 0
19 0 0 0 0 0 0 0 0
28 2 0 0 0 0 0 0 0
0 0 0 0 0 0 0 0 0
26 16 0 0 0 0 0 0 0
84 458 0 0 0 0 0 0 0
9 115 0 0 0 0 0 0 0
58 93 0 0 0 0 0 0 0
89 151 0 0 0 0 0 0 0
0 0 0 0 0 0 0 0 0
0 0 0 0 0 0 0 0 0
352 1065 0 0 0 0 0 0 0
91 25 0 0 0 0 0 0 0
87 20 0 0 0 0 0 0 0
40 12 0 0 0 0 0 0 0
0 0 0 0 0 0 0 0 0
41 3 0 0 0 0 0 0 0
46 218 0 0 0 0 0 0 0
0 9 0 0 0 0 0 0 0
0 0 0 0 0 0 0 0 0
4 171 0 0 0 0 0 0 0
0 0 0 0 0 0 0 0 0
0 5 0 0 0 0 0 0 0
0 15 0 0 0 0 0 0 0
11 144 0 0 0 0 0 0 0
0 55 0 0 0 0 0 0 0
0 29 0 0 0 0 0 0 0
0 0 0 0 0 0 0 0 0
0 0 0 0 0 0 0 0 0
80 297 0 0 0 0 0 0 0
71 41 0 0 0 0 0 0 0
112 67 0 0 0 0 0 0 0
153 67 0 0 0 0 0 0 0
0 0 0 0 0 0 0 0 0
182 100 0 0 0 0 0 0 0
233 680 0 0 0 0 0 0 0
130 137 0 0 0 0 0 0 0
169 113 0 0 0 0 0 0 0
205 52 0 0 0 0 0 0 0
0 0 0 0 0 0 0 0 0
0 0 0 0 0 0 0 0 0
649 596 0 0 0 0 0 0 0
217 1 0 0 0 0 0 0 0
177 0 0 0 0 0 0 0 0
84 0 0 0 0 0 0 0 0
0 0 0 0 0 0 0 0 0
93 0 0 0 0 0 0 0 0
218 71 0 0 0 0 0 0 0
0 0 0 0 0 0 0 0 0
334 432 0 0 0 0 0 0 0
157 209 0 0 0 0 0 0 0
0 0 0 0 0 0 0 0 0
160 312 0 0 0 0 0 0 0
179 264 0 0 0 0 0 0 0
431 759 0 0 0 0 0 0 0
178 223 0 0 0 0 0 0 0
190 175 0 0 0 0 0 0 0
0 0 0 0 0 0 0 0 0
203 167 0 0 0 0 0 0 0
338 226 0 0 0 0 0 0 0
88 0 0 0 0 0 0 0 0
0 0 0 0 0 0 0 0 0
234 7 0 0 0 0 0 0 0
0 0 0 0 0 0 0 0 0
29 0 0 0 0 0 0 0 0
258 0 0 0 0 0 0 0 0
19 0 0 0 0 0 0 0 0
16 0 0 0 0 0 0 0 0
36 0 0 0 0 0 0 0 0
0 0 0 0 0 0 0 0 0
0 0 0 0 0 0 0 0 0
339 14 0 0 0 0 0 0 0
65 0 0 0 0 0 0 0 0
38 0 0 0 0 0 0 0 0
20 0 0 0 0 0 0 0 0
0 0 0 0 0 0 0 0 0
1 0 0 0 0 0 0 0 0
92 0 0 0 0 0 0 0 0
8 0 0 0 0 0 0 0 0
0 0 0 0 0 0 0 0 0
133 0 0 0 0 0 0 0 0
0 0 0 0 0 0 0 0 0
0 0 0 0 0 0 0 0 0
96 0 0 0 0 0 0 0 0
8 0 0 0 0 0 0 0 0
4 0 0 0 0 0 0 0 0
4 0 0 0 0 0 0 0 0
0 0 0 0 0 0 0 0 0
1 0 0 0 0 0 0 0 0
10 0 0 0 0 0 0 0 0
0 0 0 0 0 0 0 0 0
0 0 0 0 0 0 0 0 0
0 0 0 0 0 0 0 0 0
0 0 0 0 0 0 0 0 0
0 0 0 0 0 0 0 0 0
18 0 0 0 0 0 0 0 0
0 0 0 0 0 0 0 0 0
0 0 0 0 0 0 0 0 0
0 0 0 0 0 0 0 0 0
0 0 0 0 0 0 0 0 0
0 0 0 0 0 0 0 0 0
49 0 0 0 0 0 0 0 0
43 0 0 0 0 0 0 0 0
47 0 0 0 0 0 0 0 0
54 0 0 0 0 0 0 0 0
0 0 0 0 0 0 0 0 0
30 0 0 0 0 0 0 0 0
30 0 0 0 0 0 0 0 0
84 0 0 0 0 0 0 0 0
0 0 0 0 0 0 0 0 0
0 0 0 0 0 0 0 0 0
0 0 0 0 0 0 0 0 0
0 0 0 0 0 0 0 0 0
70 0 0 0 0 0 0 0 0
3 0 0 0 0 0 0 0 0
4 0 0 0 0 0 0 0 0
10 0 0 0 0 0 0 0 0
0 0 0 0 0 0 0 0 0
12 0 0 0 0 0 0 0 0
0 0 0 0 0 0 0 0 0
292 0 0 0 0 0 0 0 0
6 0 0 0 0 0 0 0 0
14 0 0 0 0 0 0 0 0
0 0 0 0 0 0 0 0 0
6 0 0 0 0 0 0 0 0
62 0 0 0 0 0 0 0 0
0 0 0 0 0 0 0 0 0
28 0 0 0 0 0 0 0 0
51 0 0 0 0 0 0 0 0
0 0 0 0 0 0 0 0 0
0 0 0 0 0 0 0 0 0
348 0 0 0 0 0 0 0 0
67 0 0 0 0 0 0 0 0
71 0 0 0 0 0 0 0 0
0 0 0 0 0 0 0 0 0
0 0 0 0 0 0 0 0 0
166 0 0 0 0 0 0 0 0
160 0 0 0 0 0 0 0 0
43 0 0 0 0 0 0 0 0
21 0 0 0 0 0 0 0 0
20 0 0 0 0 0 0 0 0
0 0 0 0 0 0 0 0 0
17 0 0 0 0 0 0 0 0
215 0 0 0 0 0 0 0 0
0 0 0 0 0 0 0 0 0
304 0 0 0 0 0 0 0 0
79 0 0 0 0 0 0 0 0
0 0 0 0 0 0 0 0 0
149 0 0 0 0 0 0 0 0
536 0 0 0 0 0 0 0 0
176 0 0 0 0 0 0 0 0
195 0 0 0 0 0 0 0 0
209 0 0 0 0 0 0 0 0
0 0 0 0 0 0 0 0 0
237 0 0 0 0 0 0 0 0
0 0 0 0 0 0 0 0 0
893 0 0 0 0 0 0 0 0
61 0 0 0 0 0 0 0 0
25 0 0 0 0 0 0 0 0
0 0 0 0 0 0 0 0 0
143 0 0 0 0 0 0 0 0
21 0 0 0 0 0 0 0 0
9 0 0 0 0 0 0 0 0
0 0 0 0 0 0 0 0 0
102 0 0 0 0 0 0 0 0
0 0 0 0 0 0 0 0 0
47 0 0 0 0 0 0 0 0
133 0 0 0 0 0 0 0 0
9 0 0 0 0 0 0 0 0
0 0 0 0 0 0 0 0 0
1 0 0 0 0 0 0 0 0
0 0 0 0 0 0 0 0 0
11 0 0 0 0 0 0 0 0
125 0 0 0 0 0 0 0 0
0 0 0 0 0 0 0 0 0
100 0 0 0 0 0 0 0 0
35 0 0 0 0 0 0 0 0
0 0 0 0 0 0 0 0 0
81 1 0 0 0 0 0 0 0
24 0 0 0 0 0 0 0 0
0 0 0 0 0 0 0 0 0
47 0 0 0 0 0 0 0 0
0 0 0 0 0 0 0 0 0
0 0 0 0 0 0 0 0 0
0 0 0 0 0 0 0 0 0
0 0 0 0 0 0 0 0 0
0 0 0 0 0 0 0 0 0
0 0 0 0 0 0 0 0 0
0 0 0 0 0 0 0 0 0
0 0 0 0 0 0 0 0 0
6 0 0 0 0 0 0 0 0
0 0 0 0 0 0 0 0 0
0 0 0 0 0 0 0 0 0
7 0 0 0 0 0 0 0 0
4 0 0 0 0 0 0 0 0
0 0 0 0 0 0 0 0 0
0 0 0 0 0 0 0 0 0
20 0 0 0 0 0 0 0 0
30 0 0 0 0 0 0 0 0
48 0 0 0 0 0 0 0 0
33 0 0 0 0 0 0 0 0
0 0 0 0 0 0 0 0 0
2 0 0 0 0 0 0 0 0
0 0 0 0 0 0 0 0 0
3 12 0 0 0 0 0 0 0
2 0 0 0 0 0 0 0 0
0 0 0 0 0 0 0 0 0
0 0 0 0 0 0 0 0 0
10 0 0 0 0 0 0 0 0
15 0 0 0 0 0 0 0 0
11 0 0 0 0 0 0 0 0
0 0 0 0 0 0 0 0 0
100 3 0 0 0 0 0 0 0
0 0 0 0 0 0 0 0 0
42 0 0 0 0 0 0 0 0
0 0 0 0 0 0 0 0 0
8 0 0 0 0 0 0 0 0
92 0 0 0 0 0 0 0 0
194 0 0 0 0 0 0 0 0
0 0 0 0 0 0 0 0 0
392 0 0 0 0 0 0 0 0
864 0 0 0 0 0 0 0 0
272 0 0 0 0 0 0 0 0
0 0 0 0 0 0 0 0 0
466 0 0 0 0 0 0 0 0
0 0 0 0 0 0 0 0 0
241 0 0 0 0 0 0 0 0
30 0 0 0 0 0 0 0 0
48 0 0 0 0 0 0 0 0
61 0 0 0 0 0 0 0 0
86 0 0 0 0 0 0 0 0
0 0 0 0 0 0 0 0 0
113 0 0 0 0 0 0 0 0
308 0 0 0 0 0 0 0 0
91 0 0 0 0 0 0 0 0
135 0 0 0 0 0 0 0 0
206 0 0 0 0 0 0 0 0
0 0 0 0 0 0 0 0 0
229 0 0 0 0 0 0 0 0
536 0 0 0 0 0 0 0 0
207 0 0 0 0 0 0 0 0
206 0 0 0 0 0 0 0 0
0 0 0 0 0 0 0 0 0
0 0 0 0 0 0 0 0 0
458 0 0 0 0 0 0 0 0
69 0 0 0 0 0 0 0 0
80 0 0 0 0 0 0 0 0
61 0 0 0 0 0 0 0 0
34 0 0 0 0 0 0 0 0
0 0 0 0 0 0 0 0 0
66 0 0 0 0 0 0 0 0
219 0 0 0 0 0 0 0 0
25 0 0 0 0 0 0 0 0
43 0 0 0 0 0 0 0 0
48 0 0 0 0 0 0 0 0
0 0 0 0 0 0 0 0 0
65 0 0 0 0 0 0 0 0
166 3 0 0 0 0 0 0 0
107 0 0 0 0 0 0 0 0
121 0 0 0 0 0 0 0 0
132 0 0 0 0 0 0 0 0
0 0 0 0 0 0 0 0 0
196 0 0 0 0 0 0 0 0
148 0 0 0 0 0 0 0 0
168 0 0 0 0 0 0 0 0
0 0 0 0 0 0 0 0 0
386 0 0 0 0 0 0 0 0
0 0 0 0 0 0 0 0 0
229 0 0 0 0 0 0 0 0
371 0 0 0 0 0 0 0 0
113 0 0 0 0 0 0 0 0
131 0 0 0 0 0 0 0 0
108 0 0 0 0 0 0 0 0
0 0 0 0 0 0 0 0 0
0 0 0 0 0 0 0 0 0
380 0 0 0 0 0 0 0 0
126 0 0 0 0 0 0 0 0
94 0 0 0 0 0 0 0 0
24 0 0 0 0 0 0 0 0
0 0 0 0 0 0 0 0 0
0 0 0 0 0 0 0 0 0
25 0 0 0 0 0 0 0 0
0 0 0 0 0 0 0 0 0
0 0 0 0 0 0 0 0 0
0 0 0 0 0 0 0 0 0
0 0 0 0 0 0 0 0 0
0 0 0 0 0 0 0 0 0
0 0 0 0 0 0 0 0 0
0 0 0 0 0 0 0 0 0
0 0 0 0 0 0 0 0 0
0 0 0 0 0 0 0 0 0
0 0 0 0 0 0 0 0 0
0 0 0 0 0 0 0 0 0
0 0 0 0 0 0 0 0 0
0 0 0 0 0 0 0 0 0
0 0 0 0 0 0 0 0 0
0 0 0 0 0 0 0 0 0
0 0 0 0 0 0 0 0 0
0 0 0 0 0 0 0 0 0
0 0 0 0 0 0 0 0 0
0 0 0 0 0 0 0 0 0
0 0 0 0 0 0 0 0 0
0 0 0 0 0 0 0 0 0
0 0 0 0 0 0 0 0 0
0 0 0 0 0 0 0 0 0
0 4 0 0 0 0 0 0 0
0 2 0 0 0 0 0 0 0
0 0 0 0 0 0 0 0 0
0 0 0 0 0 0 0 0 0
0 0 0 0 0 0 0 0 0
0 0 0 0 0 0 0 0 0
0 0 0 0 0 0 0 0 0
0 0 0 0 0 0 0 0 0
0 0 0 0 0 0 0 0 0
0 0 0 0 0 0 0 0 0
0 0 0 0 0 0 0 0 0
0 0 0 0 0 0 0 0 0
0 4 0 0 0 0 0 0 0
0 0 0 0 0 0 0 0 0
0 0 0 0 0 0 0 0 0
0 0 0 0 0 0 0 0 0
0 0 0 0 0 0 0 0 0
0 0 0 0 0 0 0 0 0
0 0 0 0 0 0 0 0 0
0 0 0 0 0 0 0 0 0
0 0 0 0 0 0 0 0 0
0 0 0 0 0 0 0 0 0
0 0 0 0 0 0 0 0 0
0 0 0 0 0 0 0 0 0
0 0 0 0 0 0 0 0 0
0 0 0 0 0 0 0 0 0
0 0 0 0 0 0 0 0 0
0 0 0 0 0 0 0 0 0
0 0 0 0 0 0 0 0 0
0 0 0 0 0 0 0 0 0
0 0 0 0 0 0 0 0 0
0 0 0 0 0 0 0 0 0
0 0 0 0 0 0 0 0 0
1 0 0 0 0 0 0 0 0
0 0 0 0 0 0 0 0 0
25 0 0 0 0 0 0 0 0
0 0 0 0 0 0 0 0 0
58 0 0 0 0 0 0 0 0
36 0 0 0 0 0 0 0 0
21 0 0 0 0 0 0 0 0
0 0 0 0 0 0 0 0 0
30 0 0 0 0 0 0 0 0
43 0 0 0 0 0 0 0 0
0 0 0 0 0 0 0 0 0
65 0 0 0 0 0 0 0 0
59 0 0 0 0 0 0 0 0
0 0 0 0 0 0 0 0 0
75 0 0 0 0 0 0 0 0
204 0 0 0 0 0 0 0 0
90 0 0 0 0 0 0 0 0
101 0 0 0 0 0 0 0 0
33 0 0 0 0 0 0 0 0
0 0 0 0 0 0 0 0 0
153 0 0 0 0 0 0 0 0
2 0 0 0 0 0 0 0 0
7 0 0 0 0 0 0 0 0
2 0 0 0 0 0 0 0 0
22 0 0 0 0 0 0 0 0
0 0 0 0 0 0 0 0 0
46 0 0 0 0 0 0 0 0
41 0 0 0 0 0 0 0 0
19 0 0 0 0 0 0 0 0
17 0 0 0 0 0 0 0 0
57 0 0 0 0 0 0 0 0
0 0 0 0 0 0 0 0 0
118 0 0 0 0 0 0 0 0
13 0 0 0 0 0 0 0 0
0 0 0 0 0 0 0 0 0
119 0 0 0 0 0 0 0 0
0 0 0 0 0 0 0 0 0
0 0 0 0 0 0 0 0 0
0 0 0 0 0 0 0 0 0
0 0 0 0 0 0 0 0 0
0 0 0 0 0 0 0 0 0
1 0 0 0 0 0 0 0 0
6 0 0 0 0 0 0 0 0
0 0 0 0 0 0 0 0 0
22 0 0 0 0 0 0 0 0
3 0 0 0 0 0 0 0 0
15 0 0 0 0 0 0 0 0
20 0 0 0 0 0 0 0 0
13 0 0 0 0 0 0 0 0
0 0 0 0 0 0 0 0 0
13 0 0 0 0 0 0 0 0
4 0 0 0 0 0 0 0 0
0 0 0 0 0 0 0 0 0
65 0 0 0 0 0 0 0 0
58 0 0 0 0 0 0 0 0
0 0 0 0 0 0 0 0 0
89 0 0 0 0 0 0 0 0
109 0 0 0 0 0 0 0 0
125 0 0 0 0 0 0 0 0
233 0 0 0 0 0 0 0 0
120 0 0 0 0 0 0 0 0
0 0 0 0 0 0 0 0 0
74 0 0 0 0 0 0 0 0
34 0 0 0 0 0 0 0 0
0 0 0 0 0 0 0 0 0
190 0 0 0 0 0 0 0 0
96 0 0 0 0 0 0 0 0
0 0 0 0 0 0 0 0 0
58 0 0 0 0 0 0 0 0
4 0 0 0 0 0 0 0 0
0 0 0 0 0 0 0 0 0
51 0 0 0 0 0 0 0 0
0 0 0 0 0 0 0 0 0
0 0 0 0 0 0 0 0 0
0 0 0 0 0 0 0 0 0
1 0 0 0 0 0 0 0 0
13 0 0 0 0 0 0 0 0
0 0 0 0 0 0 0 0 0
53 0 0 0 0 0 0 0 0
0 0 0 0 0 0 0 0 0
98 0 0 0 0 0 0 0 0
107 0 0 0 0 0 0 0 0
35 0 0 0 0 0 0 0 0
179 0 0 0 0 0 0 0 0
100 0 0 0 0 0 0 0 0
0 0 0 0 0 0 0 0 0
106 0 0 0 0 0 0 0 0
42 0 0 0 0 0 0 0 0
19 0 0 0 0 0 0 0 0
112 0 0 0 0 0 0 0 0
172 0 0 0 0 0 0 0 0
0 0 0 0 0 0 0 0 0
0 0 0 0 0 0 0 0 0
42 0 0 0 0 0 0 0 0
168 0 0 0 0 0 0 0 0
51 0 0 0 0 0 0 0 0
0 0 0 0 0 0 0 0 0
0 0 0 0 0 0 0 0 0
0 0 0 0 0 0 0 0 0
158 0 0 0 0 0 0 0 0
69 0 0 0 0 0 0 0 0
94 0 0 0 0 0 0 0 0
153 0 0 0 0 0 0 0 0
0 0 0 0 0 0 0 0 0
173 0 0 0 0 0 0 0 0
123 0 0 0 0 0 0 0 0
80 0 0 0 0 0 0 0 0
18 245 0 0 0 0 0 0 0
0 0 0 0 0 0 0 0 0
0 0 0 0 0 0 0 0 0
251 638 0 0 0 0 0 0 0
355 655 0 0 0 0 0 0 0
98 115 0 0 0 0 0 0 0
53 135 0 0 0 0 0 0 0
85 132 0 0 0 0 0 0 0
0 0 0 0 0 0 0 0 0
105 198 0 0 0 0 0 0 0
97 336 0 0 0 0 0 0 0
139 1339 0 0 0 0 0 0 0
49 682 0 0 0 0 0 0 0
45 817 0 0 0 0 0 0 0
0 0 0 0 0 0 0 0 0
81 1100 0 0 0 0 0 0 0
113 2674 0 0 0 0 0 0 0
14 1346 0 0 0 0 0 0 0
0 1201 0 0 0 0 0 0 0
0 854 0 0 0 0 0 0 0
0 0 0 0 0 0 0 0 0
0 692 0 0 0 0 0 0 0
0 1422 0 0 0 0 0 0 0
0 420 0 0 0 0 0 0 0
0 0 0 0 0 0 0 0 0
8 1777 0 0 0 0 0 0 0
0 0 0 0 0 0 0 0 0
0 947 0 0 0 0 0 0 0
0 1273 0 0 0 0 0 0 0
5 3286 0 0 0 0 0 0 0
0 0 0 0 0 0 0 0 0
17 3337 0 0 0 0 0 0 0
0 0 0 0 0 0 0 0 0
28 1697 0 0 0 0 0 0 0
0 1389 0 0 0 0 0 0 0
104 2220 0 0 0 0 0 0 0
8 577 0 0 0 0 0 0 0
0 425 0 0 0 0 0 0 0
0 0 0 0 0 0 0 0 0
2 285 0 0 0 0 0 0 0
56 542 0 0 0 0 0 0 0
0 9 0 0 0 0 0 0 0
20 34 0 0 0 0 0 0 0
24 95 0 0 0 0 0 0 0
0 0 0 0 0 0 0 0 0
23 65 0 0 0 0 0 0 0
94 182 0 0 0 0 0 0 0
16 55 0 0 0 0 0 0 0
11 75 0 0 0 0 0 0 0
0 0 0 0 0 0 0 0 0
0 0 0 0 0 0 0 0 0
7 36 0 0 0 0 0 0 0
0 20 0 0 0 0 0 0 0
43 35 0 0 0 0 0 0 0
0 1 0 0 0 0 0 0 0
0 8 0 0 0 0 0 0 0
0 0 0 0 0 0 0 0 0
0 43 0 0 0 0 0 0 0
0 40 0 0 0 0 0 0 0
17 6 0 0 0 0 0 0 0
5 66 0 0 0 0 0 0 0
2 81 0 0 0 0 0 0 0
0 0 0 0 0 0 0 0 0
0 105 0 0 0 0 0 0 0
0 197 0 0 0 0 0 0 0
0 4 0 0 0 0 0 0 0
0 41 0 0 0 0 0 0 0
1 5 0 0 0 0 0 0 0
0 0 0 0 0 0 0 0 0
0 0 0 0 0 0 0 0 0
11 97 0 0 0 0 0 0 0
1 0 0 0 0 0 0 0 0
0 7 0 0 0 0 0 0 0
0 0 0 0 0 0 0 0 0
0 0 0 0 0 0 0 0 0
0 0 0 0 0 0 0 0 0
43 36 0 0 0 0 0 0 0
6 10 0 0 0 0 0 0 0
35 0 0 0 0 0 0 0 0
33 0 0 0 0 0 0 0 0
0 0 0 0 0 0 0 0 0
50 0 0 0 0 0 0 0 0
2 0 0 0 0 0 0 0 0
0 10 0 0 0 0 0 0 0
0 15 0 0 0 0 0 0 0
0 0 0 0 0 0 0 0 0
0 0 0 0 0 0 0 0 0
0 0 0 0 0 0 0 0 0
1 0 0 0 0 0 0 0 0
0 2 0 0 0 0 0 0 0
15 29 0 0 0 0 0 0 0
0 0 0 0 0 0 0 0 0
0 0 0 0 0 0 0 0 0
0 0 0 0 0 0 0 0 0
0 0 0 0 0 0 0 0 0
0 3 0 0 0 0 0 0 0
10 18 0 0 0 0 0 0 0
0 0 0 0 0 0 0 0 0
0 0 0 0 0 0 0 0 0
0 6 0 0 0 0 0 0 0
0 4 0 0 0 0 0 0 0
0 0 0 0 0 0 0 0 0
0 3 0 0 0 0 0 0 0
0 7 0 0 0 0 0 0 0
0 0 0 0 0 0 0 0 0
0 12 0 0 0 0 0 0 0
0 2 0 0 0 0 0 0 0
0 0 0 0 0 0 0 0 0
8 32 0 0 0 0 0 0 0
0 0 0 0 0 0 0 0 0
0 0 0 0 0 0 0 0 0
0 9 0 0 0 0 0 0 0
4 1 0 0 0 0 0 0 0
0 2 0 0 0 0 0 0 0
2 23 0 0 0 0 0 0 0
0 4 0 0 0 0 0 0 0
0 0 0 0 0 0 0 0 0
0 0 0 0 0 0 0 0 0
10 16 0 0 0 0 0 0 0
0 0 0 0 0 0 0 0 0
31 0 0 0 0 0 0 0 0
0 0 0 0 0 0 0 0 0
0 0 0 0 0 0 0 0 0
0 0 0 0 0 0 0 0 0
0 0 0 0 0 0 0 0 0
0 0 0 0 0 0 0 0 0
0 0 0 0 0 0 0 0 0
0 0 0 0 0 0 0 0 0
0 0 0 0 0 0 0 0 0
0 0 0 0 0 0 0 0 0
0 0 0 0 0 0 0 0 0
0 2 0 0 0 0 0 0 0
0 0 0 0 0 0 0 0 0
0 0 0 0 0 0 0 0 0
0 0 0 0 0 0 0 0 0
0 0 0 0 0 0 0 0 0
0 0 0 0 0 0 0 0 0
0 8 0 0 0 0 0 0 0
0 0 0 0 0 0 0 0 0
0 0 0 0 0 0 0 0 0
0 0 0 0 0 0 0 0 0
0 0 0 0 0 0 0 0 0
85 0 0 0 0 0 0 0 0
0 0 0 0 0 0 0 0 0
0 8 0 0 0 0 0 0 0
0 0 0 0 0 0 0 0 0
0 0 0 0 0 0 0 0 0
0 0 0 0 0 0 0 0 0
0 0 0 0 0 0 0 0 0
49 20 0 0 0 0 0 0 0
1 0 0 0 0 0 0 0 0
8 0 0 0 0 0 0 0 0
0 0 0 0 0 0 0 0 0
30 0 0 0 0 0 0 0 0
48 0 0 0 0 0 0 0 0
45 0 0 0 0 0 0 0 0
2 0 0 0 0 0 0 0 0
0 0 0 0 0 0 0 0 0
0 0 0 0 0 0 0 0 0
0 0 0 0 0 0 0 0 0
0 0 0 0 0 0 0 0 0
14 0 0 0 0 0 0 0 0
8 0 0 0 0 0 0 0 0
0 0 0 0 0 0 0 0 0
0 0 0 0 0 0 0 0 0
0 0 0 0 0 0 0 0 0
26 8 0 0 0 0 0 0 0
0 0 0 0 0 0 0 0 0
0 0 0 0 0 0 0 0 0
0 0 0 0 0 0 0 0 0
0 0 0 0 0 0 0 0 0
9 0 0 0 0 0 0 0 0
46 0 0 0 0 0 0 0 0
8 0 0 0 0 0 0 0 0
20 0 0 0 0 0 0 0 0
0 0 0 0 0 0 0 0 0
0 0 0 0 0 0 0 0 0
0 0 0 0 0 0 0 0 0
20 0 0 0 0 0 0 0 0
0 55 0 0 0 0 0 0 0
6 4 0 0 0 0 0 0 0
1 2 0 0 0 0 0 0 0
0 0 0 0 0 0 0 0 0
7 0 0 0 0 0 0 0 0
36 0 0 0 0 0 0 0 0
11 15 0 0 0 0 0 0 0
0 0 0 0 0 0 0 0 0
43 39 0 0 0 0 0 0 0
0 0 0 0 0 0 0 0 0
41 0 0 0 0 0 0 0 0
0 6 0 0 0 0 0 0 0
3 0 0 0 0 0 0 0 0
0 0 0 0 0 0 0 0 0
0 2 0 0 0 0 0 0 0
0 0 0 0 0 0 0 0 0
0 0 0 0 0 0 0 0 0
4 16 0 0 0 0 0 0 0
0 11 0 0 0 0 0 0 0
0 14 0 0 0 0 0 0 0
5 11 0 0 0 0 0 0 0
0 0 0 0 0 0 0 0 0
0 0 0 0 0 0 0 0 0
10 0 0 0 0 0 0 0 0
0 0 0 0 0 0 0 0 0
0 0 0 0 0 0 0 0 0
0 95 0 0 0 0 0 0 0
0 0 0 0 0 0 0 0 0
0 0 0 0 0 0 0 0 0
0 0 0 0 0 0 0 0 0
0 0 0 0 0 0 0 0 0
0 0 0 0 0 0 0 0 0
0 5 0 0 0 0 0 0 0
0 0 0 0 0 0 0 0 0
49 7 0 0 0 0 0 0 0
8 0 0 0 0 0 0 0 0
3 20 0 0 0 0 0 0 0
20 39 0 0 0 0 0 0 0
8 0 0 0 0 0 0 0 0
0 0 0 0 0 0 0 0 0
11 0 0 0 0 0 0 0 0
53 14 0 0 0 0 0 0 0
16 29 0 0 0 0 0 0 0
31 31 0 0 0 0 0 0 0
37 7 0 0 0 0 0 0 0
0 0 0 0 0 0 0 0 0
59 0 0 0 0 0 0 0 0
110 5 0 0 0 0 0 0 0
150 0 0 0 0 0 0 0 0
0 0 0 0 0 0 0 0 0
154 5 0 0 0 0 0 0 0
0 0 0 0 0 0 0 0 0
58 0 0 0 0 0 0 0 0
73 1 0 0 0 0 0 0 0
0 0 0 0 0 0 0 0 0
46 4 0 0 0 0 0 0 0
0 0 0 0 0 0 0 0 0
0 0 0 0 0 0 0 0 0
18 0 0 0 0 0 0 0 0
61 10 0 0 0 0 0 0 0
10 0 0 0 0 0 0 0 0
9 0 0 0 0 0 0 0 0
7 0 0 0 0 0 0 0 0
0 0 0 0 0 0 0 0 0
0 0 0 0 0 0 0 0 0
13 34 0 0 0 0 0 0 0
10 7 0 0 0 0 0 0 0
4 6 0 0 0 0 0 0 0
0 0 0 0 0 0 0 0 0
0 0 0 0 0 0 0 0 0
4 0 0 0 0 0 0 0 0
46 15 0 0 0 0 0 0 0
0 0 0 0 0 0 0 0 0
0 0 0 0 0 0 0 0 0
0 0 0 0 0 0 0 0 0
0 0 0 0 0 0 0 0 0
0 0 0 0 0 0 0 0 0
0 0 0 0 0 0 0 0 0
0 0 0 0 0 0 0 0 0
0 0 0 0 0 0 0 0 0
0 0 0 0 0 0 0 0 0
0 0 0 0 0 0 0 0 0
0 0 0 0 0 0 0 0 0
0 0 0 0 0 0 0 0 0
0 0 0 0 0 0 0 0 0
0 0 0 0 0 0 0 0 0
0 11 0 0 0 0 0 0 0
0 0 0 0 0 0 0 0 0
0 15 0 0 0 0 0 0 0
4 9 0 0 0 0 0 0 0
0 0 0 0 0 0 0 0 0
65 1 0 0 0 0 0 0 0
88 0 0 0 0 0 0 0 0
0 0 0 0 0 0 0 0 0
160 0 0 0 0 0 0 0 0
329 0 0 0 0 0 0 0 0
134 0 0 0 0 0 0 0 0
95 0 0 0 0 0 0 0 0
0 0 0 0 0 0 0 0 0
0 0 0 0 0 0 0 0 0
0 0 0 0 0 0 0 0 0
12 0 0 0 0 0 0 0 0
0 0 0 0 0 0 0 0 0
4 0 0 0 0 0 0 0 0
40 0 0 0 0 0 0 0 0
0 0 0 0 0 0 0 0 0
142 0 0 0 0 0 0 0 0
278 0 0 0 0 0 0 0 0
88 0 0 0 0 0 0 0 0
7 0 0 0 0 0 0 0 0
13 1 0 0 0 0 0 0 0
0 0 0 0 0 0 0 0 0
0 0 0 0 0 0 0 0 0
216 12 0 0 0 0 0 0 0
189 5 0 0 0 0 0 0 0
171 1 0 0 0 0 0 0 0
116 7 0 0 0 0 0 0 0
0 0 0 0 0 0 0 0 0
110 0 0 0 0 0 0 0 0
331 0 0 0 0 0 0 0 0
228 0 0 0 0 0 0 0 0
188 0 0 0 0 0 0 0 0
93 0 0 0 0 0 0 0 0
0 0 0 0 0 0 0 0 0
0 0 0 0 0 0 0 0 0
42 1 0 0 0 0 0 0 0
0 0 0 0 0 0 0 0 0
0 21 0 0 0 0 0 0 0
0 8 0 0 0 0 0 0 0
0 0 0 0 0 0 0 0 0
0 0 0 0 0 0 0 0 0
0 0 0 0 0 0 0 0 0
0 6 0 0 0 0 0 0 0
0 0 0 0 0 0 0 0 0
64 3 0 0 0 0 0 0 0
0 0 0 0 0 0 0 0 0
3299 14109 0 0 0 0 0 0 0
205 517 0 0 0 0 0 0 0
0 0 0 0 0 0 0 0 0
104 348 0 0 0 0 0 0 0
5 63 0 0 0 0 0 0 0
0 15 0 0 0 0 0 0 0
0 0 0 0 0 0 0 0 0
13 36 0 0 0 0 0 0 0
16 331 0 0 0 0 0 0 0
0 16 0 0 0 0 0 0 0
0 12 0 0 0 0 0 0 0
7 0 0 0 0 0 0 0 0
0 0 0 0 0 0 0 0 0
88 11 0 0 0 0 0 0 0
30 0 0 0 0 0 0 0 0
13 0 0 0 0 0 0 0 0
10 0 0 0 0 0 0 0 0
0 0 0 0 0 0 0 0 0
0 0 0 0 0 0 0 0 0
16 0 0 0 0 0 0 0 0
48 23 0 0 0 0 0 0 0
0 0 0 0 0 0 0 0 0
0 0 0 0 0 0 0 0 0
16 3 0 0 0 0 0 0 0
0 0 0 0 0 0 0 0 0
0 0 0 0 0 0 0 0 0
28 8 0 0 0 0 0 0 0
0 0 0 0 0 0 0 0 0
0 0 0 0 0 0 0 0 0
2 0 0 0 0 0 0 0 0
0 0 0 0 0 0 0 0 0
67 0 0 0 0 0 0 0 0
0 0 0 0 0 0 0 0 0
83 0 0 0 0 0 0 0 0
72 0 0 0 0 0 0 0 0
81 0 0 0 0 0 0 0 0
0 0 0 0 0 0 0 0 0
82 0 0 0 0 0 0 0 0
184 0 0 0 0 0 0 0 0
45 0 0 0 0 0 0 0 0
77 0 0 0 0 0 0 0 0
79 0 0 0 0 0 0 0 0
0 0 0 0 0 0 0 0 0
54 0 0 0 0 0 0 0 0
36 0 0 0 0 0 0 0 0
0 0 0 0 0 0 0 0 0
0 0 0 0 0 0 0 0 0
22 0 0 0 0 0 0 0 0
0 0 0 0 0 0 0 0 0
43 0 0 0 0 0 0 0 0
0 0 0 0 0 0 0 0 0
74 0 0 0 0 0 0 0 0
38 0 0 0 0 0 0 0 0
31 0 0 0 0 0 0 0 0
0 0 0 0 0 0 0 0 0
64 0 0 0 0 0 0 0 0
1 0 0 0 0 0 0 0 0
0 0 0 0 0 0 0 0 0
0 0 0 0 0 0 0 0 0
0 0 0 0 0 0 0 0 0
0 0 0 0 0 0 0 0 0
0 0 0 0 0 0 0 0 0
0 0 0 0 0 0 0 0 0
0 0 0 0 0 0 0 0 0
0 0 0 0 0 0 0 0 0
2 0 0 0 0 0 0 0 0
0 0 0 0 0 0 0 0 0
100 0 0 0 0 0 0 0 0
61 0 0 0 0 0 0 0 0
44 0 0 0 0 0 0 0 0
0 0 0 0 0 0 0 0 0
93 0 0 0 0 0 0 0 0
0 0 0 0 0 0 0 0 0
6 0 0 0 0 0 0 0 0
18 0 0 0 0 0 0 0 0
0 0 0 0 0 0 0 0 0
0 0 0 0 0 0 0 0 0
0 0 0 0 0 0 0 0 0
0 0 0 0 0 0 0 0 0
60 0 0 0 0 0 0 0 0
0 0 0 0 0 0 0 0 0
78 0 0 0 0 0 0 0 0
3 0 0 0 0 0 0 0 0
0 0 0 0 0 0 0 0 0
0 0 0 0 0 0 0 0 0
11 0 0 0 0 0 0 0 0
147 0 0 0 0 0 0 0 0
14 0 0 0 0 0 0 0 0
16 0 0 0 0 0 0 0 0
14 0 0 0 0 0 0 0 0
0 0 0 0 0 0 0 0 0
106 0 0 0 0 0 0 0 0
0 0 0 0 0 0 0 0 0
0 0 0 0 0 0 0 0 0
0 0 0 0 0 0 0 0 0
0 0 0 0 0 0 0 0 0
0 0 0 0 0 0 0 0 0
0 0 0 0 0 0 0 0 0
0 0 0 0 0 0 0 0 0
0 0 0 0 0 0 0 0 0
0 0 0 0 0 0 0 0 0
13 0 0 0 0 0 0 0 0
0 0 0 0 0 0 0 0 0
0 0 0 0 0 0 0 0 0
0 0 0 0 0 0 0 0 0
0 0 0 0 0 0 0 0 0
0 0 0 0 0 0 0 0 0
0 0 0 0 0 0 0 0 0
0 0 0 0 0 0 0 0 0
0 0 0 0 0 0 0 0 0
0 0 0 0 0 0 0 0 0
27 0 0 0 0 0 0 0 0
35 0 0 0 0 0 0 0 0
5 0 0 0 0 0 0 0 0
0 0 0 0 0 0 0 0 0
0 0 0 0 0 0 0 0 0
169 0 0 0 0 0 0 0 0
0 0 0 0 0 0 0 0 0
0 0 0 0 0 0 0 0 0
0 0 0 0 0 0 0 0 0
0 0 0 0 0 0 0 0 0
177 0 0 0 0 0 0 0 0
0 0 0 0 0 0 0 0 0
0 0 0 0 0 0 0 0 0
0 0 0 0 0 0 0 0 0
0 0 0 0 0 0 0 0 0
0 0 0 0 0 0 0 0 0
0 0 0 0 0 0 0 0 0
0 0 0 0 0 0 0 0 0
0 0 0 0 0 0 0 0 0
0 0 0 0 0 0 0 0 0
0 0 0 0 0 0 0 0 0
0 0 0 0 0 0 0 0 0
0 0 0 0 0 0 0 0 0
0 0 0 0 0 0 0 0 0
0 0 0 0 0 0 0 0 0
0 0 0 0 0 0 0 0 0
0 0 0 0 0 0 0 0 0
0 0 0 0 0 0 0 0 0
0 0 0 0 0 0 0 0 0
0 0 0 0 0 0 0 0 0
2 0 0 0 0 0 0 0 0
0 0 0 0 0 0 0 0 0
0 0 0 0 0 0 0 0 0
0 0 0 0 0 0 0 0 0
1 0 0 0 0 0 0 0 0
16 0 0 0 0 0 0 0 0
0 0 0 0 0 0 0 0 0
0 0 0 0 0 0 0 0 0
0 0 0 0 0 0 0 0 0
0 0 0 0 0 0 0 0 0
0 0 0 0 0 0 0 0 0
0 0 0 0 0 0 0 0 0
0 0 0 0 0 0 0 0 0
0 0 0 0 0 0 0 0 0
0 0 0 0 0 0 0 0 0
0 0 0 0 0 0 0 0 0
0 0 0 0 0 0 0 0 0
0 0 0 0 0 0 0 0 0
0 0 0 0 0 0 0 0 0
1 0 0 0 0 0 0 0 0
0 0 0 0 0 0 0 0 0
0 0 0 0 0 0 0 0 0
2 0 0 0 0 0 0 0 0
0 0 0 0 0 0 0 0 0
0 0 0 0 0 0 0 0 0
0 0 0 0 0 0 0 0 0
0 0 0 0 0 0 0 0 0
0 0 0 0 0 0 0 0 0
0 0 0 0 0 0 0 0 0
162 0 0 0 0 0 0 0 0
0 0 0 0 0 0 0 0 0
8 0 0 0 0 0 0 0 0
33 0 0 0 0 0 0 0 0
0 0 0 0 0 0 0 0 0
0 0 0 0 0 0 0 0 0
0 0 0 0 0 0 0 0 0
0 0 0 0 0 0 0 0 0
0 0 0 0 0 0 0 0 0
0 0 0 0 0 0 0 0 0
0 0 0 0 0 0 0 0 0
2 0 0 0 0 0 0 0 0
0 0 0 0 0 0 0 0 0
31 0 0 0 0 0 0 0 0
0 0 0 0 0 0 0 0 0
0 0 0 0 0 0 0 0 0
0 0 0 0 0 0 0 0 0
50 0 0 0 0 0 0 0 0
1 0 0 0 0 0 0 0 0
4 0 0 0 0 0 0 0 0
0 0 0 0 0 0 0 0 0
0 0 0 0 0 0 0 0 0
0 0 0 0 0 0 0 0 0
