0 0 0 0 0 0 0 0 0
211 15856 0 0 0 0 0 0 0
242 12961 0 0 0 0 0 0 0
586 19981 0 0 0 0 0 0 0
441 9575 0 0 0 0 0 0 0
551 7778 0 0 0 0 0 0 0
0 0 0 0 0 0 0 0 0
737 7343 0 0 0 0 0 0 0
819 6811 0 0 0 0 0 0 0
1786 13744 0 0 0 0 0 0 0
1131 7356 0 0 0 0 0 0 0
1001 7555 0 0 0 0 0 0 0
0 0 0 0 0 0 0 0 0
948 8291 0 0 0 0 0 0 0
1078 9012 0 0 0 0 0 0 0
1773 20661 0 0 0 0 0 0 0
732 11022 0 0 0 0 0 0 0
407 10536 0 0 0 0 0 0 0
0 0 0 0 0 0 0 0 0
254 9334 0 0 0 0 0 0 0
0 0 0 0 0 0 0 0 0
600 14656 0 0 0 0 0 0 0
138 4613 0 0 0 0 0 0 0
633 5532 0 0 0 0 0 0 0
0 0 0 0 0 0 0 0 0
24 2401 0 0 0 0 0 0 0
0 2118 0 0 0 0 0 0 0
4 6629 0 0 0 0 0 0 0
0 3471 0 0 0 0 0 0 0
0 3383 0 0 0 0 0 0 0
0 0 0 0 0 0 0 0 0
0 2512 0 0 0 0 0 0 0
0 1196 0 0 0 0 0 0 0
0 463 0 0 0 0 0 0 0
0 1241 0 0 0 0 0 0 0
0 4459 0 0 0 0 0 0 0
0 0 0 0 0 0 0 0 0
0 3272 0 0 0 0 0 0 0
0 4125 0 0 0 0 0 0 0
0 11494 0 0 0 0 0 0 0
0 5587 0 0 0 0 0 0 0
0 0 0 0 0 0 0 0 0
0 0 0 0 0 0 0 0 0
0 9360 0 0 0 0 0 0 0
0 5319 0 0 0 0 0 0 0
0 4640 0 0 0 0 0 0 0
0 8471 0 0 0 0 0 0 0
0 2541 0 0 0 0 0 0 0
0 0 0 0 0 0 0 0 0
0 2034 0 0 0 0 0 0 0
0 1864 0 0 0 0 0 0 0
0 2151 0 0 0 0 0 0 0
0 2409 0 0 0 0 0 0 0
82 6770 0 0 0 0 0 0 0
0 0 0 0 0 0 0 0 0
0 0 0 0 0 0 0 0 0
82 14197 0 0 0 0 0 0 0
0 12313 0 0 0 0 0 0 0
23 27415 0 0 0 0 0 0 0
0 23342 0 0 0 0 0 0 0
0 0 0 0 0 0 0 0 0
0 22589 0 0 0 0 0 0 0
0 23520 0 0 0 0 0 0 0
6 23436 0 0 0 0 0 0 0
0 23515 0 0 0 0 0 0 0
0 35776 0 0 0 0 0 0 0
0 0 0 0 0 0 0 0 0
0 0 0 0 0 0 0 0 0
4 32444 0 0 0 0 0 0 0
0 13515 0 0 0 0 0 0 0
0 27213 0 0 0 0 0 0 0
0 0 0 0 0 0 0 0 0
0 0 0 0 0 0 0 0 0
1 27896 0 0 0 0 0 0 0
5 13815 0 0 0 0 0 0 0
22587 125694 0 0 0 0 0 0 0
157 4268 0 0 0 0 0 0 0
178 4435 0 0 0 0 0 0 0
1031 9886 0 0 0 0 0 0 0
0 0 0 0 0 0 0 0 0
1114 11445 0 0 0 0 0 0 0
0 0 0 0 0 0 0 0 0
11912 22061 0 0 0 0 0 0 0
11708 34396 0 0 0 0 0 0 0
413 9420 0 0 0 0 0 0 0
428 8115 0 0 0 0 0 0 0
490 6203 0 0 0 0 0 0 0
667 5241 0 0 0 0 0 0 0
0 0 0 0 0 0 0 0 0
846 2216 0 0 0 0 0 0 0
967 1455 0 0 0 0 0 0 0
3978 3038 0 0 0 0 0 0 0
1468 1845 0 0 0 0 0 0 0
1494 1283 0 0 0 0 0 0 0
0 0 0 0 0 0 0 0 0
1839 2779 0 0 0 0 0 0 0
1353 2014 0 0 0 0 0 0 0
3931 4981 0 0 0 0 0 0 0
1675 1714 0 0 0 0 0 0 0
1695 1028 0 0 0 0 0 0 0
0 0 0 0 0 0 0 0 0
18264 44888 0 0 0 0 0 0 0
2 2124 0 0 0 0 0 0 0
60 2484 0 0 0 0 0 0 0
104 2866 0 0 0 0 0 0 0
164 7182 0 0 0 0 0 0 0
0 0 0 0 0 0 0 0 0
155 3223 0 0 0 0 0 0 0
299 2809 0 0 0 0 0 0 0
220 9907 0 0 0 0 0 0 0
0 0 0 0 0 0 0 0 0
232 7634 0 0 0 0 0 0 0
0 0 0 0 0 0 0 0 0
16 624 0 0 0 0 0 0 0
0 0 0 0 0 0 0 0 0
49 2154 0 0 0 0 0 0 0
112 740 0 0 0 0 0 0 0
43 238 0 0 0 0 0 0 0
0 0 0 0 0 0 0 0 0
28 926 0 0 0 0 0 0 0
189 1178 0 0 0 0 0 0 0
397 918 0 0 0 0 0 0 0
993 908 0 0 0 0 0 0 0
1596 3086 0 0 0 0 0 0 0
0 0 0 0 0 0 0 0 0
506 389 0 0 0 0 0 0 0
0 0 0 0 0 0 0 0 0
270 1512 0 0 0 0 0 0 0
361 560 0 0 0 0 0 0 0
99 42 0 0 0 0 0 0 0
0 0 0 0 0 0 0 0 0
114 45 0 0 0 0 0 0 0
51 117 0 0 0 0 0 0 0
0 0 0 0 0 0 0 0 0
210 2057 0 0 0 0 0 0 0
768 985 0 0 0 0 0 0 0
0 0 0 0 0 0 0 0 0
0 0 0 0 0 0 0 0 0
1562 230 0 0 0 0 0 0 0
951 84 0 0 0 0 0 0 0
1084 89 0 0 0 0 0 0 0
1376 88 0 0 0 0 0 0 0
0 0 0 0 0 0 0 0 0
3589 886 0 0 0 0 0 0 0
1566 85 0 0 0 0 0 0 0
1681 27 0 0 0 0 0 0 0
2145 19 0 0 0 0 0 0 0
2220 16 0 0 0 0 0 0 0
0 0 0 0 0 0 0 0 0
2076 22 0 0 0 0 0 0 0
4083 121 0 0 0 0 0 0 0
2034 0 0 0 0 0 0 0 0
2300 2 0 0 0 0 0 0 0
2215 7 0 0 0 0 0 0 0
0 0 0 0 0 0 0 0 0
3537 1 0 0 0 0 0 0 0
1378 0 0 0 0 0 0 0 0
1274 0 0 0 0 0 0 0 0
1000 0 0 0 0 0 0 0 0
1078 28 0 0 0 0 0 0 0
0 0 0 0 0 0 0 0 0
0 0 0 0 0 0 0 0 0
824 23 0 0 0 0 0 0 0
298 10 0 0 0 0 0 0 0
144 80 0 0 0 0 0 0 0
200 74 0 0 0 0 0 0 0
0 0 0 0 0 0 0 0 0
199 11 0 0 0 0 0 0 0
608 1289 0 0 0 0 0 0 0
111 230 0 0 0 0 0 0 0
0 0 0 0 0 0 0 0 0
386 2009 0 0 0 0 0 0 0
0 0 0 0 0 0 0 0 0
20 1142 0 0 0 0 0 0 0
16 1099 0 0 0 0 0 0 0
0 1749 0 0 0 0 0 0 0
2 823 0 0 0 0 0 0 0
4 0 0 0 0 0 0 0 0
0 0 0 0 0 0 0 0 0
3 0 0 0 0 0 0 0 0
103 432 0 0 0 0 0 0 0
0 119 0 0 0 0 0 0 0
52 340 0 0 0 0 0 0 0
62 583 0 0 0 0 0 0 0
0 0 0 0 0 0 0 0 0
13 1364 0 0 0 0 0 0 0
103 7124 0 0 0 0 0 0 0
9 4870 0 0 0 0 0 0 0
159 5552 0 0 0 0 0 0 0
120 5096 0 0 0 0 0 0 0
0 0 0 0 0 0 0 0 0
120 4071 0 0 0 0 0 0 0
13245 98490 0 0 0 0 0 0 0
1071 10980 0 0 0 0 0 0 0
236 6052 0 0 0 0 0 0 0
370 5322 0 0 0 0 0 0 0
1035 7469 0 0 0 0 0 0 0
208 2660 0 0 0 0 0 0 0
0 0 0 0 0 0 0 0 0
61 2351 0 0 0 0 0 0 0
38 1235 0 0 0 0 0 0 0
1001 3703 0 0 0 0 0 0 0
0 0 0 0 0 0 0 0 0
1013 3496 0 0 0 0 0 0 0
0 0 0 0 0 0 0 0 0
95 1226 0 0 0 0 0 0 0
18 913 0 0 0 0 0 0 0
0 0 0 0 0 0 0 0 0
1032 3875 0 0 0 0 0 0 0
535 1386 0 0 0 0 0 0 0
0 0 0 0 0 0 0 0 0
222 72 0 0 0 0 0 0 0
719 0 0 0 0 0 0 0 0
909 132 0 0 0 0 0 0 0
351 134 0 0 0 0 0 0 0
59 13 0 0 0 0 0 0 0
0 0 0 0 0 0 0 0 0
1015 289 0 0 0 0 0 0 0
669 0 0 0 0 0 0 0 0
584 0 0 0 0 0 0 0 0
1251 65 0 0 0 0 0 0 0
390 0 0 0 0 0 0 0 0
0 0 0 0 0 0 0 0 0
0 0 0 0 0 0 0 0 0
1131 3 0 0 0 0 0 0 0
190 0 0 0 0 0 0 0 0
278 0 0 0 0 0 0 0 0
521 0 0 0 0 0 0 0 0
0 0 0 0 0 0 0 0 0
2178 9 0 0 0 0 0 0 0
1083 0 0 0 0 0 0 0 0
1406 0 0 0 0 0 0 0 0
3908 0 0 0 0 0 0 0 0
0 0 0 0 0 0 0 0 0
0 0 0 0 0 0 0 0 0
13850 39059 0 0 0 0 0 0 0
127 7227 0 0 0 0 0 0 0
0 0 0 0 0 0 0 0 0
544 5188 0 0 0 0 0 0 0
650 3113 0 0 0 0 0 0 0
1217 6666 0 0 0 0 0 0 0
1043 1113 0 0 0 0 0 0 0
989 1825 0 0 0 0 0 0 0
0 0 0 0 0 0 0 0 0
641 1709 0 0 0 0 0 0 0
653 1423 0 0 0 0 0 0 0
0 0 0 0 0 0 0 0 0
2680 5881 0 0 0 0 0 0 0
1780 850 0 0 0 0 0 0 0
0 0 0 0 0 0 0 0 0
1914 438 0 0 0 0 0 0 0
1609 179 0 0 0 0 0 0 0
1463 572 0 0 0 0 0 0 0
532 0 0 0 0 0 0 0 0
0 0 0 0 0 0 0 0 0
325 0 0 0 0 0 0 0 0
0 0 0 0 0 0 0 0 0
208 13 0 0 0 0 0 0 0
409 137 0 0 0 0 0 0 0
307 233 0 0 0 0 0 0 0
372 222 0 0 0 0 0 0 0
1617 733 0 0 0 0 0 0 0
0 0 0 0 0 0 0 0 0
676 204 0 0 0 0 0 0 0
331 221 0 0 0 0 0 0 0
1649 1686 0 0 0 0 0 0 0
744 605 0 0 0 0 0 0 0
0 0 0 0 0 0 0 0 0
0 0 0 0 0 0 0 0 0
1282 2560 0 0 0 0 0 0 0
478 978 0 0 0 0 0 0 0
17 997 0 0 0 0 0 0 0
1158 2468 0 0 0 0 0 0 0
745 126 0 0 0 0 0 0 0
0 0 0 0 0 0 0 0 0
854 20 0 0 0 0 0 0 0
557 319 0 0 0 0 0 0 0
626 3272 0 0 0 0 0 0 0
0 0 0 0 0 0 0 0 0
563 5583 0 0 0 0 0 0 0
0 0 0 0 0 0 0 0 0
77 2642 0 0 0 0 0 0 0
0 0 0 0 0 0 0 0 0
9993 29733 0 0 0 0 0 0 0
0 0 0 0 0 0 0 0 0
0 0 0 0 0 0 0 0 0
3153 322 0 0 0 0 0 0 0
14963 54723 0 0 0 0 0 0 0
2529 99 0 0 0 0 0 0 0
1772 5 0 0 0 0 0 0 0
1501 0 0 0 0 0 0 0 0
986 0 0 0 0 0 0 0 0
0 0 0 0 0 0 0 0 0
790 0 0 0 0 0 0 0 0
2385 7 0 0 0 0 0 0 0
1429 8 0 0 0 0 0 0 0
1052 0 0 0 0 0 0 0 0
0 0 0 0 0 0 0 0 0
0 0 0 0 0 0 0 0 0
20147 73953 0 0 0 0 0 0 0
0 0 0 0 0 0 0 0 0
442 6157 0 0 0 0 0 0 0
204 3504 0 0 0 0 0 0 0
83 2146 0 0 0 0 0 0 0
0 0 0 0 0 0 0 0 0
117 3900 0 0 0 0 0 0 0
0 0 0 0 0 0 0 0 0
616 9240 0 0 0 0 0 0 0
185 5080 0 0 0 0 0 0 0
807 10921 0 0 0 0 0 0 0
0 0 0 0 0 0 0 0 0
637 4868 0 0 0 0 0 0 0
956 4090 0 0 0 0 0 0 0
761 3400 0 0 0 0 0 0 0
1393 4335 0 0 0 0 0 0 0
629 537 0 0 0 0 0 0 0
0 0 0 0 0 0 0 0 0
810 70 0 0 0 0 0 0 0
727 146 0 0 0 0 0 0 0
651 114 0 0 0 0 0 0 0
491 76 0 0 0 0 0 0 0
1101 456 0 0 0 0 0 0 0
0 0 0 0 0 0 0 0 0
196 164 0 0 0 0 0 0 0
172 116 0 0 0 0 0 0 0
146 40 0 0 0 0 0 0 0
130 101 0 0 0 0 0 0 0
0 0 0 0 0 0 0 0 0
0 0 0 0 0 0 0 0 0
1762 523 0 0 0 0 0 0 0
514 172 0 0 0 0 0 0 0
458 211 0 0 0 0 0 0 0
371 192 0 0 0 0 0 0 0
1245 413 0 0 0 0 0 0 0
0 0 0 0 0 0 0 0 0
666 69 0 0 0 0 0 0 0
939 78 0 0 0 0 0 0 0
1281 29 0 0 0 0 0 0 0
1519 3 0 0 0 0 0 0 0
1770 8 0 0 0 0 0 0 0
0 0 0 0 0 0 0 0 0
2024 176 0 0 0 0 0 0 0
0 0 0 0 0 0 0 0 0
965 332 0 0 0 0 0 0 0
163 173 0 0 0 0 0 0 0
473 487 0 0 0 0 0 0 0
0 0 0 0 0 0 0 0 0
124 171 0 0 0 0 0 0 0
97 174 0 0 0 0 0 0 0
87 93 0 0 0 0 0 0 0
131 134 0 0 0 0 0 0 0
145 80 0 0 0 0 0 0 0
0 0 0 0 0 0 0 0 0
589 1428 0 0 0 0 0 0 0
332 24 0 0 0 0 0 0 0
548 50 0 0 0 0 0 0 0
363 305 0 0 0 0 0 0 0
0 0 0 0 0 0 0 0 0
0 0 0 0 0 0 0 0 0
833 539 0 0 0 0 0 0 0
1041 622 0 0 0 0 0 0 0
179 87 0 0 0 0 0 0 0
0 0 0 0 0 0 0 0 0
411 370 0 0 0 0 0 0 0
0 0 0 0 0 0 0 0 0
1247 398 0 0 0 0 0 0 0
662 78 0 0 0 0 0 0 0
951 133 0 0 0 0 0 0 0
593 129 0 0 0 0 0 0 0
300 6 0 0 0 0 0 0 0
0 0 0 0 0 0 0 0 0
71 104 0 0 0 0 0 0 0
117 418 0 0 0 0 0 0 0
0 0 0 0 0 0 0 0 0
119 106 0 0 0 0 0 0 0
86 100 0 0 0 0 0 0 0
0 0 0 0 0 0 0 0 0
771 308 0 0 0 0 0 0 0
392 6 0 0 0 0 0 0 0
439 0 0 0 0 0 0 0 0
404 0 0 0 0 0 0 0 0
241 0 0 0 0 0 0 0 0
0 0 0 0 0 0 0 0 0
104 0 0 0 0 0 0 0 0
345 0 0 0 0 0 0 0 0
354 0 0 0 0 0 0 0 0
518 0 0 0 0 0 0 0 0
549 0 0 0 0 0 0 0 0
0 0 0 0 0 0 0 0 0
601 0 0 0 0 0 0 0 0
694 0 0 0 0 0 0 0 0
1966 0 0 0 0 0 0 0 0
1367 0 0 0 0 0 0 0 0
1654 0 0 0 0 0 0 0 0
0 0 0 0 0 0 0 0 0
0 0 0 0 0 0 0 0 0
4823 148 0 0 0 0 0 0 0
1637 0 0 0 0 0 0 0 0
1402 0 0 0 0 0 0 0 0
1420 0 0 0 0 0 0 0 0
0 0 0 0 0 0 0 0 0
1332 0 0 0 0 0 0 0 0
1428 0 0 0 0 0 0 0 0
1355 0 0 0 0 0 0 0 0
4001 34 0 0 0 0 0 0 0
1710 0 0 0 0 0 0 0 0
0 0 0 0 0 0 0 0 0
1201 0 0 0 0 0 0 0 0
2305 0 0 0 0 0 0 0 0
0 0 0 0 0 0 0 0 0
1497 0 0 0 0 0 0 0 0
635 0 0 0 0 0 0 0 0
0 0 0 0 0 0 0 0 0
783 0 0 0 0 0 0 0 0
722 0 0 0 0 0 0 0 0
498 0 0 0 0 0 0 0 0
2453 35 0 0 0 0 0 0 0
2293 0 0 0 0 0 0 0 0
0 0 0 0 0 0 0 0 0
2307 6 0 0 0 0 0 0 0
1905 0 0 0 0 0 0 0 0
444 36 0 0 0 0 0 0 0
970 47 0 0 0 0 0 0 0
67 7 0 0 0 0 0 0 0
0 0 0 0 0 0 0 0 0
15 0 0 0 0 0 0 0 0
0 0 0 0 0 0 0 0 0
405 330 0 0 0 0 0 0 0
198 22 0 0 0 0 0 0 0
229 9 0 0 0 0 0 0 0
0 0 0 0 0 0 0 0 0
220 4 0 0 0 0 0 0 0
166 2 0 0 0 0 0 0 0
0 0 0 0 0 0 0 0 0
2398 670 0 0 0 0 0 0 0
401 50 0 0 0 0 0 0 0
0 0 0 0 0 0 0 0 0
340 79 0 0 0 0 0 0 0
335 146 0 0 0 0 0 0 0
192 67 0 0 0 0 0 0 0
0 0 0 0 0 0 0 0 0
1027 407 0 0 0 0 0 0 0
0 0 0 0 0 0 0 0 0
300 46 0 0 0 0 0 0 0
548 78 0 0 0 0 0 0 0
776 287 0 0 0 0 0 0 0
2215 519 0 0 0 0 0 0 0
1459 209 0 0 0 0 0 0 0
0 0 0 0 0 0 0 0 0
1499 276 0 0 0 0 0 0 0
1697 166 0 0 0 0 0 0 0
1636 21 0 0 0 0 0 0 0
1376 18 0 0 0 0 0 0 0
1344 8 0 0 0 0 0 0 0
0 0 0 0 0 0 0 0 0
2725 302 0 0 0 0 0 0 0
1264 155 0 0 0 0 0 0 0
933 0 0 0 0 0 0 0 0
1967 133 0 0 0 0 0 0 0
634 100 0 0 0 0 0 0 0
0 0 0 0 0 0 0 0 0
568 82 0 0 0 0 0 0 0
416 41 0 0 0 0 0 0 0
0 0 0 0 0 0 0 0 0
1274 76 0 0 0 0 0 0 0
1368 16 0 0 0 0 0 0 0
0 0 0 0 0 0 0 0 0
538 0 0 0 0 0 0 0 0
663 0 0 0 0 0 0 0 0
639 0 0 0 0 0 0 0 0
722 0 0 0 0 0 0 0 0
687 0 0 0 0 0 0 0 0
0 0 0 0 0 0 0 0 0
1382 0 0 0 0 0 0 0 0
317 0 0 0 0 0 0 0 0
0 0 0 0 0 0 0 0 0
633 1 0 0 0 0 0 0 0
1118 0 0 0 0 0 0 0 0
0 0 0 0 0 0 0 0 0
590 0 0 0 0 0 0 0 0
413 0 0 0 0 0 0 0 0
332 0 0 0 0 0 0 0 0
166 0 0 0 0 0 0 0 0
170 0 0 0 0 0 0 0 0
0 0 0 0 0 0 0 0 0
1035 0 0 0 0 0 0 0 0
395 0 0 0 0 0 0 0 0
19 4 0 0 0 0 0 0 0
8 0 0 0 0 0 0 0 0
341 0 0 0 0 0 0 0 0
0 0 0 0 0 0 0 0 0
0 0 0 0 0 0 0 0 0
505 0 0 0 0 0 0 0 0
230 0 0 0 0 0 0 0 0
0 0 0 0 0 0 0 0 0
774 0 0 0 0 0 0 0 0
0 0 0 0 0 0 0 0 0
503 3 0 0 0 0 0 0 0
3 23 0 0 0 0 0 0 0
0 0 0 0 0 0 0 0 0
130 0 0 0 0 0 0 0 0
68 0 0 0 0 0 0 0 0
0 0 0 0 0 0 0 0 0
59 0 0 0 0 0 0 0 0
32 0 0 0 0 0 0 0 0
0 0 0 0 0 0 0 0 0
11 0 0 0 0 0 0 0 0
8 0 0 0 0 0 0 0 0
0 0 0 0 0 0 0 0 0
260 4 0 0 0 0 0 0 0
0 0 0 0 0 0 0 0 0
241 2 0 0 0 0 0 0 0
0 0 0 0 0 0 0 0 0
0 0 0 0 0 0 0 0 0
0 0 0 0 0 0 0 0 0
6 0 0 0 0 0 0 0 0
39 0 0 0 0 0 0 0 0
0 0 0 0 0 0 0 0 0
0 3 0 0 0 0 0 0 0
2 2 0 0 0 0 0 0 0
0 0 0 0 0 0 0 0 0
154 202 0 0 0 0 0 0 0
0 0 0 0 0 0 0 0 0
9 81 0 0 0 0 0 0 0
118 479 0 0 0 0 0 0 0
0 51 0 0 0 0 0 0 0
0 0 0 0 0 0 0 0 0
4 79 0 0 0 0 0 0 0
8 266 0 0 0 0 0 0 0
2 1 0 0 0 0 0 0 0
8 0 0 0 0 0 0 0 0
0 0 0 0 0 0 0 0 0
0 0 0 0 0 0 0 0 0
83 0 0 0 0 0 0 0 0
0 0 0 0 0 0 0 0 0
86 3 0 0 0 0 0 0 0
0 4 0 0 0 0 0 0 0
0 0 0 0 0 0 0 0 0
0 0 0 0 0 0 0 0 0
4 0 0 0 0 0 0 0 0
15 0 0 0 0 0 0 0 0
342 0 0 0 0 0 0 0 0
0 0 0 0 0 0 0 0 0
270 21 0 0 0 0 0 0 0
0 0 0 0 0 0 0 0 0
19 0 0 0 0 0 0 0 0
0 0 0 0 0 0 0 0 0
20 46 0 0 0 0 0 0 0
0 2 0 0 0 0 0 0 0
0 0 0 0 0 0 0 0 0
0 0 0 0 0 0 0 0 0
0 5 0 0 0 0 0 0 0
0 52 0 0 0 0 0 0 0
0 0 0 0 0 0 0 0 0
109 6457 0 0 0 0 0 0 0
3 3613 0 0 0 0 0 0 0
0 0 0 0 0 0 0 0 0
0 4026 0 0 0 0 0 0 0
0 4790 0 0 0 0 0 0 0
121 7499 0 0 0 0 0 0 0
8 4062 0 0 0 0 0 0 0
15488 55717 0 0 0 0 0 0 0
5090 8640 0 0 0 0 0 0 0
1910 4348 0 0 0 0 0 0 0
2123 4199 0 0 0 0 0 0 0
1848 3836 0 0 0 0 0 0 0
1692 2590 0 0 0 0 0 0 0
0 0 0 0 0 0 0 0 0
1485 1207 0 0 0 0 0 0 0
2529 2076 0 0 0 0 0 0 0
922 449 0 0 0 0 0 0 0
0 0 0 0 0 0 0 0 0
1983 3892 0 0 0 0 0 0 0
0 0 0 0 0 0 0 0 0
2231 6990 0 0 0 0 0 0 0
0 0 0 0 0 0 0 0 0
859 8346 0 0 0 0 0 0 0
15 3136 0 0 0 0 0 0 0
0 0 0 0 0 0 0 0 0
0 0 0 0 0 0 0 0 0
53 6098 0 0 0 0 0 0 0
109 7051 0 0 0 0 0 0 0
55 4104 0 0 0 0 0 0 0
25 4696 0 0 0 0 0 0 0
14 4797 0 0 0 0 0 0 0
0 0 0 0 0 0 0 0 0
0 4258 0 0 0 0 0 0 0
85 4161 0 0 0 0 0 0 0
96 3634 0 0 0 0 0 0 0
284 6912 0 0 0 0 0 0 0
38 3208 0 0 0 0 0 0 0
0 0 0 0 0 0 0 0 0
45 3277 0 0 0 0 0 0 0
132 7148 0 0 0 0 0 0 0
0 0 0 0 0 0 0 0 0
295 8287 0 0 0 0 0 0 0
121 1344 0 0 0 0 0 0 0
0 0 0 0 0 0 0 0 0
252 1166 0 0 0 0 0 0 0
299 1394 0 0 0 0 0 0 0
447 2259 0 0 0 0 0 0 0
77 956 0 0 0 0 0 0 0
42 1280 0 0 0 0 0 0 0
0 0 0 0 0 0 0 0 0
50 420 0 0 0 0 0 0 0
317 718 0 0 0 0 0 0 0
59 121 0 0 0 0 0 0 0
138 0 0 0 0 0 0 0 0
236 13 0 0 0 0 0 0 0
0 0 0 0 0 0 0 0 0
0 0 0 0 0 0 0 0 0
1605 1935 0 0 0 0 0 0 0
934 469 0 0 0 0 0 0 0
1210 294 0 0 0 0 0 0 0
1088 208 0 0 0 0 0 0 0
0 0 0 0 0 0 0 0 0
0 0 0 0 0 0 0 0 0
1194 2233 0 0 0 0 0 0 0
338 178 0 0 0 0 0 0 0
358 1337 0 0 0 0 0 0 0
12 32 0 0 0 0 0 0 0
0 0 0 0 0 0 0 0 0
26 25 0 0 0 0 0 0 0
108 20 0 0 0 0 0 0 0
1639 127 0 0 0 0 0 0 0
847 61 0 0 0 0 0 0 0
183 39 0 0 0 0 0 0 0
0 0 0 0 0 0 0 0 0
58 75 0 0 0 0 0 0 0
2 91 0 0 0 0 0 0 0
6 94 0 0 0 0 0 0 0
90 111 0 0 0 0 0 0 0
92 45 0 0 0 0 0 0 0
0 0 0 0 0 0 0 0 0
244 134 0 0 0 0 0 0 0
575 559 0 0 0 0 0 0 0
0 0 0 0 0 0 0 0 0
531 197 0 0 0 0 0 0 0
420 1 0 0 0 0 0 0 0
0 0 0 0 0 0 0 0 0
0 0 0 0 0 0 0 0 0
2287 74 0 0 0 0 0 0 0
4171 4 0 0 0 0 0 0 0
1501 0 0 0 0 0 0 0 0
777 0 0 0 0 0 0 0 0
0 0 0 0 0 0 0 0 0
830 0 0 0 0 0 0 0 0
864 0 0 0 0 0 0 0 0
0 0 0 0 0 0 0 0 0
3755 103 0 0 0 0 0 0 0
1059 5 0 0 0 0 0 0 0
0 0 0 0 0 0 0 0 0
911 12 0 0 0 0 0 0 0
555 0 0 0 0 0 0 0 0
754 93 0 0 0 0 0 0 0
195 0 0 0 0 0 0 0 0
330 1 0 0 0 0 0 0 0
0 0 0 0 0 0 0 0 0
367 0 0 0 0 0 0 0 0
316 0 0 0 0 0 0 0 0
117 3 0 0 0 0 0 0 0
161 60 0 0 0 0 0 0 0
0 0 0 0 0 0 0 0 0
0 0 0 0 0 0 0 0 0
445 1 0 0 0 0 0 0 0
34 0 0 0 0 0 0 0 0
476 43 0 0 0 0 0 0 0
0 0 0 0 0 0 0 0 0
824 115 0 0 0 0 0 0 0
0 0 0 0 0 0 0 0 0
227 0 0 0 0 0 0 0 0
365 0 0 0 0 0 0 0 0
498 18 0 0 0 0 0 0 0
1127 5 0 0 0 0 0 0 0
0 0 0 0 0 0 0 0 0
0 0 0 0 0 0 0 0 0
1739 0 0 0 0 0 0 0 0
1164 0 0 0 0 0 0 0 0
1567 0 0 0 0 0 0 0 0
1679 0 0 0 0 0 0 0 0
3273 8 0 0 0 0 0 0 0
0 0 0 0 0 0 0 0 0
1182 0 0 0 0 0 0 0 0
1117 0 0 0 0 0 0 0 0
0 0 0 0 0 0 0 0 0
2447 74 0 0 0 0 0 0 0
398 51 0 0 0 0 0 0 0
0 0 0 0 0 0 0 0 0
544 30 0 0 0 0 0 0 0
708 0 0 0 0 0 0 0 0
914 53 0 0 0 0 0 0 0
806 77 0 0 0 0 0 0 0
1852 163 0 0 0 0 0 0 0
0 0 0 0 0 0 0 0 0
591 73 0 0 0 0 0 0 0
376 27 0 0 0 0 0 0 0
0 0 0 0 0 0 0 0 0
1708 56 0 0 0 0 0 0 0
325 0 0 0 0 0 0 0 0
0 0 0 0 0 0 0 0 0
1589 0 0 0 0 0 0 0 0
458 0 0 0 0 0 0 0 0
398 0 0 0 0 0 0 0 0
492 0 0 0 0 0 0 0 0
563 9 0 0 0 0 0 0 0
0 0 0 0 0 0 0 0 0
1385 12 0 0 0 0 0 0 0
612 4 0 0 0 0 0 0 0
810 0 0 0 0 0 0 0 0
840 0 0 0 0 0 0 0 0
713 0 0 0 0 0 0 0 0
0 0 0 0 0 0 0 0 0
2696 0 0 0 0 0 0 0 0
1411 0 0 0 0 0 0 0 0
1704 0 0 0 0 0 0 0 0
0 0 0 0 0 0 0 0 0
3197 27 0 0 0 0 0 0 0
0 0 0 0 0 0 0 0 0
0 0 0 0 0 0 0 0 0
4718 516 0 0 0 0 0 0 0
1666 0 0 0 0 0 0 0 0
1456 0 0 0 0 0 0 0 0
1280 4 0 0 0 0 0 0 0
0 0 0 0 0 0 0 0 0
1627 70 0 0 0 0 0 0 0
462 41 0 0 0 0 0 0 0
0 0 0 0 0 0 0 0 0
602 59 0 0 0 0 0 0 0
236 0 0 0 0 0 0 0 0
0 0 0 0 0 0 0 0 0
312 0 0 0 0 0 0 0 0
755 0 0 0 0 0 0 0 0
165 0 0 0 0 0 0 0 0
125 0 0 0 0 0 0 0 0
170 0 0 0 0 0 0 0 0
0 0 0 0 0 0 0 0 0
473 0 0 0 0 0 0 0 0
92 0 0 0 0 0 0 0 0
0 0 0 0 0 0 0 0 0
203 0 0 0 0 0 0 0 0
44 0 0 0 0 0 0 0 0
0 0 0 0 0 0 0 0 0
38 0 0 0 0 0 0 0 0
72 9 0 0 0 0 0 0 0
3 0 0 0 0 0 0 0 0
53 0 0 0 0 0 0 0 0
50 0 0 0 0 0 0 0 0
0 0 0 0 0 0 0 0 0
144 0 0 0 0 0 0 0 0
0 0 0 0 0 0 0 0 0
449 11 0 0 0 0 0 0 0
123 0 0 0 0 0 0 0 0
0 0 0 0 0 0 0 0 0
0 0 0 0 0 0 0 0 0
527 0 0 0 0 0 0 0 0
394 0 0 0 0 0 0 0 0
188 0 0 0 0 0 0 0 0
170 0 0 0 0 0 0 0 0
196 0 0 0 0 0 0 0 0
0 0 0 0 0 0 0 0 0
53 0 0 0 0 0 0 0 0
25 0 0 0 0 0 0 0 0
304 5 0 0 0 0 0 0 0
98 0 0 0 0 0 0 0 0
146 0 0 0 0 0 0 0 0
0 0 0 0 0 0 0 0 0
182 0 0 0 0 0 0 0 0
355 34 0 0 0 0 0 0 0
138 20 0 0 0 0 0 0 0
151 0 0 0 0 0 0 0 0
170 26 0 0 0 0 0 0 0
0 0 0 0 0 0 0 0 0
152 7 0 0 0 0 0 0 0
104 0 0 0 0 0 0 0 0
317 0 0 0 0 0 0 0 0
219 0 0 0 0 0 0 0 0
317 0 0 0 0 0 0 0 0
0 0 0 0 0 0 0 0 0
346 86 0 0 0 0 0 0 0
546 1567 0 0 0 0 0 0 0
0 0 0 0 0 0 0 0 0
299 3921 0 0 0 0 0 0 0
83 1871 0 0 0 0 0 0 0
0 0 0 0 0 0 0 0 0
0 0 0 0 0 0 0 0 0
589 5539 0 0 0 0 0 0 0
16008 49008 0 0 0 0 0 0 0
0 0 0 0 0 0 0 0 0
569 10128 0 0 0 0 0 0 0
122 4684 0 0 0 0 0 0 0
11 6161 0 0 0 0 0 0 0
35 7293 0 0 0 0 0 0 0
53 13987 0 0 0 0 0 0 0
0 0 0 0 0 0 0 0 0
44 8038 0 0 0 0 0 0 0
294 8361 0 0 0 0 0 0 0
117 8114 0 0 0 0 0 0 0
190 10050 0 0 0 0 0 0 0
234 9907 0 0 0 0 0 0 0
0 0 0 0 0 0 0 0 0
365 13999 0 0 0 0 0 0 0
0 0 0 0 0 0 0 0 0
502 7880 0 0 0 0 0 0 0
724 1355 0 0 0 0 0 0 0
882 5099 0 0 0 0 0 0 0
0 0 0 0 0 0 0 0 0
256 531 0 0 0 0 0 0 0
184 382 0 0 0 0 0 0 0
0 0 0 0 0 0 0 0 0
1002 3400 0 0 0 0 0 0 0
568 60 0 0 0 0 0 0 0
0 0 0 0 0 0 0 0 0
2298 359 0 0 0 0 0 0 0
0 0 0 0 0 0 0 0 0
2471 145 0 0 0 0 0 0 0
773 0 0 0 0 0 0 0 0
1218 11 0 0 0 0 0 0 0
0 0 0 0 0 0 0 0 0
0 0 0 0 0 0 0 0 0
648 130 0 0 0 0 0 0 0
273 85 0 0 0 0 0 0 0
213 23 0 0 0 0 0 0 0
157 0 0 0 0 0 0 0 0
0 0 0 0 0 0 0 0 0
222 0 0 0 0 0 0 0 0
843 7 0 0 0 0 0 0 0
549 0 0 0 0 0 0 0 0
281 0 0 0 0 0 0 0 0
229 0 0 0 0 0 0 0 0
0 0 0 0 0 0 0 0 0
395 39 0 0 0 0 0 0 0
1061 481 0 0 0 0 0 0 0
299 17 0 0 0 0 0 0 0
177 29 0 0 0 0 0 0 0
0 0 0 0 0 0 0 0 0
0 0 0 0 0 0 0 0 0
1916 1165 0 0 0 0 0 0 0
68 174 0 0 0 0 0 0 0
0 0 0 0 0 0 0 0 0
330 330 0 0 0 0 0 0 0
30 1 0 0 0 0 0 0 0
0 0 0 0 0 0 0 0 0
39 30 0 0 0 0 0 0 0
307 422 0 0 0 0 0 0 0
424 105 0 0 0 0 0 0 0
0 0 0 0 0 0 0 0 0
1489 283 0 0 0 0 0 0 0
0 0 0 0 0 0 0 0 0
577 41 0 0 0 0 0 0 0
469 7 0 0 0 0 0 0 0
1753 99 0 0 0 0 0 0 0
311 154 0 0 0 0 0 0 0
233 206 0 0 0 0 0 0 0
0 0 0 0 0 0 0 0 0
186 79 0 0 0 0 0 0 0
1296 961 0 0 0 0 0 0 0
507 165 0 0 0 0 0 0 0
397 71 0 0 0 0 0 0 0
280 1 0 0 0 0 0 0 0
0 0 0 0 0 0 0 0 0
131 10 0 0 0 0 0 0 0
26 0 0 0 0 0 0 0 0
312 180 0 0 0 0 0 0 0
6 123 0 0 0 0 0 0 0
11 24 0 0 0 0 0 0 0
0 0 0 0 0 0 0 0 0
5 5 0 0 0 0 0 0 0
155 250 0 0 0 0 0 0 0
184 0 0 0 0 0 0 0 0
335 0 0 0 0 0 0 0 0
416 35 0 0 0 0 0 0 0
0 0 0 0 0 0 0 0 0
341 48 0 0 0 0 0 0 0
264 1 0 0 0 0 0 0 0
842 54 0 0 0 0 0 0 0
325 36 0 0 0 0 0 0 0
0 0 0 0 0 0 0 0 0
0 0 0 0 0 0 0 0 0
997 103 0 0 0 0 0 0 0
0 0 0 0 0 0 0 0 0
1629 137 0 0 0 0 0 0 0
1280 44 0 0 0 0 0 0 0
533 0 0 0 0 0 0 0 0
0 0 0 0 0 0 0 0 0
461 0 0 0 0 0 0 0 0
336 1 0 0 0 0 0 0 0
580 0 0 0 0 0 0 0 0
30 0 0 0 0 0 0 0 0
33 0 0 0 0 0 0 0 0
0 0 0 0 0 0 0 0 0
70 0 0 0 0 0 0 0 0
143 0 0 0 0 0 0 0 0
210 0 0 0 0 0 0 0 0
795 43 0 0 0 0 0 0 0
310 31 0 0 0 0 0 0 0
0 0 0 0 0 0 0 0 0
296 15 0 0 0 0 0 0 0
224 0 0 0 0 0 0 0 0
831 0 0 0 0 0 0 0 0
0 0 0 0 0 0 0 0 0
1362 0 0 0 0 0 0 0 0
0 0 0 0 0 0 0 0 0
231 0 0 0 0 0 0 0 0
215 0 0 0 0 0 0 0 0
164 0 0 0 0 0 0 0 0
609 59 0 0 0 0 0 0 0
39 51 0 0 0 0 0 0 0
0 0 0 0 0 0 0 0 0
42 45 0 0 0 0 0 0 0
258 0 0 0 0 0 0 0 0
463 0 0 0 0 0 0 0 0
557 2 0 0 0 0 0 0 0
1127 158 0 0 0 0 0 0 0
0 0 0 0 0 0 0 0 0
0 0 0 0 0 0 0 0 0
1499 89 0 0 0 0 0 0 0
819 0 0 0 0 0 0 0 0
906 69 0 0 0 0 0 0 0
207 0 0 0 0 0 0 0 0
0 0 0 0 0 0 0 0 0
270 0 0 0 0 0 0 0 0
285 0 0 0 0 0 0 0 0
411 1 0 0 0 0 0 0 0
516 0 0 0 0 0 0 0 0
1682 64 0 0 0 0 0 0 0
0 0 0 0 0 0 0 0 0
0 0 0 0 0 0 0 0 0
2081 30 0 0 0 0 0 0 0
1262 0 0 0 0 0 0 0 0
2986 38 0 0 0 0 0 0 0
0 0 0 0 0 0 0 0 0
0 0 0 0 0 0 0 0 0
1078 2 0 0 0 0 0 0 0
316 0 0 0 0 0 0 0 0
166 0 0 0 0 0 0 0 0
0 0 0 0 0 0 0 0 0
1975 0 0 0 0 0 0 0 0
0 0 0 0 0 0 0 0 0
918 0 0 0 0 0 0 0 0
1163 0 0 0 0 0 0 0 0
1076 0 0 0 0 0 0 0 0
1183 0 0 0 0 0 0 0 0
1144 0 0 0 0 0 0 0 0
0 0 0 0 0 0 0 0 0
1694 0 0 0 0 0 0 0 0
174 0 0 0 0 0 0 0 0
0 0 0 0 0 0 0 0 0
1420 0 0 0 0 0 0 0 0
1817 0 0 0 0 0 0 0 0
0 0 0 0 0 0 0 0 0
323 0 0 0 0 0 0 0 0
246 0 0 0 0 0 0 0 0
443 0 0 0 0 0 0 0 0
882 0 0 0 0 0 0 0 0
862 3 0 0 0 0 0 0 0
0 0 0 0 0 0 0 0 0
923 26 0 0 0 0 0 0 0
213 0 0 0 0 0 0 0 0
745 0 0 0 0 0 0 0 0
397 0 0 0 0 0 0 0 0
392 0 0 0 0 0 0 0 0
0 0 0 0 0 0 0 0 0
404 2 0 0 0 0 0 0 0
1432 6 0 0 0 0 0 0 0
728 0 0 0 0 0 0 0 0
771 0 0 0 0 0 0 0 0
870 0 0 0 0 0 0 0 0
0 0 0 0 0 0 0 0 0
713 0 0 0 0 0 0 0 0
75 0 0 0 0 0 0 0 0
105 0 0 0 0 0 0 0 0
205 0 0 0 0 0 0 0 0
131 0 0 0 0 0 0 0 0
0 0 0 0 0 0 0 0 0
77 0 0 0 0 0 0 0 0
925 0 0 0 0 0 0 0 0
0 0 0 0 0 0 0 0 0
462 0 0 0 0 0 0 0 0
162 0 0 0 0 0 0 0 0
0 0 0 0 0 0 0 0 0
653 0 0 0 0 0 0 0 0
279 0 0 0 0 0 0 0 0
0 0 0 0 0 0 0 0 0
371 0 0 0 0 0 0 0 0
144 0 0 0 0 0 0 0 0
0 0 0 0 0 0 0 0 0
270 0 0 0 0 0 0 0 0
575 0 0 0 0 0 0 0 0
0 0 0 0 0 0 0 0 0
568 0 0 0 0 0 0 0 0
98 0 0 0 0 0 0 0 0
0 0 0 0 0 0 0 0 0
49 0 0 0 0 0 0 0 0
50 0 0 0 0 0 0 0 0
434 0 0 0 0 0 0 0 0
240 0 0 0 0 0 0 0 0
241 0 0 0 0 0 0 0 0
0 0 0 0 0 0 0 0 0
0 0 0 0 0 0 0 0 0
537 43 0 0 0 0 0 0 0
416 9 0 0 0 0 0 0 0
200 0 0 0 0 0 0 0 0
157 26 0 0 0 0 0 0 0
0 0 0 0 0 0 0 0 0
172 107 0 0 0 0 0 0 0
130 199 0 0 0 0 0 0 0
650 1454 0 0 0 0 0 0 0
344 308 0 0 0 0 0 0 0
515 242 0 0 0 0 0 0 0
0 0 0 0 0 0 0 0 0
591 199 0 0 0 0 0 0 0
797 447 0 0 0 0 0 0 0
0 0 0 0 0 0 0 0 0
390 411 0 0 0 0 0 0 0
53 59 0 0 0 0 0 0 0
0 0 0 0 0 0 0 0 0
141 78 0 0 0 0 0 0 0
25 59 0 0 0 0 0 0 0
100 102 0 0 0 0 0 0 0
399 470 0 0 0 0 0 0 0
58 222 0 0 0 0 0 0 0
0 0 0 0 0 0 0 0 0
126 234 0 0 0 0 0 0 0
580 125 0 0 0 0 0 0 0
1166 112 0 0 0 0 0 0 0
1415 47 0 0 0 0 0 0 0
97 2 0 0 0 0 0 0 0
0 0 0 0 0 0 0 0 0
57 95 0 0 0 0 0 0 0
0 0 0 0 0 0 0 0 0
569 344 0 0 0 0 0 0 0
406 8 0 0 0 0 0 0 0
556 0 0 0 0 0 0 0 0
0 0 0 0 0 0 0 0 0
283 0 0 0 0 0 0 0 0
313 0 0 0 0 0 0 0 0
99 2 0 0 0 0 0 0 0
137 39 0 0 0 0 0 0 0
0 0 0 0 0 0 0 0 0
0 0 0 0 0 0 0 0 0
249 8 0 0 0 0 0 0 0
45 0 0 0 0 0 0 0 0
525 49 0 0 0 0 0 0 0
0 0 0 0 0 0 0 0 0
981 6 0 0 0 0 0 0 0
0 0 0 0 0 0 0 0 0
672 0 0 0 0 0 0 0 0
711 0 0 0 0 0 0 0 0
532 0 0 0 0 0 0 0 0
275 0 0 0 0 0 0 0 0
841 0 0 0 0 0 0 0 0
0 0 0 0 0 0 0 0 0
401 0 0 0 0 0 0 0 0
147 0 0 0 0 0 0 0 0
93 0 0 0 0 0 0 0 0
191 0 0 0 0 0 0 0 0
332 21 0 0 0 0 0 0 0
0 0 0 0 0 0 0 0 0
923 6 0 0 0 0 0 0 0
0 0 0 0 0 0 0 0 0
481 27 0 0 0 0 0 0 0
41 0 0 0 0 0 0 0 0
16 0 0 0 0 0 0 0 0
0 0 0 0 0 0 0 0 0
135 0 0 0 0 0 0 0 0
266 0 0 0 0 0 0 0 0
71 0 0 0 0 0 0 0 0
12 0 0 0 0 0 0 0 0
344 14 0 0 0 0 0 0 0
0 0 0 0 0 0 0 0 0
229 0 0 0 0 0 0 0 0
0 0 0 0 0 0 0 0 0
1024 16 0 0 0 0 0 0 0
547 0 0 0 0 0 0 0 0
487 0 0 0 0 0 0 0 0
0 0 0 0 0 0 0 0 0
1077 0 0 0 0 0 0 0 0
270 0 0 0 0 0 0 0 0
282 0 0 0 0 0 0 0 0
87 0 0 0 0 0 0 0 0
11 0 0 0 0 0 0 0 0
0 0 0 0 0 0 0 0 0
357 79 0 0 0 0 0 0 0
75 0 0 0 0 0 0 0 0
27 0 0 0 0 0 0 0 0
7 0 0 0 0 0 0 0 0
368 0 0 0 0 0 0 0 0
0 0 0 0 0 0 0 0 0
873 0 0 0 0 0 0 0 0
1686 0 0 0 0 0 0 0 0
588 0 0 0 0 0 0 0 0
0 0 0 0 0 0 0 0 0
552 0 0 0 0 0 0 0 0
875 0 0 0 0 0 0 0 0
0 0 0 0 0 0 0 0 0
614 0 0 0 0 0 0 0 0
432 13 0 0 0 0 0 0 0
258 20 0 0 0 0 0 0 0
136 0 0 0 0 0 0 0 0
541 0 0 0 0 0 0 0 0
0 0 0 0 0 0 0 0 0
1336 45 0 0 0 0 0 0 0
226 0 0 0 0 0 0 0 0
171 0 0 0 0 0 0 0 0
509 3 0 0 0 0 0 0 0
191 135 0 0 0 0 0 0 0
0 0 0 0 0 0 0 0 0
149 587 0 0 0 0 0 0 0
633 4623 0 0 0 0 0 0 0
184 3277 0 0 0 0 0 0 0
17437 76932 0 0 0 0 0 0 0
2827 53461 0 0 0 0 0 0 0
0 0 0 0 0 0 0 0 0
0 0 0 0 0 0 0 0 0
2476 63316 0 0 0 0 0 0 0
1226 35098 0 0 0 0 0 0 0
888 31330 0 0 0 0 0 0 0
517 28989 0 0 0 0 0 0 0
0 0 0 0 0 0 0 0 0
591 43418 0 0 0 0 0 0 0
26 15981 0 0 0 0 0 0 0
0 0 0 0 0 0 0 0 0
168 24862 0 0 0 0 0 0 0
63 12759 0 0 0 0 0 0 0
0 0 0 0 0 0 0 0 0
20 12661 0 0 0 0 0 0 0
193 24165 0 0 0 0 0 0 0
35 10960 0 0 0 0 0 0 0
0 9930 0 0 0 0 0 0 0
0 10541 0 0 0 0 0 0 0
0 0 0 0 0 0 0 0 0
36 16463 0 0 0 0 0 0 0
0 10486 0 0 0 0 0 0 0
0 7433 0 0 0 0 0 0 0
0 5267 0 0 0 0 0 0 0
0 5322 0 0 0 0 0 0 0
0 0 0 0 0 0 0 0 0
0 5646 0 0 0 0 0 0 0
414 10805 0 0 0 0 0 0 0
152 5101 0 0 0 0 0 0 0
6 4983 0 0 0 0 0 0 0
11 4770 0 0 0 0 0 0 0
0 0 0 0 0 0 0 0 0
114 9775 0 0 0 0 0 0 0
0 0 0 0 0 0 0 0 0
327 9937 0 0 0 0 0 0 0
10 4502 0 0 0 0 0 0 0
45 4483 0 0 0 0 0 0 0
0 0 0 0 0 0 0 0 0
53 4476 0 0 0 0 0 0 0
404 8527 0 0 0 0 0 0 0
0 0 0 0 0 0 0 0 0
1185 7579 0 0 0 0 0 0 0
156 3209 0 0 0 0 0 0 0
0 0 0 0 0 0 0 0 0
1515 3167 0 0 0 0 0 0 0
1156 2922 0 0 0 0 0 0 0
2079 5115 0 0 0 0 0 0 0
1288 1130 0 0 0 0 0 0 0
1283 587 0 0 0 0 0 0 0
0 0 0 0 0 0 0 0 0
1698 398 0 0 0 0 0 0 0
0 0 0 0 0 0 0 0 0
2872 986 0 0 0 0 0 0 0
0 0 0 0 0 0 0 0 0
4414 656 0 0 0 0 0 0 0
0 0 0 0 0 0 0 0 0
2321 37 0 0 0 0 0 0 0
2766 14 0 0 0 0 0 0 0
4308 157 0 0 0 0 0 0 0
1703 3 0 0 0 0 0 0 0
1299 6 0 0 0 0 0 0 0
0 0 0 0 0 0 0 0 0
0 0 0 0 0 0 0 0 0
3143 171 0 0 0 0 0 0 0
894 10 0 0 0 0 0 0 0
2366 159 0 0 0 0 0 0 0
921 21 0 0 0 0 0 0 0
0 0 0 0 0 0 0 0 0
810 13 0 0 0 0 0 0 0
778 19 0 0 0 0 0 0 0
2681 244 0 0 0 0 0 0 0
902 64 0 0 0 0 0 0 0
800 68 0 0 0 0 0 0 0
0 0 0 0 0 0 0 0 0
808 39 0 0 0 0 0 0 0
949 29 0 0 0 0 0 0 0
1261 0 0 0 0 0 0 0 0
0 0 0 0 0 0 0 0 0
4166 383 0 0 0 0 0 0 0
0 0 0 0 0 0 0 0 0
1649 89 0 0 0 0 0 0 0
1528 179 0 0 0 0 0 0 0
1242 147 0 0 0 0 0 0 0
1130 101 0 0 0 0 0 0 0
487 0 0 0 0 0 0 0 0
0 0 0 0 0 0 0 0 0
452 0 0 0 0 0 0 0 0
669 0 0 0 0 0 0 0 0
893 0 0 0 0 0 0 0 0
1815 3 0 0 0 0 0 0 0
563 0 0 0 0 0 0 0 0
0 0 0 0 0 0 0 0 0
766 5 0 0 0 0 0 0 0
817 3 0 0 0 0 0 0 0
679 0 0 0 0 0 0 0 0
393 0 0 0 0 0 0 0 0
325 22 0 0 0 0 0 0 0
0 0 0 0 0 0 0 0 0
1691 783 0 0 0 0 0 0 0
1699 60 0 0 0 0 0 0 0
1778 101 0 0 0 0 0 0 0
2146 1042 0 0 0 0 0 0 0
1254 82 0 0 0 0 0 0 0
0 0 0 0 0 0 0 0 0
0 0 0 0 0 0 0 0 0
1792 1011 0 0 0 0 0 0 0
961 81 0 0 0 0 0 0 0
1166 102 0 0 0 0 0 0 0
847 125 0 0 0 0 0 0 0
0 0 0 0 0 0 0 0 0
896 1585 0 0 0 0 0 0 0
307 171 0 0 0 0 0 0 0
469 104 0 0 0 0 0 0 0
1313 1059 0 0 0 0 0 0 0
0 0 0 0 0 0 0 0 0
0 0 0 0 0 0 0 0 0
1467 842 0 0 0 0 0 0 0
319 25 0 0 0 0 0 0 0
301 24 0 0 0 0 0 0 0
0 0 0 0 0 0 0 0 0
2010 969 0 0 0 0 0 0 0
0 0 0 0 0 0 0 0 0
93 351 0 0 0 0 0 0 0
40 1426 0 0 0 0 0 0 0
0 0 0 0 0 0 0 0 0
943 10968 0 0 0 0 0 0 0
199 5693 0 0 0 0 0 0 0
0 0 0 0 0 0 0 0 0
1225 16169 0 0 0 0 0 0 0
404 9660 0 0 0 0 0 0 0
235 8377 0 0 0 0 0 0 0
171 5913 0 0 0 0 0 0 0
397 3399 0 0 0 0 0 0 0
0 0 0 0 0 0 0 0 0
64 4610 0 0 0 0 0 0 0
4 9409 0 0 0 0 0 0 0
16 11927 0 0 0 0 0 0 0
4 12733 0 0 0 0 0 0 0
0 0 0 0 0 0 0 0 0
0 0 0 0 0 0 0 0 0
343 18739 0 0 0 0 0 0 0
292 15059 0 0 0 0 0 0 0
128 6041 0 0 0 0 0 0 0
270 5276 0 0 0 0 0 0 0
378 4507 0 0 0 0 0 0 0
0 0 0 0 0 0 0 0 0
336 3059 0 0 0 0 0 0 0
1352 13307 0 0 0 0 0 0 0
567 11108 0 0 0 0 0 0 0
563 11877 0 0 0 0 0 0 0
0 0 0 0 0 0 0 0 0
0 0 0 0 0 0 0 0 0
1615 18385 0 0 0 0 0 0 0
191 6342 0 0 0 0 0 0 0
159 6552 0 0 0 0 0 0 0
260 5934 0 0 0 0 0 0 0
428 5299 0 0 0 0 0 0 0
0 0 0 0 0 0 0 0 0
335 5456 0 0 0 0 0 0 0
366 5302 0 0 0 0 0 0 0
1172 8660 0 0 0 0 0 0 0
606 4455 0 0 0 0 0 0 0
675 4409 0 0 0 0 0 0 0
0 0 0 0 0 0 0 0 0
1510 8023 0 0 0 0 0 0 0
450 4043 0 0 0 0 0 0 0
359 3669 0 0 0 0 0 0 0
401 3005 0 0 0 0 0 0 0
438 3154 0 0 0 0 0 0 0
0 0 0 0 0 0 0 0 0
469 3481 0 0 0 0 0 0 0
561 2972 0 0 0 0 0 0 0
1758 5481 0 0 0 0 0 0 0
492 1587 0 0 0 0 0 0 0
502 727 0 0 0 0 0 0 0
0 0 0 0 0 0 0 0 0
564 585 0 0 0 0 0 0 0
545 784 0 0 0 0 0 0 0
947 1738 0 0 0 0 0 0 0
315 122 0 0 0 0 0 0 0
0 0 0 0 0 0 0 0 0
0 0 0 0 0 0 0 0 0
980 363 0 0 0 0 0 0 0
934 61 0 0 0 0 0 0 0
118 0 0 0 0 0 0 0 0
180 0 0 0 0 0 0 0 0
269 3 0 0 0 0 0 0 0
0 0 0 0 0 0 0 0 0
270 1 0 0 0 0 0 0 0
0 0 0 0 0 0 0 0 0
633 360 0 0 0 0 0 0 0
522 1232 0 0 0 0 0 0 0
229 94 0 0 0 0 0 0 0
0 0 0 0 0 0 0 0 0
411 354 0 0 0 0 0 0 0
1504 3477 0 0 0 0 0 0 0
0 0 0 0 0 0 0 0 0
2018 3795 0 0 0 0 0 0 0
1157 1083 0 0 0 0 0 0 0
0 0 0 0 0 0 0 0 0
750 610 0 0 0 0 0 0 0
361 239 0 0 0 0 0 0 0
748 1199 0 0 0 0 0 0 0
0 0 0 0 0 0 0 0 0
1570 1623 0 0 0 0 0 0 0
0 0 0 0 0 0 0 0 0
1011 207 0 0 0 0 0 0 0
1328 4 0 0 0 0 0 0 0
989 127 0 0 0 0 0 0 0
1682 815 0 0 0 0 0 0 0
509 254 0 0 0 0 0 0 0
0 0 0 0 0 0 0 0 0
269 192 0 0 0 0 0 0 0
126 99 0 0 0 0 0 0 0
666 222 0 0 0 0 0 0 0
0 0 0 0 0 0 0 0 0
513 152 0 0 0 0 0 0 0
0 0 0 0 0 0 0 0 0
12 22 0 0 0 0 0 0 0
127 0 0 0 0 0 0 0 0
102 0 0 0 0 0 0 0 0
325 0 0 0 0 0 0 0 0
0 0 0 0 0 0 0 0 0
0 0 0 0 0 0 0 0 0
3 0 0 0 0 0 0 0 0
0 0 0 0 0 0 0 0 0
821 592 0 0 0 0 0 0 0
0 0 0 0 0 0 0 0 0
281 112 0 0 0 0 0 0 0
0 0 0 0 0 0 0 0 0
21 0 0 0 0 0 0 0 0
48 0 0 0 0 0 0 0 0
25 0 0 0 0 0 0 0 0
656 105 0 0 0 0 0 0 0
233 0 0 0 0 0 0 0 0
0 0 0 0 0 0 0 0 0
498 0 0 0 0 0 0 0 0
0 0 0 0 0 0 0 0 0
1677 8 0 0 0 0 0 0 0
557 0 0 0 0 0 0 0 0
185 0 0 0 0 0 0 0 0
0 0 0 0 0 0 0 0 0
1321 4 0 0 0 0 0 0 0
278 1 0 0 0 0 0 0 0
107 3 0 0 0 0 0 0 0
73 6 0 0 0 0 0 0 0
593 721 0 0 0 0 0 0 0
0 0 0 0 0 0 0 0 0
386 30 0 0 0 0 0 0 0
667 0 0 0 0 0 0 0 0
580 1 0 0 0 0 0 0 0
282 1 0 0 0 0 0 0 0
142 3 0 0 0 0 0 0 0
0 0 0 0 0 0 0 0 0
223 336 0 0 0 0 0 0 0
0 2 0 0 0 0 0 0 0
0 0 0 0 0 0 0 0 0
171 58 0 0 0 0 0 0 0
7 0 0 0 0 0 0 0 0
0 0 0 0 0 0 0 0 0
17 18 0 0 0 0 0 0 0
385 96 0 0 0 0 0 0 0
104 17 0 0 0 0 0 0 0
99 10 0 0 0 0 0 0 0
98 2 0 0 0 0 0 0 0
0 0 0 0 0 0 0 0 0
869 32 0 0 0 0 0 0 0
412 0 0 0 0 0 0 0 0
515 0 0 0 0 0 0 0 0
392 0 0 0 0 0 0 0 0
311 0 0 0 0 0 0 0 0
0 0 0 0 0 0 0 0 0
247 7 0 0 0 0 0 0 0
448 160 0 0 0 0 0 0 0
539 32 0 0 0 0 0 0 0
689 11 0 0 0 0 0 0 0
1039 139 0 0 0 0 0 0 0
0 0 0 0 0 0 0 0 0
0 12 0 0 0 0 0 0 0
86 32 0 0 0 0 0 0 0
269 36 0 0 0 0 0 0 0
508 31 0 0 0 0 0 0 0
0 0 0 0 0 0 0 0 0
0 0 0 0 0 0 0 0 0
3654 2880 0 0 0 0 0 0 0
1902 7 0 0 0 0 0 0 0
2187 1 0 0 0 0 0 0 0
2355 0 0 0 0 0 0 0 0
2067 0 0 0 0 0 0 0 0
0 0 0 0 0 0 0 0 0
2144 0 0 0 0 0 0 0 0
2191 0 0 0 0 0 0 0 0
3821 41 0 0 0 0 0 0 0
0 0 0 0 0 0 0 0 0
3587 18 0 0 0 0 0 0 0
0 0 0 0 0 0 0 0 0
4042 0 0 0 0 0 0 0 0
1405 0 0 0 0 0 0 0 0
1450 0 0 0 0 0 0 0 0
1653 0 0 0 0 0 0 0 0
1798 0 0 0 0 0 0 0 0
0 0 0 0 0 0 0 0 0
1997 0 0 0 0 0 0 0 0
4989 85 0 0 0 0 0 0 0
2103 0 0 0 0 0 0 0 0
1791 0 0 0 0 0 0 0 0
1237 0 0 0 0 0 0 0 0
0 0 0 0 0 0 0 0 0
1581 0 0 0 0 0 0 0 0
2013 0 0 0 0 0 0 0 0
4561 31 0 0 0 0 0 0 0
2066 0 0 0 0 0 0 0 0
1937 8 0 0 0 0 0 0 0
0 0 0 0 0 0 0 0 0
1709 0 0 0 0 0 0 0 0
2863 125 0 0 0 0 0 0 0
1894 0 0 0 0 0 0 0 0
1982 0 0 0 0 0 0 0 0
2026 0 0 0 0 0 0 0 0
0 0 0 0 0 0 0 0 0
1875 3 0 0 0 0 0 0 0
1346 10 0 0 0 0 0 0 0
975 54 0 0 0 0 0 0 0
2405 881 0 0 0 0 0 0 0
936 62 0 0 0 0 0 0 0
0 0 0 0 0 0 0 0 0
0 0 0 0 0 0 0 0 0
2126 597 0 0 0 0 0 0 0
2087 168 0 0 0 0 0 0 0
1287 0 0 0 0 0 0 0 0
2296 0 0 0 0 0 0 0 0
0 0 0 0 0 0 0 0 0
2885 0 0 0 0 0 0 0 0
2390 0 0 0 0 0 0 0 0
1680 0 0 0 0 0 0 0 0
2833 10 0 0 0 0 0 0 0
918 0 0 0 0 0 0 0 0
0 0 0 0 0 0 0 0 0
905 0 0 0 0 0 0 0 0
2657 5 0 0 0 0 0 0 0
0 0 0 0 0 0 0 0 0
4001 0 0 0 0 0 0 0 0
1315 0 0 0 0 0 0 0 0
0 0 0 0 0 0 0 0 0
0 0 0 0 0 0 0 0 0
1300 10 0 0 0 0 0 0 0
1114 6 0 0 0 0 0 0 0
48 0 0 0 0 0 0 0 0
54 0 0 0 0 0 0 0 0
0 0 0 0 0 0 0 0 0
71 0 0 0 0 0 0 0 0
285 0 0 0 0 0 0 0 0
597 1 0 0 0 0 0 0 0
700 1 0 0 0 0 0 0 0
1483 84 0 0 0 0 0 0 0
0 0 0 0 0 0 0 0 0
0 0 0 0 0 0 0 0 0
1907 148 0 0 0 0 0 0 0
1202 328 0 0 0 0 0 0 0
491 4 0 0 0 0 0 0 0
621 0 0 0 0 0 0 0 0
0 0 0 0 0 0 0 0 0
588 10 0 0 0 0 0 0 0
485 23 0 0 0 0 0 0 0
514 0 0 0 0 0 0 0 0
1391 90 0 0 0 0 0 0 0
612 6 0 0 0 0 0 0 0
0 0 0 0 0 0 0 0 0
0 0 0 0 0 0 0 0 0
1163 19 0 0 0 0 0 0 0
914 0 0 0 0 0 0 0 0
1232 0 0 0 0 0 0 0 0
2632 3 0 0 0 0 0 0 0
0 0 0 0 0 0 0 0 0
1962 3 0 0 0 0 0 0 0
2060 10 0 0 0 0 0 0 0
2182 1 0 0 0 0 0 0 0
3502 22 0 0 0 0 0 0 0
2451 0 0 0 0 0 0 0 0
0 0 0 0 0 0 0 0 0
2403 0 0 0 0 0 0 0 0
2072 0 0 0 0 0 0 0 0
1754 0 0 0 0 0 0 0 0
1506 0 0 0 0 0 0 0 0
2225 8 0 0 0 0 0 0 0
0 0 0 0 0 0 0 0 0
0 0 0 0 0 0 0 0 0
1429 24 0 0 0 0 0 0 0
708 0 0 0 0 0 0 0 0
1198 12 0 0 0 0 0 0 0
3 0 0 0 0 0 0 0 0
0 0 0 0 0 0 0 0 0
11 0 0 0 0 0 0 0 0
0 0 0 0 0 0 0 0 0
86 0 0 0 0 0 0 0 0
1 0 0 0 0 0 0 0 0
507 9 0 0 0 0 0 0 0
0 0 0 0 0 0 0 0 0
0 0 0 0 0 0 0 0 0
793 28 0 0 0 0 0 0 0
126 0 0 0 0 0 0 0 0
123 0 0 0 0 0 0 0 0
132 0 0 0 0 0 0 0 0
0 0 0 0 0 0 0 0 0
793 5 0 0 0 0 0 0 0
91 0 0 0 0 0 0 0 0
81 0 0 0 0 0 0 0 0
101 0 0 0 0 0 0 0 0
30 0 0 0 0 0 0 0 0
0 0 0 0 0 0 0 0 0
404 128 0 0 0 0 0 0 0
47 0 0 0 0 0 0 0 0
69 0 0 0 0 0 0 0 0
51 0 0 0 0 0 0 0 0
70 0 0 0 0 0 0 0 0
0 0 0 0 0 0 0 0 0
475 0 0 0 0 0 0 0 0
16 0 0 0 0 0 0 0 0
41 0 0 0 0 0 0 0 0
0 0 0 0 0 0 0 0 0
617 432 0 0 0 0 0 0 0
0 0 0 0 0 0 0 0 0
0 0 0 0 0 0 0 0 0
578 176 0 0 0 0 0 0 0
240 1 0 0 0 0 0 0 0
144 1 0 0 0 0 0 0 0
28 0 0 0 0 0 0 0 0
0 0 0 0 0 0 0 0 0
6 8 0 0 0 0 0 0 0
275 295 0 0 0 0 0 0 0
0 0 0 0 0 0 0 0 0
189 219 0 0 0 0 0 0 0
0 2 0 0 0 0 0 0 0
0 0 0 0 0 0 0 0 0
0 29 0 0 0 0 0 0 0
51 408 0 0 0 0 0 0 0
0 1 0 0 0 0 0 0 0
0 0 0 0 0 0 0 0 0
0 0 0 0 0 0 0 0 0
0 0 0 0 0 0 0 0 0
52 98 0 0 0 0 0 0 0
0 0 0 0 0 0 0 0 0
9 0 0 0 0 0 0 0 0
22 0 0 0 0 0 0 0 0
17 0 0 0 0 0 0 0 0
0 0 0 0 0 0 0 0 0
68 0 0 0 0 0 0 0 0
627 17 0 0 0 0 0 0 0
31 0 0 0 0 0 0 0 0
42 0 0 0 0 0 0 0 0
64 0 0 0 0 0 0 0 0
0 0 0 0 0 0 0 0 0
524 5 0 0 0 0 0 0 0
0 0 0 0 0 0 0 0 0
537 0 0 0 0 0 0 0 0
8 0 0 0 0 0 0 0 0
12 5 0 0 0 0 0 0 0
0 0 0 0 0 0 0 0 0
0 24 0 0 0 0 0 0 0
177 729 0 0 0 0 0 0 0
0 278 0 0 0 0 0 0 0
0 0 0 0 0 0 0 0 0
177 1727 0 0 0 0 0 0 0
0 0 0 0 0 0 0 0 0
0 334 0 0 0 0 0 0 0
0 112 0 0 0 0 0 0 0
0 26 0 0 0 0 0 0 0
2 2071 0 0 0 0 0 0 0
0 0 0 0 0 0 0 0 0
0 0 0 0 0 0 0 0 0
0 5477 0 0 0 0 0 0 0
0 4170 0 0 0 0 0 0 0
0 10483 0 0 0 0 0 0 0
0 5891 0 0 0 0 0 0 0
0 6711 0 0 0 0 0 0 0
0 0 0 0 0 0 0 0 0
0 8123 0 0 0 0 0 0 0
0 10453 0 0 0 0 0 0 0
0 12527 0 0 0 0 0 0 0
4 24805 0 0 0 0 0 0 0
0 16746 0 0 0 0 0 0 0
0 0 0 0 0 0 0 0 0
0 17389 0 0 0 0 0 0 0
0 15726 0 0 0 0 0 0 0
0 13077 0 0 0 0 0 0 0
7 19681 0 0 0 0 0 0 0
0 8388 0 0 0 0 0 0 0
0 0 0 0 0 0 0 0 0
6 8061 0 0 0 0 0 0 0
0 8202 0 0 0 0 0 0 0
13 13321 0 0 0 0 0 0 0
0 5510 0 0 0 0 0 0 0
33 4861 0 0 0 0 0 0 0
0 0 0 0 0 0 0 0 0
30 3330 0 0 0 0 0 0 0
16 1544 0 0 0 0 0 0 0
6 1079 0 0 0 0 0 0 0
35 4974 0 0 0 0 0 0 0
0 0 0 0 0 0 0 0 0
0 0 0 0 0 0 0 0 0
138 5529 0 0 0 0 0 0 0
3 1884 0 0 0 0 0 0 0
415 4755 0 0 0 0 0 0 0
369 2002 0 0 0 0 0 0 0
338 941 0 0 0 0 0 0 0
0 0 0 0 0 0 0 0 0
317 423 0 0 0 0 0 0 0
277 615 0 0 0 0 0 0 0
415 793 0 0 0 0 0 0 0
1709 2986 0 0 0 0 0 0 0
0 0 0 0 0 0 0 0 0
0 0 0 0 0 0 0 0 0
1313 6335 0 0 0 0 0 0 0
383 4934 0 0 0 0 0 0 0
375 6541 0 0 0 0 0 0 0
399 8734 0 0 0 0 0 0 0
1524 13520 0 0 0 0 0 0 0
0 0 0 0 0 0 0 0 0
791 6916 0 0 0 0 0 0 0
700 6536 0 0 0 0 0 0 0
0 0 0 0 0 0 0 0 0
2474 10826 0 0 0 0 0 0 0
994 1470 0 0 0 0 0 0 0
0 0 0 0 0 0 0 0 0
921 165 0 0 0 0 0 0 0
708 97 0 0 0 0 0 0 0
736 435 0 0 0 0 0 0 0
729 565 0 0 0 0 0 0 0
764 534 0 0 0 0 0 0 0
0 0 0 0 0 0 0 0 0
286 695 0 0 0 0 0 0 0
119 2345 0 0 0 0 0 0 0
54 362 0 0 0 0 0 0 0
2 753 0 0 0 0 0 0 0
0 0 0 0 0 0 0 0 0
0 0 0 0 0 0 0 0 0
137 2790 0 0 0 0 0 0 0
0 134 0 0 0 0 0 0 0
0 161 0 0 0 0 0 0 0
0 353 0 0 0 0 0 0 0
0 1395 0 0 0 0 0 0 0
0 0 0 0 0 0 0 0 0
0 47 0 0 0 0 0 0 0
0 92 0 0 0 0 0 0 0
0 0 0 0 0 0 0 0 0
165 567 0 0 0 0 0 0 0
0 35 0 0 0 0 0 0 0
0 0 0 0 0 0 0 0 0
275 278 0 0 0 0 0 0 0
141 27 0 0 0 0 0 0 0
220 17 0 0 0 0 0 0 0
236 40 0 0 0 0 0 0 0
405 436 0 0 0 0 0 0 0
0 0 0 0 0 0 0 0 0
3 276 0 0 0 0 0 0 0
12 261 0 0 0 0 0 0 0
35 161 0 0 0 0 0 0 0
0 47 0 0 0 0 0 0 0
0 0 0 0 0 0 0 0 0
0 0 0 0 0 0 0 0 0
66 958 0 0 0 0 0 0 0
0 170 0 0 0 0 0 0 0
0 105 0 0 0 0 0 0 0
37 50 0 0 0 0 0 0 0
227 73 0 0 0 0 0 0 0
0 0 0 0 0 0 0 0 0
0 0 0 0 0 0 0 0 0
549 18 0 0 0 0 0 0 0
70 0 0 0 0 0 0 0 0
25 0 0 0 0 0 0 0 0
0 0 0 0 0 0 0 0 0
0 0 0 0 0 0 0 0 0
21 200 0 0 0 0 0 0 0
0 0 0 0 0 0 0 0 0
8 5 0 0 0 0 0 0 0
4 0 0 0 0 0 0 0 0
8 3 0 0 0 0 0 0 0
0 0 0 0 0 0 0 0 0
0 5 0 0 0 0 0 0 0
0 4 0 0 0 0 0 0 0
72 715 0 0 0 0 0 0 0
35 72 0 0 0 0 0 0 0
0 0 0 0 0 0 0 0 0
0 0 0 0 0 0 0 0 0
510 1006 0 0 0 0 0 0 0
781 1348 0 0 0 0 0 0 0
0 0 0 0 0 0 0 0 0
63 1643 0 0 0 0 0 0 0
0 367 0 0 0 0 0 0 0
0 0 0 0 0 0 0 0 0
0 346 0 0 0 0 0 0 0
0 266 0 0 0 0 0 0 0
88 1019 0 0 0 0 0 0 0
49 40 0 0 0 0 0 0 0
0 8 0 0 0 0 0 0 0
0 0 0 0 0 0 0 0 0
0 0 0 0 0 0 0 0 0
0 0 0 0 0 0 0 0 0
0 0 0 0 0 0 0 0 0
18 0 0 0 0 0 0 0 0
4 0 0 0 0 0 0 0 0
0 0 0 0 0 0 0 0 0
31 0 0 0 0 0 0 0 0
25 0 0 0 0 0 0 0 0
379 0 0 0 0 0 0 0 0
0 0 0 0 0 0 0 0 0
508 3 0 0 0 0 0 0 0
0 0 0 0 0 0 0 0 0
14 0 0 0 0 0 0 0 0
0 0 0 0 0 0 0 0 0
0 7 0 0 0 0 0 0 0
9 213 0 0 0 0 0 0 0
9 2 0 0 0 0 0 0 0
0 0 0 0 0 0 0 0 0
8 22 0 0 0 0 0 0 0
0 0 0 0 0 0 0 0 0
620 3143 0 0 0 0 0 0 0
0 0 0 0 0 0 0 0 0
1005 1711 0 0 0 0 0 0 0
0 0 0 0 0 0 0 0 0
619 289 0 0 0 0 0 0 0
618 301 0 0 0 0 0 0 0
1258 1786 0 0 0 0 0 0 0
400 198 0 0 0 0 0 0 0
0 0 0 0 0 0 0 0 0
0 0 0 0 0 0 0 0 0
1293 1452 0 0 0 0 0 0 0
611 89 0 0 0 0 0 0 0
671 96 0 0 0 0 0 0 0
1005 1151 0 0 0 0 0 0 0
276 109 0 0 0 0 0 0 0
0 0 0 0 0 0 0 0 0
194 148 0 0 0 0 0 0 0
99 153 0 0 0 0 0 0 0
943 1186 0 0 0 0 0 0 0
0 0 0 0 0 0 0 0 0
1396 1383 0 0 0 0 0 0 0
0 0 0 0 0 0 0 0 0
784 171 0 0 0 0 0 0 0
901 118 0 0 0 0 0 0 0
885 162 0 0 0 0 0 0 0
2286 936 0 0 0 0 0 0 0
874 27 0 0 0 0 0 0 0
0 0 0 0 0 0 0 0 0
1134 34 0 0 0 0 0 0 0
0 0 0 0 0 0 0 0 0
3292 1287 0 0 0 0 0 0 0
0 0 0 0 0 0 0 0 0
1518 732 0 0 0 0 0 0 0
0 0 0 0 0 0 0 0 0
390 204 0 0 0 0 0 0 0
342 173 0 0 0 0 0 0 0
326 188 0 0 0 0 0 0 0
1005 1137 0 0 0 0 0 0 0
194 43 0 0 0 0 0 0 0
0 0 0 0 0 0 0 0 0
261 17 0 0 0 0 0 0 0
0 0 0 0 0 0 0 0 0
491 279 0 0 0 0 0 0 0
175 244 0 0 0 0 0 0 0
983 2974 0 0 0 0 0 0 0
0 0 0 0 0 0 0 0 0
135 1179 0 0 0 0 0 0 0
92 953 0 0 0 0 0 0 0
136 935 0 0 0 0 0 0 0
199 3420 0 0 0 0 0 0 0
0 0 0 0 0 0 0 0 0
0 0 0 0 0 0 0 0 0
123 3579 0 0 0 0 0 0 0
13 1281 0 0 0 0 0 0 0
57 1539 0 0 0 0 0 0 0
2 1628 0 0 0 0 0 0 0
45 3882 0 0 0 0 0 0 0
0 0 0 0 0 0 0 0 0
0 0 0 0 0 0 0 0 0
34 3701 0 0 0 0 0 0 0
0 1818 0 0 0 0 0 0 0
28 5507 0 0 0 0 0 0 0
0 0 0 0 0 0 0 0 0
0 0 0 0 0 0 0 0 0
0 3158 0 0 0 0 0 0 0
23 8234 0 0 0 0 0 0 0
0 5495 0 0 0 0 0 0 0
0 0 0 0 0 0 0 0 0
167 16635 0 0 0 0 0 0 0
0 0 0 0 0 0 0 0 0
45 23767 0 0 0 0 0 0 0
0 17200 0 0 0 0 0 0 0
0 20131 0 0 0 0 0 0 0
1 22789 0 0 0 0 0 0 0
0 24760 0 0 0 0 0 0 0
0 0 0 0 0 0 0 0 0
0 43740 0 0 0 0 0 0 0
0 26414 0 0 0 0 0 0 0
0 24158 0 0 0 0 0 0 0
0 0 0 0 0 0 0 0 0
1 35574 0 0 0 0 0 0 0
0 0 0 0 0 0 0 0 0
12 30870 0 0 0 0 0 0 0
3 15417 0 0 0 0 0 0 0
125 12865 0 0 0 0 0 0 0
351 10184 0 0 0 0 0 0 0
448 7823 0 0 0 0 0 0 0
0 0 0 0 0 0 0 0 0
368 5941 0 0 0 0 0 0 0
388 7417 0 0 0 0 0 0 0
25 2024 0 0 0 0 0 0 0
0 705 0 0 0 0 0 0 0
0 514 0 0 0 0 0 0 0
0 0 0 0 0 0 0 0 0
0 456 0 0 0 0 0 0 0
7 246 0 0 0 0 0 0 0
6 94 0 0 0 0 0 0 0
5 16 0 0 0 0 0 0 0
19 23 0 0 0 0 0 0 0
0 0 0 0 0 0 0 0 0
14 2 0 0 0 0 0 0 0
19 81 0 0 0 0 0 0 0
0 0 0 0 0 0 0 0 0
0 20 0 0 0 0 0 0 0
0 100 0 0 0 0 0 0 0
0 0 0 0 0 0 0 0 0
0 0 0 0 0 0 0 0 0
0 0 0 0 0 0 0 0 0
34 632 0 0 0 0 0 0 0
0 0 0 0 0 0 0 0 0
0 11 0 0 0 0 0 0 0
0 0 0 0 0 0 0 0 0
0 2 0 0 0 0 0 0 0
0 156 0 0 0 0 0 0 0
0 2 0 0 0 0 0 0 0
0 0 0 0 0 0 0 0 0
0 0 0 0 0 0 0 0 0
0 0 0 0 0 0 0 0 0
0 0 0 0 0 0 0 0 0
3 0 0 0 0 0 0 0 0
240 1597 0 0 0 0 0 0 0
0 0 0 0 0 0 0 0 0
376 3746 0 0 0 0 0 0 0
0 0 0 0 0 0 0 0 0
272 2652 0 0 0 0 0 0 0
257 3624 0 0 0 0 0 0 0
243 4754 0 0 0 0 0 0 0
409 11666 0 0 0 0 0 0 0
64 8682 0 0 0 0 0 0 0
0 0 0 0 0 0 0 0 0
13 10307 0 0 0 0 0 0 0
11 11811 0 0 0 0 0 0 0
39 25111 0 0 0 0 0 0 0
0 0 0 0 0 0 0 0 0
37 31471 0 0 0 0 0 0 0
0 0 0 0 0 0 0 0 0
100 21436 0 0 0 0 0 0 0
389 23515 0 0 0 0 0 0 0
1437 41073 0 0 0 0 0 0 0
985 25955 0 0 0 0 0 0 0
1119 26191 0 0 0 0 0 0 0
0 0 0 0 0 0 0 0 0
1055 26635 0 0 0 0 0 0 0
1687 42664 0 0 0 0 0 0 0
0 0 0 0 0 0 0 0 0
1504 39314 0 0 0 0 0 0 0
1046 22484 0 0 0 0 0 0 0
0 0 0 0 0 0 0 0 0
1250 20632 0 0 0 0 0 0 0
1003 17594 0 0 0 0 0 0 0
1527 26382 0 0 0 0 0 0 0
218 12607 0 0 0 0 0 0 0
448 10971 0 0 0 0 0 0 0
0 0 0 0 0 0 0 0 0
560 9954 0 0 0 0 0 0 0
616 8400 0 0 0 0 0 0 0
606 6920 0 0 0 0 0 0 0
1656 10357 0 0 0 0 0 0 0
193 3967 0 0 0 0 0 0 0
0 0 0 0 0 0 0 0 0
373 3171 0 0 0 0 0 0 0
421 2285 0 0 0 0 0 0 0
1460 2845 0 0 0 0 0 0 0
0 0 0 0 0 0 0 0 0
0 0 0 0 0 0 0 0 0
0 0 0 0 0 0 0 0 0
1736 2579 0 0 0 0 0 0 0
270 214 0 0 0 0 0 0 0
304 499 0 0 0 0 0 0 0
628 2640 0 0 0 0 0 0 0
307 1214 0 0 0 0 0 0 0
0 0 0 0 0 0 0 0 0
939 1626 0 0 0 0 0 0 0
1305 1649 0 0 0 0 0 0 0
2121 4069 0 0 0 0 0 0 0
0 0 0 0 0 0 0 0 0
1124 5089 0 0 0 0 0 0 0
0 0 0 0 0 0 0 0 0
0 0 0 0 0 0 0 0 0
1187 6274 0 0 0 0 0 0 0
567 2910 0 0 0 0 0 0 0
875 6087 0 0 0 0 0 0 0
159 2632 0 0 0 0 0 0 0
0 0 0 0 0 0 0 0 0
308 2626 0 0 0 0 0 0 0
300 2745 0 0 0 0 0 0 0
75 2587 0 0 0 0 0 0 0
14 2263 0 0 0 0 0 0 0
241 4376 0 0 0 0 0 0 0
0 0 0 0 0 0 0 0 0
13 1838 0 0 0 0 0 0 0
1 2076 0 0 0 0 0 0 0
3 2129 0 0 0 0 0 0 0
445 3793 0 0 0 0 0 0 0
0 0 0 0 0 0 0 0 0
0 0 0 0 0 0 0 0 0
1108 3634 0 0 0 0 0 0 0
465 1942 0 0 0 0 0 0 0
342 2728 0 0 0 0 0 0 0
1242 4154 0 0 0 0 0 0 0
2253 14257 0 0 0 0 0 0 0
0 0 0 0 0 0 0 0 0
194 12535 0 0 0 0 0 0 0
567 13030 0 0 0 0 0 0 0
0 0 0 0 0 0 0 0 0
1700 20621 0 0 0 0 0 0 0
419 9452 0 0 0 0 0 0 0
0 0 0 0 0 0 0 0 0
1338 14197 0 0 0 0 0 0 0
709 4767 0 0 0 0 0 0 0
798 2647 0 0 0 0 0 0 0
911 1773 0 0 0 0 0 0 0
815 1818 0 0 0 0 0 0 0
0 0 0 0 0 0 0 0 0
1766 3209 0 0 0 0 0 0 0
687 321 0 0 0 0 0 0 0
458 476 0 0 0 0 0 0 0
293 463 0 0 0 0 0 0 0
156 546 0 0 0 0 0 0 0
0 0 0 0 0 0 0 0 0
902 1504 0 0 0 0 0 0 0
215 187 0 0 0 0 0 0 0
242 222 0 0 0 0 0 0 0
206 113 0 0 0 0 0 0 0
323 101 0 0 0 0 0 0 0
0 0 0 0 0 0 0 0 0
1150 245 0 0 0 0 0 0 0
561 14 0 0 0 0 0 0 0
396 19 0 0 0 0 0 0 0
228 0 0 0 0 0 0 0 0
264 0 0 0 0 0 0 0 0
0 0 0 0 0 0 0 0 0
1077 69 0 0 0 0 0 0 0
488 365 0 0 0 0 0 0 0
400 654 0 0 0 0 0 0 0
189 841 0 0 0 0 0 0 0
75 1085 0 0 0 0 0 0 0
0 0 0 0 0 0 0 0 0
31 1205 0 0 0 0 0 0 0
56 2357 0 0 0 0 0 0 0
165 5166 0 0 0 0 0 0 0
332 19946 0 0 0 0 0 0 0
18 17641 0 0 0 0 0 0 0
0 0 0 0 0 0 0 0 0
103 34193 0 0 0 0 0 0 0
23 15719 0 0 0 0 0 0 0
0 0 0 0 0 0 0 0 0
268 15284 0 0 0 0 0 0 0
21 3713 0 0 0 0 0 0 0
0 0 0 0 0 0 0 0 0
20 1499 0 0 0 0 0 0 0
33 1161 0 0 0 0 0 0 0
228 5117 0 0 0 0 0 0 0
103 1540 0 0 0 0 0 0 0
293 1172 0 0 0 0 0 0 0
0 0 0 0 0 0 0 0 0
564 461 0 0 0 0 0 0 0
0 0 0 0 0 0 0 0 0
4012 963 0 0 0 0 0 0 0
1648 70 0 0 0 0 0 0 0
1908 150 0 0 0 0 0 0 0
0 0 0 0 0 0 0 0 0
0 0 0 0 0 0 0 0 0
8308 1054 0 0 0 0 0 0 0
2385 26 0 0 0 0 0 0 0
3175 23 0 0 0 0 0 0 0
4126 60 0 0 0 0 0 0 0
0 0 0 0 0 0 0 0 0
5060 465 0 0 0 0 0 0 0
5360 658 0 0 0 0 0 0 0
6261 3149 0 0 0 0 0 0 0
19228 72203 0 0 0 0 0 0 0
2331 7122 0 0 0 0 0 0 0
0 0 0 0 0 0 0 0 0
0 0 0 0 0 0 0 0 0
2656 8655 0 0 0 0 0 0 0
932 2620 0 0 0 0 0 0 0
642 1932 0 0 0 0 0 0 0
0 0 0 0 0 0 0 0 0
3568 5500 0 0 0 0 0 0 0
0 0 0 0 0 0 0 0 0
1496 526 0 0 0 0 0 0 0
1054 892 0 0 0 0 0 0 0
1207 916 0 0 0 0 0 0 0
1617 875 0 0 0 0 0 0 0
1157 1292 0 0 0 0 0 0 0
0 0 0 0 0 0 0 0 0
2944 6291 0 0 0 0 0 0 0
1703 2110 0 0 0 0 0 0 0
0 0 0 0 0 0 0 0 0
3761 6216 0 0 0 0 0 0 0
1868 5041 0 0 0 0 0 0 0
0 0 0 0 0 0 0 0 0
560 1433 0 0 0 0 0 0 0
793 1406 0 0 0 0 0 0 0
412 1056 0 0 0 0 0 0 0
185 732 0 0 0 0 0 0 0
443 776 0 0 0 0 0 0 0
0 0 0 0 0 0 0 0 0
0 0 0 0 0 0 0 0 0
1989 3175 0 0 0 0 0 0 0
569 138 0 0 0 0 0 0 0
539 146 0 0 0 0 0 0 0
549 184 0 0 0 0 0 0 0
0 0 0 0 0 0 0 0 0
419 318 0 0 0 0 0 0 0
681 1596 0 0 0 0 0 0 0
37 599 0 0 0 0 0 0 0
136 464 0 0 0 0 0 0 0
174 197 0 0 0 0 0 0 0
0 0 0 0 0 0 0 0 0
0 0 0 0 0 0 0 0 0
2389 833 0 0 0 0 0 0 0
1215 0 0 0 0 0 0 0 0
1258 0 0 0 0 0 0 0 0
1363 3 0 0 0 0 0 0 0
0 0 0 0 0 0 0 0 0
0 0 0 0 0 0 0 0 0
3034 81 0 0 0 0 0 0 0
528 0 0 0 0 0 0 0 0
410 37 0 0 0 0 0 0 0
334 8 0 0 0 0 0 0 0
0 0 0 0 0 0 0 0 0
1566 9 0 0 0 0 0 0 0
581 0 0 0 0 0 0 0 0
710 0 0 0 0 0 0 0 0
621 0 0 0 0 0 0 0 0
510 0 0 0 0 0 0 0 0
0 0 0 0 0 0 0 0 0
413 0 0 0 0 0 0 0 0
717 0 0 0 0 0 0 0 0
0 0 0 0 0 0 0 0 0
599 0 0 0 0 0 0 0 0
289 0 0 0 0 0 0 0 0
0 0 0 0 0 0 0 0 0
189 0 0 0 0 0 0 0 0
47 0 0 0 0 0 0 0 0
497 9 0 0 0 0 0 0 0
193 0 0 0 0 0 0 0 0
348 0 0 0 0 0 0 0 0
0 0 0 0 0 0 0 0 0
276 0 0 0 0 0 0 0 0
98 0 0 0 0 0 0 0 0
78 0 0 0 0 0 0 0 0
419 2 0 0 0 0 0 0 0
295 4 0 0 0 0 0 0 0
0 0 0 0 0 0 0 0 0
425 20 0 0 0 0 0 0 0
310 3 0 0 0 0 0 0 0
617 16 0 0 0 0 0 0 0
574 0 0 0 0 0 0 0 0
492 0 0 0 0 0 0 0 0
0 0 0 0 0 0 0 0 0
0 0 0 0 0 0 0 0 0
160 26 0 0 0 0 0 0 0
0 11 0 0 0 0 0 0 0
0 2 0 0 0 0 0 0 0
68 0 0 0 0 0 0 0 0
0 0 0 0 0 0 0 0 0
29 0 0 0 0 0 0 0 0
26 0 0 0 0 0 0 0 0
587 0 0 0 0 0 0 0 0
332 0 0 0 0 0 0 0 0
440 0 0 0 0 0 0 0 0
0 0 0 0 0 0 0 0 0
0 0 0 0 0 0 0 0 0
999 0 0 0 0 0 0 0 0
57 0 0 0 0 0 0 0 0
151 0 0 0 0 0 0 0 0
0 0 0 0 0 0 0 0 0
0 0 0 0 0 0 0 0 0
0 0 0 0 0 0 0 0 0
60 0 0 0 0 0 0 0 0
216 0 0 0 0 0 0 0 0
609 0 0 0 0 0 0 0 0
858 0 0 0 0 0 0 0 0
0 0 0 0 0 0 0 0 0
1197 0 0 0 0 0 0 0 0
643 0 0 0 0 0 0 0 0
166 0 0 0 0 0 0 0 0
190 0 0 0 0 0 0 0 0
536 43 0 0 0 0 0 0 0
0 0 0 0 0 0 0 0 0
159 19 0 0 0 0 0 0 0
33 1 0 0 0 0 0 0 0
502 0 0 0 0 0 0 0 0
0 0 0 0 0 0 0 0 0
110 0 0 0 0 0 0 0 0
0 0 0 0 0 0 0 0 0
0 0 0 0 0 0 0 0 0
502 0 0 0 0 0 0 0 0
449 0 0 0 0 0 0 0 0
1310 0 0 0 0 0 0 0 0
0 0 0 0 0 0 0 0 0
0 0 0 0 0 0 0 0 0
1437 0 0 0 0 0 0 0 0
495 0 0 0 0 0 0 0 0
359 0 0 0 0 0 0 0 0
236 0 0 0 0 0 0 0 0
463 0 0 0 0 0 0 0 0
0 0 0 0 0 0 0 0 0
109 0 0 0 0 0 0 0 0
34 0 0 0 0 0 0 0 0
21 0 0 0 0 0 0 0 0
133 0 0 0 0 0 0 0 0
0 0 0 0 0 0 0 0 0
0 0 0 0 0 0 0 0 0
515 0 0 0 0 0 0 0 0
294 0 0 0 0 0 0 0 0
214 0 0 0 0 0 0 0 0
38 0 0 0 0 0 0 0 0
82 93 0 0 0 0 0 0 0
0 0 0 0 0 0 0 0 0
32 27 0 0 0 0 0 0 0
79 28 0 0 0 0 0 0 0
0 0 0 0 0 0 0 0 0
334 423 0 0 0 0 0 0 0
169 17 0 0 0 0 0 0 0
0 0 0 0 0 0 0 0 0
625 0 0 0 0 0 0 0 0
391 0 0 0 0 0 0 0 0
548 0 0 0 0 0 0 0 0
336 0 0 0 0 0 0 0 0
776 0 0 0 0 0 0 0 0
0 0 0 0 0 0 0 0 0
158 0 0 0 0 0 0 0 0
0 0 0 0 0 0 0 0 0
1464 41 0 0 0 0 0 0 0
1146 21 0 0 0 0 0 0 0
929 2 0 0 0 0 0 0 0
0 0 0 0 0 0 0 0 0
1284 113 0 0 0 0 0 0 0
191 9 0 0 0 0 0 0 0
143 24 0 0 0 0 0 0 0
314 1 0 0 0 0 0 0 0
641 1 0 0 0 0 0 0 0
0 0 0 0 0 0 0 0 0
1344 674 0 0 0 0 0 0 0
201 102 0 0 0 0 0 0 0
326 135 0 0 0 0 0 0 0
390 11 0 0 0 0 0 0 0
476 0 0 0 0 0 0 0 0
0 0 0 0 0 0 0 0 0
506 1 0 0 0 0 0 0 0
1242 218 0 0 0 0 0 0 0
454 41 0 0 0 0 0 0 0
662 94 0 0 0 0 0 0 0
0 0 0 0 0 0 0 0 0
0 0 0 0 0 0 0 0 0
1870 73 0 0 0 0 0 0 0
472 0 0 0 0 0 0 0 0
724 29 0 0 0 0 0 0 0
769 1 0 0 0 0 0 0 0
915 22 0 0 0 0 0 0 0
0 0 0 0 0 0 0 0 0
1596 35 0 0 0 0 0 0 0
563 0 0 0 0 0 0 0 0
0 0 0 0 0 0 0 0 0
848 2 0 0 0 0 0 0 0
7 12 0 0 0 0 0 0 0
0 0 0 0 0 0 0 0 0
25 41 0 0 0 0 0 0 0
80 12 0 0 0 0 0 0 0
30 0 0 0 0 0 0 0 0
0 0 0 0 0 0 0 0 0
515 4 0 0 0 0 0 0 0
0 0 0 0 0 0 0 0 0
288 0 0 0 0 0 0 0 0
212 0 0 0 0 0 0 0 0
63 0 0 0 0 0 0 0 0
121 0 0 0 0 0 0 0 0
153 0 0 0 0 0 0 0 0
0 0 0 0 0 0 0 0 0
250 0 0 0 0 0 0 0 0
772 63 0 0 0 0 0 0 0
352 0 0 0 0 0 0 0 0
309 0 0 0 0 0 0 0 0
333 0 0 0 0 0 0 0 0
0 0 0 0 0 0 0 0 0
389 0 0 0 0 0 0 0 0
370 5 0 0 0 0 0 0 0
833 16 0 0 0 0 0 0 0
72 4 0 0 0 0 0 0 0
268 24 0 0 0 0 0 0 0
0 0 0 0 0 0 0 0 0
392 0 0 0 0 0 0 0 0
1516 39 0 0 0 0 0 0 0
862 0 0 0 0 0 0 0 0
1170 0 0 0 0 0 0 0 0
1502 0 0 0 0 0 0 0 0
0 0 0 0 0 0 0 0 0
1714 0 0 0 0 0 0 0 0
1569 6 0 0 0 0 0 0 0
2108 140 0 0 0 0 0 0 0
0 0 0 0 0 0 0 0 0
1928 56 0 0 0 0 0 0 0
0 0 0 0 0 0 0 0 0
1436 17 0 0 0 0 0 0 0
2711 24 0 0 0 0 0 0 0
0 0 0 0 0 0 0 0 0
1382 5 0 0 0 0 0 0 0
2290 0 0 0 0 0 0 0 0
0 0 0 0 0 0 0 0 0
1136 0 0 0 0 0 0 0 0
870 0 0 0 0 0 0 0 0
1633 0 0 0 0 0 0 0 0
0 0 0 0 0 0 0 0 0
885 0 0 0 0 0 0 0 0
0 0 0 0 0 0 0 0 0
89 0 0 0 0 0 0 0 0
92 0 0 0 0 0 0 0 0
152 0 0 0 0 0 0 0 0
626 0 0 0 0 0 0 0 0
58 1 0 0 0 0 0 0 0
0 0 0 0 0 0 0 0 0
19 0 0 0 0 0 0 0 0
0 0 0 0 0 0 0 0 0
488 234 0 0 0 0 0 0 0
128 0 0 0 0 0 0 0 0
0 0 0 0 0 0 0 0 0
0 0 0 0 0 0 0 0 0
311 6 0 0 0 0 0 0 0
92 0 0 0 0 0 0 0 0
174 0 0 0 0 0 0 0 0
606 8 0 0 0 0 0 0 0
0 0 0 0 0 0 0 0 0
0 0 0 0 0 0 0 0 0
774 37 0 0 0 0 0 0 0
0 0 0 0 0 0 0 0 0
1185 0 0 0 0 0 0 0 0
727 0 0 0 0 0 0 0 0
848 0 0 0 0 0 0 0 0
0 0 0 0 0 0 0 0 0
1878 10 0 0 0 0 0 0 0
671 3 0 0 0 0 0 0 0
515 26 0 0 0 0 0 0 0
416 5 0 0 0 0 0 0 0
988 0 0 0 0 0 0 0 0
0 0 0 0 0 0 0 0 0
282 0 0 0 0 0 0 0 0
133 0 0 0 0 0 0 0 0
101 0 0 0 0 0 0 0 0
102 0 0 0 0 0 0 0 0
105 12 0 0 0 0 0 0 0
0 0 0 0 0 0 0 0 0
748 0 0 0 0 0 0 0 0
293 0 0 0 0 0 0 0 0
226 0 0 0 0 0 0 0 0
47 0 0 0 0 0 0 0 0
388 16 0 0 0 0 0 0 0
0 0 0 0 0 0 0 0 0
0 0 0 0 0 0 0 0 0
746 0 0 0 0 0 0 0 0
206 0 0 0 0 0 0 0 0
211 0 0 0 0 0 0 0 0
386 2 0 0 0 0 0 0 0
0 0 0 0 0 0 0 0 0
55 0 0 0 0 0 0 0 0
0 0 0 0 0 0 0 0 0
548 6 0 0 0 0 0 0 0
198 2 0 0 0 0 0 0 0
234 0 0 0 0 0 0 0 0
0 0 0 0 0 0 0 0 0
765 1 0 0 0 0 0 0 0
289 0 0 0 0 0 0 0 0
500 0 0 0 0 0 0 0 0
499 0 0 0 0 0 0 0 0
1350 60 0 0 0 0 0 0 0
0 0 0 0 0 0 0 0 0
334 0 0 0 0 0 0 0 0
0 0 0 0 0 0 0 0 0
1627 0 0 0 0 0 0 0 0
1116 0 0 0 0 0 0 0 0
1097 0 0 0 0 0 0 0 0
0 0 0 0 0 0 0 0 0
2073 0 0 0 0 0 0 0 0
723 0 0 0 0 0 0 0 0
790 1 0 0 0 0 0 0 0
891 0 0 0 0 0 0 0 0
3314 4 0 0 0 0 0 0 0
0 0 0 0 0 0 0 0 0
0 0 0 0 0 0 0 0 0
4210 12 0 0 0 0 0 0 0
2552 0 0 0 0 0 0 0 0
0 0 0 0 0 0 0 0 0
6439 58 0 0 0 0 0 0 0
0 0 0 0 0 0 0 0 0
3340 0 0 0 0 0 0 0 0
5679 0 0 0 0 0 0 0 0
2269 0 0 0 0 0 0 0 0
1968 0 0 0 0 0 0 0 0
1772 0 0 0 0 0 0 0 0
0 0 0 0 0 0 0 0 0
1786 0 0 0 0 0 0 0 0
1916 0 0 0 0 0 0 0 0
4369 10 0 0 0 0 0 0 0
1172 0 0 0 0 0 0 0 0
680 0 0 0 0 0 0 0 0
0 0 0 0 0 0 0 0 0
339 12 0 0 0 0 0 0 0
981 20 0 0 0 0 0 0 0
146 0 0 0 0 0 0 0 0
7 0 0 0 0 0 0 0 0
48 70 0 0 0 0 0 0 0
0 0 0 0 0 0 0 0 0
0 257 0 0 0 0 0 0 0
0 427 0 0 0 0 0 0 0
31 1318 0 0 0 0 0 0 0
0 288 0 0 0 0 0 0 0
2 101 0 0 0 0 0 0 0
0 0 0 0 0 0 0 0 0
229 118 0 0 0 0 0 0 0
0 0 0 0 0 0 0 0 0
99 83 0 0 0 0 0 0 0
580 203 0 0 0 0 0 0 0
131 23 0 0 0 0 0 0 0
0 0 0 0 0 0 0 0 0
152 0 0 0 0 0 0 0 0
856 3 0 0 0 0 0 0 0
131 0 0 0 0 0 0 0 0
0 0 0 0 0 0 0 0 0
1265 70 0 0 0 0 0 0 0
0 0 0 0 0 0 0 0 0
346 36 0 0 0 0 0 0 0
299 34 0 0 0 0 0 0 0
252 25 0 0 0 0 0 0 0
256 10 0 0 0 0 0 0 0
10 0 0 0 0 0 0 0 0
0 0 0 0 0 0 0 0 0
75 0 0 0 0 0 0 0 0
382 0 0 0 0 0 0 0 0
0 0 0 0 0 0 0 0 0
107 0 0 0 0 0 0 0 0
62 0 0 0 0 0 0 0 0
0 0 0 0 0 0 0 0 0
33 0 0 0 0 0 0 0 0
6 38 0 0 0 0 0 0 0
21 0 0 0 0 0 0 0 0
400 0 0 0 0 0 0 0 0
169 0 0 0 0 0 0 0 0
0 0 0 0 0 0 0 0 0
0 0 0 0 0 0 0 0 0
785 2 0 0 0 0 0 0 0
155 0 0 0 0 0 0 0 0
109 0 0 0 0 0 0 0 0
615 45 0 0 0 0 0 0 0
0 0 0 0 0 0 0 0 0
72 0 0 0 0 0 0 0 0
101 0 0 0 0 0 0 0 0
217 0 0 0 0 0 0 0 0
1282 9 0 0 0 0 0 0 0
553 0 0 0 0 0 0 0 0
0 0 0 0 0 0 0 0 0
866 0 0 0 0 0 0 0 0
728 0 0 0 0 0 0 0 0
455 0 0 0 0 0 0 0 0
545 4 0 0 0 0 0 0 0
152 0 0 0 0 0 0 0 0
0 0 0 0 0 0 0 0 0
98 0 0 0 0 0 0 0 0
11 0 0 0 0 0 0 0 0
400 0 0 0 0 0 0 0 0
0 0 0 0 0 0 0 0 0
1112 4 0 0 0 0 0 0 0
0 0 0 0 0 0 0 0 0
772 0 0 0 0 0 0 0 0
1015 0 0 0 0 0 0 0 0
1103 0 0 0 0 0 0 0 0
2563 0 0 0 0 0 0 0 0
0 0 0 0 0 0 0 0 0
0 0 0 0 0 0 0 0 0
2252 80 0 0 0 0 0 0 0
862 50 0 0 0 0 0 0 0
751 17 0 0 0 0 0 0 0
643 9 0 0 0 0 0 0 0
1459 421 0 0 0 0 0 0 0
0 0 0 0 0 0 0 0 0
632 74 0 0 0 0 0 0 0
528 53 0 0 0 0 0 0 0
583 38 0 0 0 0 0 0 0
1228 280 0 0 0 0 0 0 0
536 0 0 0 0 0 0 0 0
0 0 0 0 0 0 0 0 0
580 0 0 0 0 0 0 0 0
644 0 0 0 0 0 0 0 0
648 18 0 0 0 0 0 0 0
669 44 0 0 0 0 0 0 0
1215 125 0 0 0 0 0 0 0
0 0 0 0 0 0 0 0 0
337 0 0 0 0 0 0 0 0
342 17 0 0 0 0 0 0 0
0 0 0 0 0 0 0 0 0
1830 155 0 0 0 0 0 0 0
0 0 0 0 0 0 0 0 0
0 0 0 0 0 0 0 0 0
562 0 0 0 0 0 0 0 0
166 13 0 0 0 0 0 0 0
91 15 0 0 0 0 0 0 0
0 0 0 0 0 0 0 0 0
0 0 0 0 0 0 0 0 0
0 0 0 0 0 0 0 0 0
15 17 0 0 0 0 0 0 0
0 0 0 0 0 0 0 0 0
0 0 0 0 0 0 0 0 0
62 0 0 0 0 0 0 0 0
112 0 0 0 0 0 0 0 0
0 0 0 0 0 0 0 0 0
310 4 0 0 0 0 0 0 0
167 0 0 0 0 0 0 0 0
211 0 0 0 0 0 0 0 0
262 0 0 0 0 0 0 0 0
268 0 0 0 0 0 0 0 0
0 0 0 0 0 0 0 0 0
598 232 0 0 0 0 0 0 0
206 273 0 0 0 0 0 0 0
201 552 0 0 0 0 0 0 0
153 383 0 0 0 0 0 0 0
147 157 0 0 0 0 0 0 0
0 0 0 0 0 0 0 0 0
112 0 0 0 0 0 0 0 0
585 210 0 0 0 0 0 0 0
0 0 0 0 0 0 0 0 0
926 186 0 0 0 0 0 0 0
1060 11 0 0 0 0 0 0 0
0 0 0 0 0 0 0 0 0
0 0 0 0 0 0 0 0 0
590 0 0 0 0 0 0 0 0
1413 151 0 0 0 0 0 0 0
697 0 0 0 0 0 0 0 0
542 0 0 0 0 0 0 0 0
0 0 0 0 0 0 0 0 0
310 0 0 0 0 0 0 0 0
553 854 0 0 0 0 0 0 0
122 976 0 0 0 0 0 0 0
211 1268 0 0 0 0 0 0 0
275 1530 0 0 0 0 0 0 0
0 0 0 0 0 0 0 0 0
219 1482 0 0 0 0 0 0 0
440 1536 0 0 0 0 0 0 0
1553 2733 0 0 0 0 0 0 0
902 1187 0 0 0 0 0 0 0
1199 824 0 0 0 0 0 0 0
0 0 0 0 0 0 0 0 0
1368 326 0 0 0 0 0 0 0
0 0 0 0 0 0 0 0 0
2556 650 0 0 0 0 0 0 0
0 0 0 0 0 0 0 0 0
2651 610 0 0 0 0 0 0 0
0 0 0 0 0 0 0 0 0
0 0 0 0 0 0 0 0 0
3218 300 0 0 0 0 0 0 0
1711 2 0 0 0 0 0 0 0
2221 405 0 0 0 0 0 0 0
930 162 0 0 0 0 0 0 0
997 157 0 0 0 0 0 0 0
0 0 0 0 0 0 0 0 0
0 0 0 0 0 0 0 0 0
1845 229 0 0 0 0 0 0 0
1660 533 0 0 0 0 0 0 0
905 136 0 0 0 0 0 0 0
1016 279 0 0 0 0 0 0 0
0 0 0 0 0 0 0 0 0
952 539 0 0 0 0 0 0 0
537 825 0 0 0 0 0 0 0
600 3981 0 0 0 0 0 0 0
121 3064 0 0 0 0 0 0 0
439 3341 0 0 0 0 0 0 0
0 0 0 0 0 0 0 0 0
453 3141 0 0 0 0 0 0 0
288 2622 0 0 0 0 0 0 0
0 0 0 0 0 0 0 0 0
818 4113 0 0 0 0 0 0 0
4 446 0 0 0 0 0 0 0
0 0 0 0 0 0 0 0 0
59 134 0 0 0 0 0 0 0
61 30 0 0 0 0 0 0 0
299 113 0 0 0 0 0 0 0
158 162 0 0 0 0 0 0 0
292 795 0 0 0 0 0 0 0
0 0 0 0 0 0 0 0 0
33 282 0 0 0 0 0 0 0
50 291 0 0 0 0 0 0 0
0 0 0 0 0 0 0 0 0
257 4677 0 0 0 0 0 0 0
0 1464 0 0 0 0 0 0 0
0 0 0 0 0 0 0 0 0
0 1369 0 0 0 0 0 0 0
184 1340 0 0 0 0 0 0 0
156 1329 0 0 0 0 0 0 0
112 1204 0 0 0 0 0 0 0
156 1301 0 0 0 0 0 0 0
0 0 0 0 0 0 0 0 0
722 3709 0 0 0 0 0 0 0
217 1733 0 0 0 0 0 0 0
217 1960 0 0 0 0 0 0 0
741 5273 0 0 0 0 0 0 0
146 2557 0 0 0 0 0 0 0
0 0 0 0 0 0 0 0 0
219 2350 0 0 0 0 0 0 0
176 1903 0 0 0 0 0 0 0
265 2260 0 0 0 0 0 0 0
287 2989 0 0 0 0 0 0 0
1070 8394 0 0 0 0 0 0 0
0 0 0 0 0 0 0 0 0
252 5444 0 0 0 0 0 0 0
93 5530 0 0 0 0 0 0 0
11 5201 0 0 0 0 0 0 0
0 4375 0 0 0 0 0 0 0
0 3627 0 0 0 0 0 0 0
0 0 0 0 0 0 0 0 0
146 7845 0 0 0 0 0 0 0
0 0 0 0 0 0 0 0 0
164 16233 0 0 0 0 0 0 0
51 9388 0 0 0 0 0 0 0
446 13920 0 0 0 0 0 0 0
0 0 0 0 0 0 0 0 0
70 4755 0 0 0 0 0 0 0
13 3966 0 0 0 0 0 0 0
26 4028 0 0 0 0 0 0 0
32 4060 0 0 0 0 0 0 0
29 5263 0 0 0 0 0 0 0
0 0 0 0 0 0 0 0 0
355 15207 0 0 0 0 0 0 0
0 0 0 0 0 0 0 0 0
485 13402 0 0 0 0 0 0 0
267 3759 0 0 0 0 0 0 0
916 7106 0 0 0 0 0 0 0
0 0 0 0 0 0 0 0 0
0 0 0 0 0 0 0 0 0
873 4158 0 0 0 0 0 0 0
331 637 0 0 0 0 0 0 0
107 149 0 0 0 0 0 0 0
0 0 0 0 0 0 0 0 0
0 0 0 0 0 0 0 0 0
887 885 0 0 0 0 0 0 0
464 12 0 0 0 0 0 0 0
430 92 0 0 0 0 0 0 0
372 901 0 0 0 0 0 0 0
397 3294 0 0 0 0 0 0 0
0 0 0 0 0 0 0 0 0
522 6814 0 0 0 0 0 0 0
1148 18458 0 0 0 0 0 0 0
682 9731 0 0 0 0 0 0 0
662 11736 0 0 0 0 0 0 0
0 0 0 0 0 0 0 0 0
8421 51206 0 0 0 0 0 0 0
0 0 0 0 0 0 0 0 0
1004 14319 0 0 0 0 0 0 0
1191 12448 0 0 0 0 0 0 0
926 8442 0 0 0 0 0 0 0
1724 13102 0 0 0 0 0 0 0
212 4345 0 0 0 0 0 0 0
0 0 0 0 0 0 0 0 0
174 4128 0 0 0 0 0 0 0
0 0 0 0 0 0 0 0 0
1328 13574 0 0 0 0 0 0 0
171 3207 0 0 0 0 0 0 0
240 3636 0 0 0 0 0 0 0
0 0 0 0 0 0 0 0 0
429 3971 0 0 0 0 0 0 0
345 4360 0 0 0 0 0 0 0
920 13515 0 0 0 0 0 0 0
374 9224 0 0 0 0 0 0 0
207 9035 0 0 0 0 0 0 0
0 0 0 0 0 0 0 0 0
0 0 0 0 0 0 0 0 0
223 18530 0 0 0 0 0 0 0
186 16080 0 0 0 0 0 0 0
17 5896 0 0 0 0 0 0 0
57 4456 0 0 0 0 0 0 0
0 0 0 0 0 0 0 0 0
176 3636 0 0 0 0 0 0 0
273 2567 0 0 0 0 0 0 0
342 2124 0 0 0 0 0 0 0
560 6090 0 0 0 0 0 0 0
0 2129 0 0 0 0 0 0 0
0 0 0 0 0 0 0 0 0
0 2303 0 0 0 0 0 0 0
119 6568 0 0 0 0 0 0 0
0 0 0 0 0 0 0 0 0
490 8606 0 0 0 0 0 0 0
260 2769 0 0 0 0 0 0 0
0 0 0 0 0 0 0 0 0
286 2947 0 0 0 0 0 0 0
227 2993 0 0 0 0 0 0 0
321 2449 0 0 0 0 0 0 0
505 4502 0 0 0 0 0 0 0
53 520 0 0 0 0 0 0 0
0 0 0 0 0 0 0 0 0
0 302 0 0 0 0 0 0 0
5 379 0 0 0 0 0 0 0
0 264 0 0 0 0 0 0 0
186 321 0 0 0 0 0 0 0
0 3 0 0 0 0 0 0 0
0 0 0 0 0 0 0 0 0
0 46 0 0 0 0 0 0 0
0 0 0 0 0 0 0 0 0
487 652 0 0 0 0 0 0 0
0 0 0 0 0 0 0 0 0
0 0 0 0 0 0 0 0 0
0 0 0 0 0 0 0 0 0
617 1129 0 0 0 0 0 0 0
24 0 0 0 0 0 0 0 0
24 0 0 0 0 0 0 0 0
162 25 0 0 0 0 0 0 0
90 0 0 0 0 0 0 0 0
0 0 0 0 0 0 0 0 0
114 0 0 0 0 0 0 0 0
133 0 0 0 0 0 0 0 0
159 0 0 0 0 0 0 0 0
201 0 0 0 0 0 0 0 0
227 0 0 0 0 0 0 0 0
0 0 0 0 0 0 0 0 0
690 1 0 0 0 0 0 0 0
230 0 0 0 0 0 0 0 0
269 0 0 0 0 0 0 0 0
334 0 0 0 0 0 0 0 0
2089 25 0 0 0 0 0 0 0
0 0 0 0 0 0 0 0 0
0 0 0 0 0 0 0 0 0
3599 150 0 0 0 0 0 0 0
1712 68 0 0 0 0 0 0 0
1789 149 0 0 0 0 0 0 0
13362 86178 0 0 0 0 0 0 0
185 601 0 0 0 0 0 0 0
289 627 0 0 0 0 0 0 0
0 0 0 0 0 0 0 0 0
2273 3269 0 0 0 0 0 0 0
453 1172 0 0 0 0 0 0 0
0 0 0 0 0 0 0 0 0
376 1276 0 0 0 0 0 0 0
489 1419 0 0 0 0 0 0 0
532 1961 0 0 0 0 0 0 0
1172 6239 0 0 0 0 0 0 0
282 2822 0 0 0 0 0 0 0
0 0 0 0 0 0 0 0 0
71 2474 0 0 0 0 0 0 0
270 2060 0 0 0 0 0 0 0
282 1511 0 0 0 0 0 0 0
744 3667 0 0 0 0 0 0 0
0 0 0 0 0 0 0 0 0
0 0 0 0 0 0 0 0 0
645 4823 0 0 0 0 0 0 0
198 1294 0 0 0 0 0 0 0
325 1391 0 0 0 0 0 0 0
413 925 0 0 0 0 0 0 0
1632 1358 0 0 0 0 0 0 0
0 0 0 0 0 0 0 0 0
788 474 0 0 0 0 0 0 0
567 788 0 0 0 0 0 0 0
289 1154 0 0 0 0 0 0 0
99 3010 0 0 0 0 0 0 0
207 300 0 0 0 0 0 0 0
0 0 0 0 0 0 0 0 0
265 208 0 0 0 0 0 0 0
287 656 0 0 0 0 0 0 0
443 792 0 0 0 0 0 0 0
0 0 0 0 0 0 0 0 0
1111 2629 0 0 0 0 0 0 0
0 0 0 0 0 0 0 0 0
0 100 0 0 0 0 0 0 0
0 211 0 0 0 0 0 0 0
0 164 0 0 0 0 0 0 0
0 119 0 0 0 0 0 0 0
39 48 0 0 0 0 0 0 0
0 0 0 0 0 0 0 0 0
1057 387 0 0 0 0 0 0 0
0 0 0 0 0 0 0 0 0
1924 219 0 0 0 0 0 0 0
1887 145 0 0 0 0 0 0 0
587 0 0 0 0 0 0 0 0
0 0 0 0 0 0 0 0 0
469 0 0 0 0 0 0 0 0
757 1 0 0 0 0 0 0 0
1282 0 0 0 0 0 0 0 0
1474 0 0 0 0 0 0 0 0
3975 314 0 0 0 0 0 0 0
0 0 0 0 0 0 0 0 0
0 0 0 0 0 0 0 0 0
3558 630 0 0 0 0 0 0 0
1536 113 0 0 0 0 0 0 0
1339 170 0 0 0 0 0 0 0
1029 283 0 0 0 0 0 0 0
0 0 0 0 0 0 0 0 0
1499 1578 0 0 0 0 0 0 0
497 368 0 0 0 0 0 0 0
458 311 0 0 0 0 0 0 0
0 0 0 0 0 0 0 0 0
1293 6833 0 0 0 0 0 0 0
0 0 0 0 0 0 0 0 0
355 2846 0 0 0 0 0 0 0
634 2188 0 0 0 0 0 0 0
796 1590 0 0 0 0 0 0 0
905 1599 0 0 0 0 0 0 0
767 2417 0 0 0 0 0 0 0
0 0 0 0 0 0 0 0 0
883 6784 0 0 0 0 0 0 0
84 3898 0 0 0 0 0 0 0
91 4298 0 0 0 0 0 0 0
0 0 0 0 0 0 0 0 0
700 15035 0 0 0 0 0 0 0
0 0 0 0 0 0 0 0 0
182 4895 0 0 0 0 0 0 0
52 5500 0 0 0 0 0 0 0
23 5900 0 0 0 0 0 0 0
16 6097 0 0 0 0 0 0 0
9 6144 0 0 0 0 0 0 0
0 0 0 0 0 0 0 0 0
127 12298 0 0 0 0 0 0 0
0 0 0 0 0 0 0 0 0
3 11056 0 0 0 0 0 0 0
0 4328 0 0 0 0 0 0 0
0 3558 0 0 0 0 0 0 0
0 0 0 0 0 0 0 0 0
0 3122 0 0 0 0 0 0 0
77 7196 0 0 0 0 0 0 0
0 0 0 0 0 0 0 0 0
112 6373 0 0 0 0 0 0 0
13 2648 0 0 0 0 0 0 0
0 0 0 0 0 0 0 0 0
463 4932 0 0 0 0 0 0 0
239 773 0 0 0 0 0 0 0
66 356 0 0 0 0 0 0 0
0 0 0 0 0 0 0 0 0
723 916 0 0 0 0 0 0 0
0 0 0 0 0 0 0 0 0
247 49 0 0 0 0 0 0 0
101 9 0 0 0 0 0 0 0
314 1129 0 0 0 0 0 0 0
21 423 0 0 0 0 0 0 0
30 337 0 0 0 0 0 0 0
0 0 0 0 0 0 0 0 0
12 1997 0 0 0 0 0 0 0
96 405 0 0 0 0 0 0 0
115 244 0 0 0 0 0 0 0
160 239 0 0 0 0 0 0 0
161 60 0 0 0 0 0 0 0
0 0 0 0 0 0 0 0 0
0 0 0 0 0 0 0 0 0
259 408 0 0 0 0 0 0 0
260 109 0 0 0 0 0 0 0
132 0 0 0 0 0 0 0 0
34 6 0 0 0 0 0 0 0
0 0 0 0 0 0 0 0 0
0 0 0 0 0 0 0 0 0
0 32 0 0 0 0 0 0 0
0 172 0 0 0 0 0 0 0
0 376 0 0 0 0 0 0 0
125 3642 0 0 0 0 0 0 0
0 0 0 0 0 0 0 0 0
32 2224 0 0 0 0 0 0 0
141 10159 0 0 0 0 0 0 0
25 4835 0 0 0 0 0 0 0
32 5703 0 0 0 0 0 0 0
44 5920 0 0 0 0 0 0 0
0 0 0 0 0 0 0 0 0
62 5783 0 0 0 0 0 0 0
104 5549 0 0 0 0 0 0 0
120 5057 0 0 0 0 0 0 0
778 10294 0 0 0 0 0 0 0
293 3676 0 0 0 0 0 0 0
0 0 0 0 0 0 0 0 0
318 3434 0 0 0 0 0 0 0
1624 6823 0 0 0 0 0 0 0
1085 1637 0 0 0 0 0 0 0
1161 915 0 0 0 0 0 0 0
1383 882 0 0 0 0 0 0 0
0 0 0 0 0 0 0 0 0
0 0 0 0 0 0 0 0 0
2502 3133 0 0 0 0 0 0 0
1861 2473 0 0 0 0 0 0 0
801 330 0 0 0 0 0 0 0
814 313 0 0 0 0 0 0 0
0 0 0 0 0 0 0 0 0
941 65 0 0 0 0 0 0 0
994 16 0 0 0 0 0 0 0
969 0 0 0 0 0 0 0 0
1242 160 0 0 0 0 0 0 0
3506 91 0 0 0 0 0 0 0
0 0 0 0 0 0 0 0 0
1960 58 0 0 0 0 0 0 0
2703 291 0 0 0 0 0 0 0
0 0 0 0 0 0 0 0 0
8002 907 0 0 0 0 0 0 0
1954 15 0 0 0 0 0 0 0
0 0 0 0 0 0 0 0 0
2296 55 0 0 0 0 0 0 0
2150 53 0 0 0 0 0 0 0
1547 33 0 0 0 0 0 0 0
2629 23 0 0 0 0 0 0 0
1131 10 0 0 0 0 0 0 0
0 0 0 0 0 0 0 0 0
972 0 0 0 0 0 0 0 0
822 29 0 0 0 0 0 0 0
0 0 0 0 0 0 0 0 0
1594 1574 0 0 0 0 0 0 0
312 17 0 0 0 0 0 0 0
0 0 0 0 0 0 0 0 0
817 1363 0 0 0 0 0 0 0
109 40 0 0 0 0 0 0 0
134 63 0 0 0 0 0 0 0
246 982 0 0 0 0 0 0 0
41 181 0 0 0 0 0 0 0
0 0 0 0 0 0 0 0 0
0 0 0 0 0 0 0 0 0
429 2065 0 0 0 0 0 0 0
15 1743 0 0 0 0 0 0 0
27 2395 0 0 0 0 0 0 0
38 3276 0 0 0 0 0 0 0
0 0 0 0 0 0 0 0 0
194 8785 0 0 0 0 0 0 0
22 4558 0 0 0 0 0 0 0
40 4737 0 0 0 0 0 0 0
66 4889 0 0 0 0 0 0 0
74 4774 0 0 0 0 0 0 0
0 0 0 0 0 0 0 0 0
418 10029 0 0 0 0 0 0 0
153 5720 0 0 0 0 0 0 0
146 5452 0 0 0 0 0 0 0
174 4856 0 0 0 0 0 0 0
921 10510 0 0 0 0 0 0 0
0 0 0 0 0 0 0 0 0
401 2943 0 0 0 0 0 0 0
373 2223 0 0 0 0 0 0 0
0 0 0 0 0 0 0 0 0
1115 6350 0 0 0 0 0 0 0
157 1551 0 0 0 0 0 0 0
0 0 0 0 0 0 0 0 0
118 1643 0 0 0 0 0 0 0
627 6418 0 0 0 0 0 0 0
122 2753 0 0 0 0 0 0 0
133 2579 0 0 0 0 0 0 0
325 5407 0 0 0 0 0 0 0
0 0 0 0 0 0 0 0 0
29 1064 0 0 0 0 0 0 0
3 1612 0 0 0 0 0 0 0
0 0 0 0 0 0 0 0 0
700 2406 0 0 0 0 0 0 0
207 237 0 0 0 0 0 0 0
0 0 0 0 0 0 0 0 0
882 3832 0 0 0 0 0 0 0
387 905 0 0 0 0 0 0 0
222 1112 0 0 0 0 0 0 0
92 1362 0 0 0 0 0 0 0
1286 1320 0 0 0 0 0 0 0
0 0 0 0 0 0 0 0 0
0 0 0 0 0 0 0 0 0
1029 1371 0 0 0 0 0 0 0
501 21 0 0 0 0 0 0 0
602 93 0 0 0 0 0 0 0
449 76 0 0 0 0 0 0 0
0 0 0 0 0 0 0 0 0
1278 380 0 0 0 0 0 0 0
0 0 0 0 0 0 0 0 0
336 163 0 0 0 0 0 0 0
124 29 0 0 0 0 0 0 0
101 0 0 0 0 0 0 0 0
0 0 0 0 0 0 0 0 0
110 0 0 0 0 0 0 0 0
363 0 0 0 0 0 0 0 0
1197 0 0 0 0 0 0 0 0
736 0 0 0 0 0 0 0 0
0 0 0 0 0 0 0 0 0
0 0 0 0 0 0 0 0 0
1984 52 0 0 0 0 0 0 0
1403 82 0 0 0 0 0 0 0
527 106 0 0 0 0 0 0 0
485 331 0 0 0 0 0 0 0
665 450 0 0 0 0 0 0 0
0 0 0 0 0 0 0 0 0
667 581 0 0 0 0 0 0 0
565 562 0 0 0 0 0 0 0
237 850 0 0 0 0 0 0 0
192 266 0 0 0 0 0 0 0
0 0 0 0 0 0 0 0 0
0 0 0 0 0 0 0 0 0
551 724 0 0 0 0 0 0 0
199 430 0 0 0 0 0 0 0
194 48 0 0 0 0 0 0 0
522 94 0 0 0 0 0 0 0
663 240 0 0 0 0 0 0 0
0 0 0 0 0 0 0 0 0
659 995 0 0 0 0 0 0 0
688 1032 0 0 0 0 0 0 0
2108 2222 0 0 0 0 0 0 0
968 1061 0 0 0 0 0 0 0
994 1420 0 0 0 0 0 0 0
0 0 0 0 0 0 0 0 0
553 1112 0 0 0 0 0 0 0
236 1716 0 0 0 0 0 0 0
392 3122 0 0 0 0 0 0 0
0 400 0 0 0 0 0 0 0
133 464 0 0 0 0 0 0 0
0 0 0 0 0 0 0 0 0
364 246 0 0 0 0 0 0 0
495 328 0 0 0 0 0 0 0
1433 1379 0 0 0 0 0 0 0
774 330 0 0 0 0 0 0 0
452 416 0 0 0 0 0 0 0
0 0 0 0 0 0 0 0 0
156 124 0 0 0 0 0 0 0
262 392 0 0 0 0 0 0 0
187 2005 0 0 0 0 0 0 0
193 103 0 0 0 0 0 0 0
0 0 0 0 0 0 0 0 0
0 0 0 0 0 0 0 0 0
321 1507 0 0 0 0 0 0 0
671 916 0 0 0 0 0 0 0
0 0 0 0 0 0 0 0 0
403 885 0 0 0 0 0 0 0
52 364 0 0 0 0 0 0 0
0 0 0 0 0 0 0 0 0
45 222 0 0 0 0 0 0 0
43 372 0 0 0 0 0 0 0
44 209 0 0 0 0 0 0 0
825 720 0 0 0 0 0 0 0
0 0 0 0 0 0 0 0 0
0 0 0 0 0 0 0 0 0
451 992 0 0 0 0 0 0 0
19 28 0 0 0 0 0 0 0
0 11 0 0 0 0 0 0 0
112 362 0 0 0 0 0 0 0
183 17 0 0 0 0 0 0 0
0 0 0 0 0 0 0 0 0
479 0 0 0 0 0 0 0 0
1062 55 0 0 0 0 0 0 0
4093 225 0 0 0 0 0 0 0
2806 6 0 0 0 0 0 0 0
0 0 0 0 0 0 0 0 0
0 0 0 0 0 0 0 0 0
6147 1 0 0 0 0 0 0 0
2529 0 0 0 0 0 0 0 0
2491 0 0 0 0 0 0 0 0
4719 220 0 0 0 0 0 0 0
1392 6 0 0 0 0 0 0 0
0 0 0 0 0 0 0 0 0
1372 10 0 0 0 0 0 0 0
1076 0 0 0 0 0 0 0 0
2045 34 0 0 0 0 0 0 0
0 0 0 0 0 0 0 0 0
369 4 0 0 0 0 0 0 0
0 0 0 0 0 0 0 0 0
923 0 0 0 0 0 0 0 0
206 0 0 0 0 0 0 0 0
193 0 0 0 0 0 0 0 0
464 63 0 0 0 0 0 0 0
0 0 0 0 0 0 0 0 0
0 0 0 0 0 0 0 0 0
575 12 0 0 0 0 0 0 0
111 0 0 0 0 0 0 0 0
79 0 0 0 0 0 0 0 0
7 0 0 0 0 0 0 0 0
51 159 0 0 0 0 0 0 0
0 0 0 0 0 0 0 0 0
44 77 0 0 0 0 0 0 0
64 159 0 0 0 0 0 0 0
28 46 0 0 0 0 0 0 0
193 259 0 0 0 0 0 0 0
0 0 0 0 0 0 0 0 0
0 0 0 0 0 0 0 0 0
0 0 0 0 0 0 0 0 0
458 444 0 0 0 0 0 0 0
37 38 0 0 0 0 0 0 0
30 13 0 0 0 0 0 0 0
186 131 0 0 0 0 0 0 0
0 0 0 0 0 0 0 0 0
73 0 0 0 0 0 0 0 0
98 0 0 0 0 0 0 0 0
0 0 0 0 0 0 0 0 0
444 0 0 0 0 0 0 0 0
212 0 0 0 0 0 0 0 0
0 0 0 0 0 0 0 0 0
832 145 0 0 0 0 0 0 0
376 12 0 0 0 0 0 0 0
404 47 0 0 0 0 0 0 0
386 146 0 0 0 0 0 0 0
954 924 0 0 0 0 0 0 0
0 0 0 0 0 0 0 0 0
306 442 0 0 0 0 0 0 0
287 886 0 0 0 0 0 0 0
363 1334 0 0 0 0 0 0 0
399 1549 0 0 0 0 0 0 0
362 1255 0 0 0 0 0 0 0
0 0 0 0 0 0 0 0 0
0 0 0 0 0 0 0 0 0
2650 2719 0 0 0 0 0 0 0
955 706 0 0 0 0 0 0 0
1322 766 0 0 0 0 0 0 0
3776 2625 0 0 0 0 0 0 0
0 0 0 0 0 0 0 0 0
1980 475 0 0 0 0 0 0 0
0 0 0 0 0 0 0 0 0
3759 958 0 0 0 0 0 0 0
1900 887 0 0 0 0 0 0 0
2233 1015 0 0 0 0 0 0 0
0 0 0 0 0 0 0 0 0
4866 2904 0 0 0 0 0 0 0
2734 214 0 0 0 0 0 0 0
2544 158 0 0 0 0 0 0 0
0 0 0 0 0 0 0 0 0
4015 3555 0 0 0 0 0 0 0
0 0 0 0 0 0 0 0 0
1545 1823 0 0 0 0 0 0 0
1271 1348 0 0 0 0 0 0 0
2612 923 0 0 0 0 0 0 0
756 256 0 0 0 0 0 0 0
844 863 0 0 0 0 0 0 0
0 0 0 0 0 0 0 0 0
1911 4038 0 0 0 0 0 0 0
0 0 0 0 0 0 0 0 0
1342 1332 0 0 0 0 0 0 0
297 127 0 0 0 0 0 0 0
418 410 0 0 0 0 0 0 0
0 0 0 0 0 0 0 0 0
426 591 0 0 0 0 0 0 0
226 671 0 0 0 0 0 0 0
711 1041 0 0 0 0 0 0 0
102 668 0 0 0 0 0 0 0
139 1098 0 0 0 0 0 0 0
0 0 0 0 0 0 0 0 0
321 1117 0 0 0 0 0 0 0
0 0 0 0 0 0 0 0 0
2314 1035 0 0 0 0 0 0 0
445 350 0 0 0 0 0 0 0
408 440 0 0 0 0 0 0 0
0 0 0 0 0 0 0 0 0
539 373 0 0 0 0 0 0 0
1740 100 0 0 0 0 0 0 0
327 110 0 0 0 0 0 0 0
194 242 0 0 0 0 0 0 0
107 216 0 0 0 0 0 0 0
0 0 0 0 0 0 0 0 0
73 7 0 0 0 0 0 0 0
87 0 0 0 0 0 0 0 0
415 723 0 0 0 0 0 0 0
0 0 0 0 0 0 0 0 0
742 779 0 0 0 0 0 0 0
0 0 0 0 0 0 0 0 0
546 10 0 0 0 0 0 0 0
1898 357 0 0 0 0 0 0 0
703 121 0 0 0 0 0 0 0
511 42 0 0 0 0 0 0 0
337 30 0 0 0 0 0 0 0
0 0 0 0 0 0 0 0 0
192 40 0 0 0 0 0 0 0
0 0 0 0 0 0 0 0 0
1255 386 0 0 0 0 0 0 0
270 0 0 0 0 0 0 0 0
451 0 0 0 0 0 0 0 0
0 0 0 0 0 0 0 0 0
732 15 0 0 0 0 0 0 0
805 60 0 0 0 0 0 0 0
0 0 0 0 0 0 0 0 0
2230 107 0 0 0 0 0 0 0
907 11 0 0 0 0 0 0 0
0 0 0 0 0 0 0 0 0
909 65 0 0 0 0 0 0 0
611 103 0 0 0 0 0 0 0
512 110 0 0 0 0 0 0 0
1155 368 0 0 0 0 0 0 0
149 0 0 0 0 0 0 0 0
0 0 0 0 0 0 0 0 0
113 32 0 0 0 0 0 0 0
111 124 0 0 0 0 0 0 0
259 105 0 0 0 0 0 0 0
279 34 0 0 0 0 0 0 0
821 140 0 0 0 0 0 0 0
0 0 0 0 0 0 0 0 0
0 0 0 0 0 0 0 0 0
321 339 0 0 0 0 0 0 0
37 47 0 0 0 0 0 0 0
335 388 0 0 0 0 0 0 0
0 0 0 0 0 0 0 0 0
0 0 0 0 0 0 0 0 0
527 730 0 0 0 0 0 0 0
102 47 0 0 0 0 0 0 0
46 67 0 0 0 0 0 0 0
603 340 0 0 0 0 0 0 0
152 63 0 0 0 0 0 0 0
0 0 0 0 0 0 0 0 0
0 0 0 0 0 0 0 0 0
939 157 0 0 0 0 0 0 0
99 114 0 0 0 0 0 0 0
0 90 0 0 0 0 0 0 0
4 119 0 0 0 0 0 0 0
0 0 0 0 0 0 0 0 0
101 35 0 0 0 0 0 0 0
13 35 0 0 0 0 0 0 0
2 145 0 0 0 0 0 0 0
481 311 0 0 0 0 0 0 0
130 202 0 0 0 0 0 0 0
0 0 0 0 0 0 0 0 0
0 0 0 0 0 0 0 0 0
428 356 0 0 0 0 0 0 0
8 42 0 0 0 0 0 0 0
0 97 0 0 0 0 0 0 0
119 546 0 0 0 0 0 0 0
0 0 0 0 0 0 0 0 0
75 22 0 0 0 0 0 0 0
104 16 0 0 0 0 0 0 0
418 24 0 0 0 0 0 0 0
0 0 0 0 0 0 0 0 0
1466 983 0 0 0 0 0 0 0
0 0 0 0 0 0 0 0 0
298 321 0 0 0 0 0 0 0
1011 744 0 0 0 0 0 0 0
188 69 0 0 0 0 0 0 0
152 41 0 0 0 0 0 0 0
223 546 0 0 0 0 0 0 0
0 0 0 0 0 0 0 0 0
30 159 0 0 0 0 0 0 0
19 141 0 0 0 0 0 0 0
28 61 0 0 0 0 0 0 0
0 0 0 0 0 0 0 0 0
439 57 0 0 0 0 0 0 0
0 0 0 0 0 0 0 0 0
660 0 0 0 0 0 0 0 0
141 0 0 0 0 0 0 0 0
151 0 0 0 0 0 0 0 0
171 0 0 0 0 0 0 0 0
0 0 0 0 0 0 0 0 0
0 0 0 0 0 0 0 0 0
611 0 0 0 0 0 0 0 0
583 42 0 0 0 0 0 0 0
46 39 0 0 0 0 0 0 0
15 17 0 0 0 0 0 0 0
25 14 0 0 0 0 0 0 0
0 0 0 0 0 0 0 0 0
341 11 0 0 0 0 0 0 0
64 0 0 0 0 0 0 0 0
63 0 0 0 0 0 0 0 0
84 0 0 0 0 0 0 0 0
598 183 0 0 0 0 0 0 0
0 0 0 0 0 0 0 0 0
0 0 0 0 0 0 0 0 0
148 5 0 0 0 0 0 0 0
904 40 0 0 0 0 0 0 0
0 0 0 0 0 0 0 0 0
541 35 0 0 0 0 0 0 0
0 0 0 0 0 0 0 0 0
69 0 0 0 0 0 0 0 0
723 0 0 0 0 0 0 0 0
223 0 0 0 0 0 0 0 0
0 0 0 0 0 0 0 0 0
581 0 0 0 0 0 0 0 0
0 0 0 0 0 0 0 0 0
52 5 0 0 0 0 0 0 0
249 6 0 0 0 0 0 0 0
34 0 0 0 0 0 0 0 0
9 0 0 0 0 0 0 0 0
30 0 0 0 0 0 0 0 0
0 0 0 0 0 0 0 0 0
40 0 0 0 0 0 0 0 0
275 68 0 0 0 0 0 0 0
0 0 0 0 0 0 0 0 0
516 100 0 0 0 0 0 0 0
318 14 0 0 0 0 0 0 0
0 0 0 0 0 0 0 0 0
0 0 0 0 0 0 0 0 0
3894 390 0 0 0 0 0 0 0
1562 205 0 0 0 0 0 0 0
1578 193 0 0 0 0 0 0 0
1072 168 0 0 0 0 0 0 0
0 0 0 0 0 0 0 0 0
1244 142 0 0 0 0 0 0 0
0 0 0 0 0 0 0 0 0
3438 406 0 0 0 0 0 0 0
3188 278 0 0 0 0 0 0 0
1343 7 0 0 0 0 0 0 0
0 0 0 0 0 0 0 0 0
1270 141 0 0 0 0 0 0 0
1221 94 0 0 0 0 0 0 0
1670 159 0 0 0 0 0 0 0
692 5 0 0 0 0 0 0 0
708 4 0 0 0 0 0 0 0
0 0 0 0 0 0 0 0 0
756 3 0 0 0 0 0 0 0
883 0 0 0 0 0 0 0 0
731 0 0 0 0 0 0 0 0
1180 66 0 0 0 0 0 0 0
370 0 0 0 0 0 0 0 0
0 0 0 0 0 0 0 0 0
398 0 0 0 0 0 0 0 0
239 0 0 0 0 0 0 0 0
468 597 0 0 0 0 0 0 0
377 42 0 0 0 0 0 0 0
281 46 0 0 0 0 0 0 0
0 0 0 0 0 0 0 0 0
155 31 0 0 0 0 0 0 0
0 0 0 0 0 0 0 0 0
1099 264 0 0 0 0 0 0 0
1705 322 0 0 0 0 0 0 0
1229 67 0 0 0 0 0 0 0
0 0 0 0 0 0 0 0 0
1401 65 0 0 0 0 0 0 0
1202 29 0 0 0 0 0 0 0
888 23 0 0 0 0 0 0 0
1313 147 0 0 0 0 0 0 0
0 0 0 0 0 0 0 0 0
0 0 0 0 0 0 0 0 0
1011 796 0 0 0 0 0 0 0
428 271 0 0 0 0 0 0 0
1378 1826 0 0 0 0 0 0 0
933 380 0 0 0 0 0 0 0
0 0 0 0 0 0 0 0 0
0 0 0 0 0 0 0 0 0
1801 1224 0 0 0 0 0 0 0
660 100 0 0 0 0 0 0 0
682 31 0 0 0 0 0 0 0
1445 49 0 0 0 0 0 0 0
676 3 0 0 0 0 0 0 0
0 0 0 0 0 0 0 0 0
879 8 0 0 0 0 0 0 0
876 0 0 0 0 0 0 0 0
2970 149 0 0 0 0 0 0 0
0 0 0 0 0 0 0 0 0
3630 99 0 0 0 0 0 0 0
0 0 0 0 0 0 0 0 0
1943 0 0 0 0 0 0 0 0
1943 9 0 0 0 0 0 0 0
0 0 0 0 0 0 0 0 0
5765 1393 0 0 0 0 0 0 0
1280 217 0 0 0 0 0 0 0
0 0 0 0 0 0 0 0 0
758 219 0 0 0 0 0 0 0
440 244 0 0 0 0 0 0 0
0 0 0 0 0 0 0 0 0
1371 711 0 0 0 0 0 0 0
481 188 0 0 0 0 0 0 0
0 0 0 0 0 0 0 0 0
1617 393 0 0 0 0 0 0 0
248 56 0 0 0 0 0 0 0
24 28 0 0 0 0 0 0 0
97 49 0 0 0 0 0 0 0
0 0 0 0 0 0 0 0 0
0 0 0 0 0 0 0 0 0
82 0 0 0 0 0 0 0 0
594 0 0 0 0 0 0 0 0
990 0 0 0 0 0 0 0 0
1246 0 0 0 0 0 0 0 0
1266 0 0 0 0 0 0 0 0
0 0 0 0 0 0 0 0 0
1776 0 0 0 0 0 0 0 0
352 0 0 0 0 0 0 0 0
326 0 0 0 0 0 0 0 0
1255 0 0 0 0 0 0 0 0
0 0 0 0 0 0 0 0 0
0 0 0 0 0 0 0 0 0
594 0 0 0 0 0 0 0 0
1370 0 0 0 0 0 0 0 0
398 0 0 0 0 0 0 0 0
336 0 0 0 0 0 0 0 0
272 0 0 0 0 0 0 0 0
0 0 0 0 0 0 0 0 0
699 0 0 0 0 0 0 0 0
116 0 0 0 0 0 0 0 0
0 0 0 0 0 0 0 0 0
391 0 0 0 0 0 0 0 0
35 0 0 0 0 0 0 0 0
0 0 0 0 0 0 0 0 0
8 0 0 0 0 0 0 0 0
4 0 0 0 0 0 0 0 0
197 27 0 0 0 0 0 0 0
2 0 0 0 0 0 0 0 0
282 0 0 0 0 0 0 0 0
0 0 0 0 0 0 0 0 0
59 0 0 0 0 0 0 0 0
102 0 0 0 0 0 0 0 0
140 0 0 0 0 0 0 0 0
53 0 0 0 0 0 0 0 0
158 0 0 0 0 0 0 0 0
0 0 0 0 0 0 0 0 0
188 0 0 0 0 0 0 0 0
657 46 0 0 0 0 0 0 0
70 0 0 0 0 0 0 0 0
25 16 0 0 0 0 0 0 0
24 0 0 0 0 0 0 0 0
0 0 0 0 0 0 0 0 0
107 0 0 0 0 0 0 0 0
97 0 0 0 0 0 0 0 0
795 25 0 0 0 0 0 0 0
647 0 0 0 0 0 0 0 0
0 0 0 0 0 0 0 0 0
0 0 0 0 0 0 0 0 0
2758 70 0 0 0 0 0 0 0
1200 32 0 0 0 0 0 0 0
1017 25 0 0 0 0 0 0 0
1060 34 0 0 0 0 0 0 0
899 1 0 0 0 0 0 0 0
0 0 0 0 0 0 0 0 0
790 0 0 0 0 0 0 0 0
12905 54027 0 0 0 0 0 0 0
141 2916 0 0 0 0 0 0 0
0 0 0 0 0 0 0 0 0
571 5752 0 0 0 0 0 0 0
395 1007 0 0 0 0 0 0 0
426 442 0 0 0 0 0 0 0
0 0 0 0 0 0 0 0 0
404 135 0 0 0 0 0 0 0
932 614 0 0 0 0 0 0 0
355 0 0 0 0 0 0 0 0
291 23 0 0 0 0 0 0 0
272 83 0 0 0 0 0 0 0
0 0 0 0 0 0 0 0 0
346 58 0 0 0 0 0 0 0
1662 25 0 0 0 0 0 0 0
1228 0 0 0 0 0 0 0 0
0 0 0 0 0 0 0 0 0
3099 109 0 0 0 0 0 0 0
0 0 0 0 0 0 0 0 0
2146 2 0 0 0 0 0 0 0
4342 138 0 0 0 0 0 0 0
2509 7 0 0 0 0 0 0 0
2084 0 0 0 0 0 0 0 0
1679 0 0 0 0 0 0 0 0
0 0 0 0 0 0 0 0 0
1352 0 0 0 0 0 0 0 0
2169 120 0 0 0 0 0 0 0
0 0 0 0 0 0 0 0 0
1566 34 0 0 0 0 0 0 0
502 0 0 0 0 0 0 0 0
0 0 0 0 0 0 0 0 0
1049 5 0 0 0 0 0 0 0
168 0 0 0 0 0 0 0 0
102 0 0 0 0 0 0 0 0
43 2 0 0 0 0 0 0 0
24 0 0 0 0 0 0 0 0
0 0 0 0 0 0 0 0 0
134 0 0 0 0 0 0 0 0
820 40 0 0 0 0 0 0 0
252 1 0 0 0 0 0 0 0
197 0 0 0 0 0 0 0 0
72 0 0 0 0 0 0 0 0
0 0 0 0 0 0 0 0 0
394 0 0 0 0 0 0 0 0
0 0 0 0 0 0 0 0 0
696 22 0 0 0 0 0 0 0
0 0 0 0 0 0 0 0 0
1117 45 0 0 0 0 0 0 0
0 0 0 0 0 0 0 0 0
289 0 0 0 0 0 0 0 0
299 0 0 0 0 0 0 0 0
1317 85 0 0 0 0 0 0 0
313 0 0 0 0 0 0 0 0
99 0 0 0 0 0 0 0 0
0 0 0 0 0 0 0 0 0
94 0 0 0 0 0 0 0 0
214 0 0 0 0 0 0 0 0
0 0 0 0 0 0 0 0 0
1580 522 0 0 0 0 0 0 0
135 1 0 0 0 0 0 0 0
0 0 0 0 0 0 0 0 0
167 0 0 0 0 0 0 0 0
342 0 0 0 0 0 0 0 0
1481 71 0 0 0 0 0 0 0
367 0 0 0 0 0 0 0 0
193 0 0 0 0 0 0 0 0
0 0 0 0 0 0 0 0 0
206 0 0 0 0 0 0 0 0
232 43 0 0 0 0 0 0 0
579 247 0 0 0 0 0 0 0
1680 10415 0 0 0 0 0 0 0
251 8539 0 0 0 0 0 0 0
0 0 0 0 0 0 0 0 0
0 0 0 0 0 0 0 0 0
804 14214 0 0 0 0 0 0 0
244 4221 0 0 0 0 0 0 0
762 9718 0 0 0 0 0 0 0
331 4156 0 0 0 0 0 0 0
0 0 0 0 0 0 0 0 0
335 3344 0 0 0 0 0 0 0
377 2335 0 0 0 0 0 0 0
1124 4699 0 0 0 0 0 0 0
0 0 0 0 0 0 0 0 0
743 2768 0 0 0 0 0 0 0
0 0 0 0 0 0 0 0 0
135 831 0 0 0 0 0 0 0
82 1032 0 0 0 0 0 0 0
86 781 0 0 0 0 0 0 0
467 1744 0 0 0 0 0 0 0
175 443 0 0 0 0 0 0 0
0 0 0 0 0 0 0 0 0
416 241 0 0 0 0 0 0 0
378 266 0 0 0 0 0 0 0
336 371 0 0 0 0 0 0 0
848 579 0 0 0 0 0 0 0
285 84 0 0 0 0 0 0 0
0 0 0 0 0 0 0 0 0
240 32 0 0 0 0 0 0 0
218 8 0 0 0 0 0 0 0
154 0 0 0 0 0 0 0 0
602 82 0 0 0 0 0 0 0
334 3 0 0 0 0 0 0 0
0 0 0 0 0 0 0 0 0
559 0 0 0 0 0 0 0 0
0 0 0 0 0 0 0 0 0
1351 29 0 0 0 0 0 0 0
115 1 0 0 0 0 0 0 0
686 178 0 0 0 0 0 0 0
0 0 0 0 0 0 0 0 0
253 8 0 0 0 0 0 0 0
324 0 0 0 0 0 0 0 0
290 1 0 0 0 0 0 0 0
322 0 0 0 0 0 0 0 0
591 3 0 0 0 0 0 0 0
0 0 0 0 0 0 0 0 0
0 0 0 0 0 0 0 0 0
548 22 0 0 0 0 0 0 0
332 0 0 0 0 0 0 0 0
644 0 0 0 0 0 0 0 0
1010 15 0 0 0 0 0 0 0
0 0 0 0 0 0 0 0 0
162 0 0 0 0 0 0 0 0
113 5 0 0 0 0 0 0 0
79 7 0 0 0 0 0 0 0
59 9 0 0 0 0 0 0 0
0 0 0 0 0 0 0 0 0
0 0 0 0 0 0 0 0 0
380 1051 0 0 0 0 0 0 0
86 1667 0 0 0 0 0 0 0
0 2376 0 0 0 0 0 0 0
0 2061 0 0 0 0 0 0 0
25 2379 0 0 0 0 0 0 0
0 0 0 0 0 0 0 0 0
810 6264 0 0 0 0 0 0 0
469 4062 0 0 0 0 0 0 0
12995 77971 0 0 0 0 0 0 0
450 15888 0 0 0 0 0 0 0
1041 14873 0 0 0 0 0 0 0
1640 14962 0 0 0 0 0 0 0
0 0 0 0 0 0 0 0 0
0 0 0 0 0 0 0 0 0
7658 43650 0 0 0 0 0 0 0
0 0 0 0 0 0 0 0 0
6423 33366 0 0 0 0 0 0 0
3200 18891 0 0 0 0 0 0 0
0 0 0 0 0 0 0 0 0
2965 18675 0 0 0 0 0 0 0
5852 26915 0 0 0 0 0 0 0
0 0 0 0 0 0 0 0 0
4641 19762 0 0 0 0 0 0 0
1739 8007 0 0 0 0 0 0 0
0 0 0 0 0 0 0 0 0
1710 6967 0 0 0 0 0 0 0
1394 5834 0 0 0 0 0 0 0
2745 8649 0 0 0 0 0 0 0
1083 2189 0 0 0 0 0 0 0
665 1489 0 0 0 0 0 0 0
0 0 0 0 0 0 0 0 0
382 1024 0 0 0 0 0 0 0
0 0 0 0 0 0 0 0 0
1803 1784 0 0 0 0 0 0 0
72 891 0 0 0 0 0 0 0
329 1198 0 0 0 0 0 0 0
0 0 0 0 0 0 0 0 0
248 1597 0 0 0 0 0 0 0
164 1718 0 0 0 0 0 0 0
0 0 0 0 0 0 0 0 0
550 7925 0 0 0 0 0 0 0
39 3406 0 0 0 0 0 0 0
0 0 0 0 0 0 0 0 0
0 3362 0 0 0 0 0 0 0
78 6111 0 0 0 0 0 0 0
0 0 0 0 0 0 0 0 0
51 3603 0 0 0 0 0 0 0
12 559 0 0 0 0 0 0 0
0 0 0 0 0 0 0 0 0
24 603 0 0 0 0 0 0 0
115 570 0 0 0 0 0 0 0
1201 2582 0 0 0 0 0 0 0
1032 2490 0 0 0 0 0 0 0
1210 2762 0 0 0 0 0 0 0
0 0 0 0 0 0 0 0 0
1118 2941 0 0 0 0 0 0 0
1062 3524 0 0 0 0 0 0 0
1101 4326 0 0 0 0 0 0 0
767 5096 0 0 0 0 0 0 0
428 6066 0 0 0 0 0 0 0
0 0 0 0 0 0 0 0 0
1036 14399 0 0 0 0 0 0 0
108 9366 0 0 0 0 0 0 0
59 19116 0 0 0 0 0 0 0
37 13267 0 0 0 0 0 0 0
40 15060 0 0 0 0 0 0 0
0 0 0 0 0 0 0 0 0
44 16931 0 0 0 0 0 0 0
51 18792 0 0 0 0 0 0 0
112 20200 0 0 0 0 0 0 0
883 38840 0 0 0 0 0 0 0
0 0 0 0 0 0 0 0 0
0 0 0 0 0 0 0 0 0
1860 41141 0 0 0 0 0 0 0
1095 23888 0 0 0 0 0 0 0
3040 43771 0 0 0 0 0 0 0
0 0 0 0 0 0 0 0 0
1424 26139 0 0 0 0 0 0 0
0 0 0 0 0 0 0 0 0
4412 37839 0 0 0 0 0 0 0
1977 17540 0 0 0 0 0 0 0
0 0 0 0 0 0 0 0 0
7884 36659 0 0 0 0 0 0 0
2041 12404 0 0 0 0 0 0 0
0 0 0 0 0 0 0 0 0
1923 11275 0 0 0 0 0 0 0
1926 10293 0 0 0 0 0 0 0
1806 8921 0 0 0 0 0 0 0
1846 7409 0 0 0 0 0 0 0
4149 10983 0 0 0 0 0 0 0
0 0 0 0 0 0 0 0 0
1044 3485 0 0 0 0 0 0 0
846 2662 0 0 0 0 0 0 0
0 0 0 0 0 0 0 0 0
3941 5221 0 0 0 0 0 0 0
861 297 0 0 0 0 0 0 0
0 0 0 0 0 0 0 0 0
1040 311 0 0 0 0 0 0 0
957 812 0 0 0 0 0 0 0
760 2050 0 0 0 0 0 0 0
0 0 0 0 0 0 0 0 0
857 8009 0 0 0 0 0 0 0
0 0 0 0 0 0 0 0 0
174 6661 0 0 0 0 0 0 0
19 5751 0 0 0 0 0 0 0
1 8474 0 0 0 0 0 0 0
91 6946 0 0 0 0 0 0 0
0 0 0 0 0 0 0 0 0
0 0 0 0 0 0 0 0 0
2390 8358 0 0 0 0 0 0 0
555 2675 0 0 0 0 0 0 0
440 2904 0 0 0 0 0 0 0
329 2876 0 0 0 0 0 0 0
1343 4429 0 0 0 0 0 0 0
0 0 0 0 0 0 0 0 0
480 3106 0 0 0 0 0 0 0
438 3665 0 0 0 0 0 0 0
0 0 0 0 0 0 0 0 0
1113 6794 0 0 0 0 0 0 0
142 3832 0 0 0 0 0 0 0
0 0 0 0 0 0 0 0 0
269 3760 0 0 0 0 0 0 0
727 6817 0 0 0 0 0 0 0
265 3706 0 0 0 0 0 0 0
125 3550 0 0 0 0 0 0 0
24 3911 0 0 0 0 0 0 0
0 0 0 0 0 0 0 0 0
267 7186 0 0 0 0 0 0 0
0 0 0 0 0 0 0 0 0
241 9863 0 0 0 0 0 0 0
19 9792 0 0 0 0 0 0 0
0 0 0 0 0 0 0 0 0
15204 100473 0 0 0 0 0 0 0
0 0 0 0 0 0 0 0 0
387 29031 0 0 0 0 0 0 0
0 0 0 0 0 0 0 0 0
264 42956 0 0 0 0 0 0 0
85 30395 0 0 0 0 0 0 0
197 47571 0 0 0 0 0 0 0
0 0 0 0 0 0 0 0 0
188 29690 0 0 0 0 0 0 0
253 24927 0 0 0 0 0 0 0
0 0 0 0 0 0 0 0 0
739 32804 0 0 0 0 0 0 0
749 24947 0 0 0 0 0 0 0
0 0 0 0 0 0 0 0 0
251 11292 0 0 0 0 0 0 0
195 8676 0 0 0 0 0 0 0
83 6289 0 0 0 0 0 0 0
29 4446 0 0 0 0 0 0 0
142 3814 0 0 0 0 0 0 0
0 0 0 0 0 0 0 0 0
623 5883 0 0 0 0 0 0 0
296 2330 0 0 0 0 0 0 0
140 2276 0 0 0 0 0 0 0
16 2056 0 0 0 0 0 0 0
141 1733 0 0 0 0 0 0 0
0 0 0 0 0 0 0 0 0
227 1411 0 0 0 0 0 0 0
691 2196 0 0 0 0 0 0 0
366 768 0 0 0 0 0 0 0
366 701 0 0 0 0 0 0 0
322 1251 0 0 0 0 0 0 0
0 0 0 0 0 0 0 0 0
85 126 0 0 0 0 0 0 0
0 0 0 0 0 0 0 0 0
226 413 0 0 0 0 0 0 0
52 273 0 0 0 0 0 0 0
127 341 0 0 0 0 0 0 0
0 0 0 0 0 0 0 0 0
1228 890 0 0 0 0 0 0 0
314 223 0 0 0 0 0 0 0
221 88 0 0 0 0 0 0 0
174 12 0 0 0 0 0 0 0
427 76 0 0 0 0 0 0 0
0 0 0 0 0 0 0 0 0
564 127 0 0 0 0 0 0 0
485 297 0 0 0 0 0 0 0
1014 1262 0 0 0 0 0 0 0
0 0 0 0 0 0 0 0 0
774 1326 0 0 0 0 0 0 0
0 0 0 0 0 0 0 0 0
770 1260 0 0 0 0 0 0 0
430 490 0 0 0 0 0 0 0
412 357 0 0 0 0 0 0 0
283 305 0 0 0 0 0 0 0
0 0 0 0 0 0 0 0 0
0 0 0 0 0 0 0 0 0
494 764 0 0 0 0 0 0 0
51 126 0 0 0 0 0 0 0
65 98 0 0 0 0 0 0 0
0 111 0 0 0 0 0 0 0
0 342 0 0 0 0 0 0 0
0 0 0 0 0 0 0 0 0
175 1741 0 0 0 0 0 0 0
153 769 0 0 0 0 0 0 0
0 882 0 0 0 0 0 0 0
0 1342 0 0 0 0 0 0 0
0 2477 0 0 0 0 0 0 0
0 0 0 0 0 0 0 0 0
0 4181 0 0 0 0 0 0 0
0 0 0 0 0 0 0 0 0
324 19833 0 0 0 0 0 0 0
193 7591 0 0 0 0 0 0 0
421 8553 0 0 0 0 0 0 0
0 0 0 0 0 0 0 0 0
1736 26136 0 0 0 0 0 0 0
0 0 0 0 0 0 0 0 0
1352 16107 0 0 0 0 0 0 0
3648 26485 0 0 0 0 0 0 0
2313 20603 0 0 0 0 0 0 0
12327 57536 0 0 0 0 0 0 0
270 26013 0 0 0 0 0 0 0
0 0 0 0 0 0 0 0 0
212 21387 0 0 0 0 0 0 0
46 20461 0 0 0 0 0 0 0
19 16653 0 0 0 0 0 0 0
0 0 0 0 0 0 0 0 0
120 27566 0 0 0 0 0 0 0
0 0 0 0 0 0 0 0 0
2 10953 0 0 0 0 0 0 0
32 9941 0 0 0 0 0 0 0
135 9457 0 0 0 0 0 0 0
135 9420 0 0 0 0 0 0 0
71 9294 0 0 0 0 0 0 0
0 0 0 0 0 0 0 0 0
58 15309 0 0 0 0 0 0 0
0 7151 0 0 0 0 0 0 0
37 5540 0 0 0 0 0 0 0
41 3866 0 0 0 0 0 0 0
180 5518 0 0 0 0 0 0 0
0 0 0 0 0 0 0 0 0
0 0 0 0 0 0 0 0 0
72 3728 0 0 0 0 0 0 0
2 1177 0 0 0 0 0 0 0
0 844 0 0 0 0 0 0 0
0 721 0 0 0 0 0 0 0
0 0 0 0 0 0 0 0 0
65 838 0 0 0 0 0 0 0
75 228 0 0 0 0 0 0 0
164 693 0 0 0 0 0 0 0
494 3831 0 0 0 0 0 0 0
0 0 0 0 0 0 0 0 0
0 0 0 0 0 0 0 0 0
224 6373 0 0 0 0 0 0 0
6 4130 0 0 0 0 0 0 0
0 4893 0 0 0 0 0 0 0
0 5622 0 0 0 0 0 0 0
0 0 0 0 0 0 0 0 0
0 0 0 0 0 0 0 0 0
14 16091 0 0 0 0 0 0 0
0 6515 0 0 0 0 0 0 0
0 7200 0 0 0 0 0 0 0
0 7306 0 0 0 0 0 0 0
0 7654 0 0 0 0 0 0 0
0 0 0 0 0 0 0 0 0
0 13919 0 0 0 0 0 0 0
0 9024 0 0 0 0 0 0 0
0 0 0 0 0 0 0 0 0
0 13722 0 0 0 0 0 0 0
0 8328 0 0 0 0 0 0 0
0 0 0 0 0 0 0 0 0
11 12112 0 0 0 0 0 0 0
0 6835 0 0 0 0 0 0 0
0 6553 0 0 0 0 0 0 0
0 5997 0 0 0 0 0 0 0
0 5260 0 0 0 0 0 0 0
0 0 0 0 0 0 0 0 0
16 8589 0 0 0 0 0 0 0
0 0 0 0 0 0 0 0 0
38 8578 0 0 0 0 0 0 0
0 3392 0 0 0 0 0 0 0
51 7138 0 0 0 0 0 0 0
0 0 0 0 0 0 0 0 0
0 0 0 0 0 0 0 0 0
0 2238 0 0 0 0 0 0 0
5 4798 0 0 0 0 0 0 0
0 1789 0 0 0 0 0 0 0
0 0 0 0 0 0 0 0 0
0 0 0 0 0 0 0 0 0
108 5718 0 0 0 0 0 0 0
8 1013 0 0 0 0 0 0 0
0 1215 0 0 0 0 0 0 0
0 1760 0 0 0 0 0 0 0
0 3646 0 0 0 0 0 0 0
0 0 0 0 0 0 0 0 0
0 13550 0 0 0 0 0 0 0
1 34231 0 0 0 0 0 0 0
0 35546 0 0 0 0 0 0 0
0 35083 0 0 0 0 0 0 0
0 0 0 0 0 0 0 0 0
0 0 0 0 0 0 0 0 0
3 55756 0 0 0 0 0 0 0
0 35620 0 0 0 0 0 0 0
0 0 0 0 0 0 0 0 0
14673 90078 0 0 0 0 0 0 0
0 40859 0 0 0 0 0 0 0
273 60026 0 0 0 0 0 0 0
0 0 0 0 0 0 0 0 0
177 38066 0 0 0 0 0 0 0
0 0 0 0 0 0 0 0 0
409 43873 0 0 0 0 0 0 0
80 27577 0 0 0 0 0 0 0
0 12092 0 0 0 0 0 0 0
0 0 0 0 0 0 0 0 0
2 12730 0 0 0 0 0 0 0
34 13095 0 0 0 0 0 0 0
133 13263 0 0 0 0 0 0 0
279 13227 0 0 0 0 0 0 0
536 13298 0 0 0 0 0 0 0
0 0 0 0 0 0 0 0 0
755 13743 0 0 0 0 0 0 0
2165 25523 0 0 0 0 0 0 0
1012 14679 0 0 0 0 0 0 0
1850 25837 0 0 0 0 0 0 0
942 15310 0 0 0 0 0 0 0
0 0 0 0 0 0 0 0 0
0 0 0 0 0 0 0 0 0
2580 24141 0 0 0 0 0 0 0
966 12012 0 0 0 0 0 0 0
681 9360 0 0 0 0 0 0 0
1540 14363 0 0 0 0 0 0 0
0 0 0 0 0 0 0 0 0
363 7721 0 0 0 0 0 0 0
327 7840 0 0 0 0 0 0 0
209 8020 0 0 0 0 0 0 0
639 14486 0 0 0 0 0 0 0
0 0 0 0 0 0 0 0 0
0 0 0 0 0 0 0 0 0
814 12156 0 0 0 0 0 0 0
481 5646 0 0 0 0 0 0 0
521 4632 0 0 0 0 0 0 0
622 3862 0 0 0 0 0 0 0
1765 7032 0 0 0 0 0 0 0
0 0 0 0 0 0 0 0 0
875 3242 0 0 0 0 0 0 0
699 3163 0 0 0 0 0 0 0
777 3210 0 0 0 0 0 0 0
736 2852 0 0 0 0 0 0 0
726 2078 0 0 0 0 0 0 0
0 0 0 0 0 0 0 0 0
840 1723 0 0 0 0 0 0 0
2441 2724 0 0 0 0 0 0 0
694 733 0 0 0 0 0 0 0
692 871 0 0 0 0 0 0 0
848 1040 0 0 0 0 0 0 0
0 0 0 0 0 0 0 0 0
1071 2083 0 0 0 0 0 0 0
0 0 0 0 0 0 0 0 0
4833 11329 0 0 0 0 0 0 0
902 5004 0 0 0 0 0 0 0
1740 5585 0 0 0 0 0 0 0
0 0 0 0 0 0 0 0 0
2687 9763 0 0 0 0 0 0 0
1011 7490 0 0 0 0 0 0 0
1317 8957 0 0 0 0 0 0 0
743 9159 0 0 0 0 0 0 0
1316 10007 0 0 0 0 0 0 0
0 0 0 0 0 0 0 0 0
961 10211 0 0 0 0 0 0 0
2372 24313 0 0 0 0 0 0 0
680 18696 0 0 0 0 0 0 0
0 0 0 0 0 0 0 0 0
3150 30889 0 0 0 0 0 0 0
0 0 0 0 0 0 0 0 0
2061 25957 0 0 0 0 0 0 0
898 13584 0 0 0 0 0 0 0
603 15432 0 0 0 0 0 0 0
531 17942 0 0 0 0 0 0 0
339 19103 0 0 0 0 0 0 0
0 0 0 0 0 0 0 0 0
727 19586 0 0 0 0 0 0 0
326 17821 0 0 0 0 0 0 0
921 30830 0 0 0 0 0 0 0
703 13262 0 0 0 0 0 0 0
294 11465 0 0 0 0 0 0 0
0 0 0 0 0 0 0 0 0
337 10569 0 0 0 0 0 0 0
969 19002 0 0 0 0 0 0 0
132 8308 0 0 0 0 0 0 0
118 7156 0 0 0 0 0 0 0
239 7206 0 0 0 0 0 0 0
0 0 0 0 0 0 0 0 0
0 0 0 0 0 0 0 0 0
737 17164 0 0 0 0 0 0 0
443 4983 0 0 0 0 0 0 0
213 4576 0 0 0 0 0 0 0
73 3867 0 0 0 0 0 0 0
0 0 0 0 0 0 0 0 0
9 4059 0 0 0 0 0 0 0
94 3752 0 0 0 0 0 0 0
187 5253 0 0 0 0 0 0 0
88 1465 0 0 0 0 0 0 0
0 0 0 0 0 0 0 0 0
0 0 0 0 0 0 0 0 0
346 4349 0 0 0 0 0 0 0
565 5349 0 0 0 0 0 0 0
591 3490 0 0 0 0 0 0 0
581 6207 0 0 0 0 0 0 0
420 8396 0 0 0 0 0 0 0
0 0 0 0 0 0 0 0 0
543 9194 0 0 0 0 0 0 0
619 9474 0 0 0 0 0 0 0
616 9775 0 0 0 0 0 0 0
1075 13165 0 0 0 0 0 0 0
318 4383 0 0 0 0 0 0 0
0 0 0 0 0 0 0 0 0
228 5248 0 0 0 0 0 0 0
195 6696 0 0 0 0 0 0 0
219 8947 0 0 0 0 0 0 0
363 14467 0 0 0 0 0 0 0
157 7866 0 0 0 0 0 0 0
0 0 0 0 0 0 0 0 0
239 8365 0 0 0 0 0 0 0
202 8664 0 0 0 0 0 0 0
12847 43356 0 0 0 0 0 0 0
157 8135 0 0 0 0 0 0 0
0 0 0 0 0 0 0 0 0
0 0 0 0 0 0 0 0 0
111 9964 0 0 0 0 0 0 0
0 5795 0 0 0 0 0 0 0
15 6135 0 0 0 0 0 0 0
0 6643 0 0 0 0 0 0 0
0 0 0 0 0 0 0 0 0
6 8024 0 0 0 0 0 0 0
190 20154 0 0 0 0 0 0 0
0 10975 0 0 0 0 0 0 0
6 10508 0 0 0 0 0 0 0
0 9838 0 0 0 0 0 0 0
0 0 0 0 0 0 0 0 0
4 8749 0 0 0 0 0 0 0
58 12900 0 0 0 0 0 0 0
0 4903 0 0 0 0 0 0 0
0 0 0 0 0 0 0 0 0
34 7869 0 0 0 0 0 0 0
0 0 0 0 0 0 0 0 0
31 7271 0 0 0 0 0 0 0
6 2181 0 0 0 0 0 0 0
2 1243 0 0 0 0 0 0 0
0 370 0 0 0 0 0 0 0
4 462 0 0 0 0 0 0 0
0 0 0 0 0 0 0 0 0
1 699 0 0 0 0 0 0 0
0 196 0 0 0 0 0 0 0
0 77 0 0 0 0 0 0 0
0 0 0 0 0 0 0 0 0
105 859 0 0 0 0 0 0 0
0 0 0 0 0 0 0 0 0
0 85 0 0 0 0 0 0 0
11 608 0 0 0 0 0 0 0
0 15 0 0 0 0 0 0 0
0 0 0 0 0 0 0 0 0
0 0 0 0 0 0 0 0 0
0 0 0 0 0 0 0 0 0
0 0 0 0 0 0 0 0 0
0 7 0 0 0 0 0 0 0
0 3 0 0 0 0 0 0 0
0 0 0 0 0 0 0 0 0
0 5 0 0 0 0 0 0 0
0 0 0 0 0 0 0 0 0
0 11 0 0 0 0 0 0 0
2 57 0 0 0 0 0 0 0
182 2396 0 0 0 0 0 0 0
182 2558 0 0 0 0 0 0 0
0 0 0 0 0 0 0 0 0
0 0 0 0 0 0 0 0 0
747 13711 0 0 0 0 0 0 0
1657 15276 0 0 0 0 0 0 0
10082 46479 0 0 0 0 0 0 0
91 6460 0 0 0 0 0 0 0
63 5586 0 0 0 0 0 0 0
350 6564 0 0 0 0 0 0 0
0 1882 0 0 0 0 0 0 0
46 1310 0 0 0 0 0 0 0
0 0 0 0 0 0 0 0 0
1 757 0 0 0 0 0 0 0
0 0 0 0 0 0 0 0 0
260 4671 0 0 0 0 0 0 0
0 0 0 0 0 0 0 0 0
341 3503 0 0 0 0 0 0 0
0 0 0 0 0 0 0 0 0
9 2992 0 0 0 0 0 0 0
6 3912 0 0 0 0 0 0 0
66 3051 0 0 0 0 0 0 0
322 5477 0 0 0 0 0 0 0
59 1891 0 0 0 0 0 0 0
0 0 0 0 0 0 0 0 0
461 783 0 0 0 0 0 0 0
0 0 0 0 0 0 0 0 0
1860 1722 0 0 0 0 0 0 0
1253 321 0 0 0 0 0 0 0
2162 14 0 0 0 0 0 0 0
0 0 0 0 0 0 0 0 0
828 282 0 0 0 0 0 0 0
287 5 0 0 0 0 0 0 0
1059 173 0 0 0 0 0 0 0
0 0 0 0 0 0 0 0 0
1224 895 0 0 0 0 0 0 0
0 0 0 0 0 0 0 0 0
599 20 0 0 0 0 0 0 0
935 33 0 0 0 0 0 0 0
1173 47 0 0 0 0 0 0 0
848 0 0 0 0 0 0 0 0
2420 186 0 0 0 0 0 0 0
0 0 0 0 0 0 0 0 0
578 1 0 0 0 0 0 0 0
284 26 0 0 0 0 0 0 0
887 53 0 0 0 0 0 0 0
0 0 0 0 0 0 0 0 0
343 0 0 0 0 0 0 0 0
0 0 0 0 0 0 0 0 0
1627 254 0 0 0 0 0 0 0
0 0 0 0 0 0 0 0 0
1794 0 0 0 0 0 0 0 0
1127 1 0 0 0 0 0 0 0
1165 0 0 0 0 0 0 0 0
0 0 0 0 0 0 0 0 0
3042 13 0 0 0 0 0 0 0
1846 6 0 0 0 0 0 0 0
2140 0 0 0 0 0 0 0 0
2037 0 0 0 0 0 0 0 0
3317 166 0 0 0 0 0 0 0
0 0 0 0 0 0 0 0 0
952 15 0 0 0 0 0 0 0
558 0 0 0 0 0 0 0 0
252 34 0 0 0 0 0 0 0
1448 140 0 0 0 0 0 0 0
0 0 0 0 0 0 0 0 0
0 0 0 0 0 0 0 0 0
3304 170 0 0 0 0 0 0 0
2374 58 0 0 0 0 0 0 0
1290 22 0 0 0 0 0 0 0
453 53 0 0 0 0 0 0 0
872 758 0 0 0 0 0 0 0
0 0 0 0 0 0 0 0 0
320 169 0 0 0 0 0 0 0
219 191 0 0 0 0 0 0 0
201 345 0 0 0 0 0 0 0
942 670 0 0 0 0 0 0 0
0 0 0 0 0 0 0 0 0
0 0 0 0 0 0 0 0 0
405 206 0 0 0 0 0 0 0
1048 1393 0 0 0 0 0 0 0
95 559 0 0 0 0 0 0 0
30 675 0 0 0 0 0 0 0
13 837 0 0 0 0 0 0 0
0 0 0 0 0 0 0 0 0
282 957 0 0 0 0 0 0 0
0 172 0 0 0 0 0 0 0
0 0 0 0 0 0 0 0 0
104 527 0 0 0 0 0 0 0
34 250 0 0 0 0 0 0 0
0 0 0 0 0 0 0 0 0
207 345 0 0 0 0 0 0 0
67 85 0 0 0 0 0 0 0
75 22 0 0 0 0 0 0 0
45 26 0 0 0 0 0 0 0
48 73 0 0 0 0 0 0 0
0 0 0 0 0 0 0 0 0
402 326 0 0 0 0 0 0 0
97 47 0 0 0 0 0 0 0
149 424 0 0 0 0 0 0 0
237 461 0 0 0 0 0 0 0
300 249 0 0 0 0 0 0 0
0 0 0 0 0 0 0 0 0
1363 565 0 0 0 0 0 0 0
138 103 0 0 0 0 0 0 0
60 133 0 0 0 0 0 0 0
24 132 0 0 0 0 0 0 0
11 281 0 0 0 0 0 0 0
0 0 0 0 0 0 0 0 0
0 0 0 0 0 0 0 0 0
454 2800 0 0 0 0 0 0 0
0 365 0 0 0 0 0 0 0
1 136 0 0 0 0 0 0 0
0 69 0 0 0 0 0 0 0
0 0 0 0 0 0 0 0 0
0 222 0 0 0 0 0 0 0
2 1248 0 0 0 0 0 0 0
98 344 0 0 0 0 0 0 0
0 0 0 0 0 0 0 0 0
427 518 0 0 0 0 0 0 0
0 0 0 0 0 0 0 0 0
439 165 0 0 0 0 0 0 0
587 230 0 0 0 0 0 0 0
2337 139 0 0 0 0 0 0 0
1924 263 0 0 0 0 0 0 0
0 0 0 0 0 0 0 0 0
0 0 0 0 0 0 0 0 0
3538 647 0 0 0 0 0 0 0
249 2 0 0 0 0 0 0 0
918 0 0 0 0 0 0 0 0
1737 14 0 0 0 0 0 0 0
1968 53 0 0 0 0 0 0 0
0 0 0 0 0 0 0 0 0
1910 167 0 0 0 0 0 0 0
1367 189 0 0 0 0 0 0 0
1330 486 0 0 0 0 0 0 0
99 286 0 0 0 0 0 0 0
100 214 0 0 0 0 0 0 0
0 0 0 0 0 0 0 0 0
103 254 0 0 0 0 0 0 0
28 207 0 0 0 0 0 0 0
45 78 0 0 0 0 0 0 0
707 2006 0 0 0 0 0 0 0
109 731 0 0 0 0 0 0 0
0 0 0 0 0 0 0 0 0
223 528 0 0 0 0 0 0 0
238 309 0 0 0 0 0 0 0
671 258 0 0 0 0 0 0 0
375 20 0 0 0 0 0 0 0
344 22 0 0 0 0 0 0 0
0 0 0 0 0 0 0 0 0
349 53 0 0 0 0 0 0 0
235 57 0 0 0 0 0 0 0
305 179 0 0 0 0 0 0 0
14 0 0 0 0 0 0 0 0
0 0 0 0 0 0 0 0 0
0 0 0 0 0 0 0 0 0
0 544 0 0 0 0 0 0 0
15 171 0 0 0 0 0 0 0
126 324 0 0 0 0 0 0 0
197 528 0 0 0 0 0 0 0
455 2009 0 0 0 0 0 0 0
0 0 0 0 0 0 0 0 0
333 536 0 0 0 0 0 0 0
519 558 0 0 0 0 0 0 0
1379 1039 0 0 0 0 0 0 0
1145 551 0 0 0 0 0 0 0
0 0 0 0 0 0 0 0 0
0 0 0 0 0 0 0 0 0
2837 1245 0 0 0 0 0 0 0
1423 392 0 0 0 0 0 0 0
1325 219 0 0 0 0 0 0 0
2963 432 0 0 0 0 0 0 0
1052 18 0 0 0 0 0 0 0
0 0 0 0 0 0 0 0 0
1236 86 0 0 0 0 0 0 0
1276 61 0 0 0 0 0 0 0
4931 75 0 0 0 0 0 0 0
2178 160 0 0 0 0 0 0 0
2403 243 0 0 0 0 0 0 0
0 0 0 0 0 0 0 0 0
2694 285 0 0 0 0 0 0 0
2713 295 0 0 0 0 0 0 0
2543 175 0 0 0 0 0 0 0
2334 44 0 0 0 0 0 0 0
6320 336 0 0 0 0 0 0 0
0 0 0 0 0 0 0 0 0
0 0 0 0 0 0 0 0 0
5455 162 0 0 0 0 0 0 0
3671 62 0 0 0 0 0 0 0
0 0 0 0 0 0 0 0 0
2056 259 0 0 0 0 0 0 0
0 0 0 0 0 0 0 0 0
166 129 0 0 0 0 0 0 0
479 211 0 0 0 0 0 0 0
133 163 0 0 0 0 0 0 0
21 294 0 0 0 0 0 0 0
45 23 0 0 0 0 0 0 0
0 0 0 0 0 0 0 0 0
292 40 0 0 0 0 0 0 0
308 4 0 0 0 0 0 0 0
306 0 0 0 0 0 0 0 0
600 0 0 0 0 0 0 0 0
1029 32 0 0 0 0 0 0 0
0 0 0 0 0 0 0 0 0
539 0 0 0 0 0 0 0 0
493 0 0 0 0 0 0 0 0
314 0 0 0 0 0 0 0 0
1278 27 0 0 0 0 0 0 0
0 0 0 0 0 0 0 0 0
0 0 0 0 0 0 0 0 0
1409 1 0 0 0 0 0 0 0
725 7 0 0 0 0 0 0 0
570 38 0 0 0 0 0 0 0
279 177 0 0 0 0 0 0 0
436 1140 0 0 0 0 0 0 0
0 0 0 0 0 0 0 0 0
296 21 0 0 0 0 0 0 0
150 39 0 0 0 0 0 0 0
31 63 0 0 0 0 0 0 0
0 34 0 0 0 0 0 0 0
0 25 0 0 0 0 0 0 0
0 0 0 0 0 0 0 0 0
309 239 0 0 0 0 0 0 0
0 0 0 0 0 0 0 0 0
236 448 0 0 0 0 0 0 0
6 16 0 0 0 0 0 0 0
307 293 0 0 0 0 0 0 0
0 0 0 0 0 0 0 0 0
69 2 0 0 0 0 0 0 0
64 0 0 0 0 0 0 0 0
0 0 0 0 0 0 0 0 0
506 443 0 0 0 0 0 0 0
72 15 0 0 0 0 0 0 0
0 0 0 0 0 0 0 0 0
325 444 0 0 0 0 0 0 0
157 268 0 0 0 0 0 0 0
159 184 0 0 0 0 0 0 0
141 92 0 0 0 0 0 0 0
126 83 0 0 0 0 0 0 0
0 0 0 0 0 0 0 0 0
138 206 0 0 0 0 0 0 0
0 0 0 0 0 0 0 0 0
91 382 0 0 0 0 0 0 0
161 240 0 0 0 0 0 0 0
0 0 0 0 0 0 0 0 0
0 0 0 0 0 0 0 0 0
416 1085 0 0 0 0 0 0 0
121 285 0 0 0 0 0 0 0
175 146 0 0 0 0 0 0 0
173 173 0 0 0 0 0 0 0
172 324 0 0 0 0 0 0 0
0 0 0 0 0 0 0 0 0
229 295 0 0 0 0 0 0 0
359 152 0 0 0 0 0 0 0
447 97 0 0 0 0 0 0 0
826 268 0 0 0 0 0 0 0
32 25 0 0 0 0 0 0 0
0 0 0 0 0 0 0 0 0
125 218 0 0 0 0 0 0 0
2 7 0 0 0 0 0 0 0
146 0 0 0 0 0 0 0 0
155 0 0 0 0 0 0 0 0
534 0 0 0 0 0 0 0 0
0 0 0 0 0 0 0 0 0
1405 0 0 0 0 0 0 0 0
4335 0 0 0 0 0 0 0 0
2075 0 0 0 0 0 0 0 0
2102 0 0 0 0 0 0 0 0
1794 0 0 0 0 0 0 0 0
0 0 0 0 0 0 0 0 0
1535 55 0 0 0 0 0 0 0
0 0 0 0 0 0 0 0 0
3248 283 0 0 0 0 0 0 0
2053 74 0 0 0 0 0 0 0
298 46 0 0 0 0 0 0 0
0 0 0 0 0 0 0 0 0
156 2 0 0 0 0 0 0 0
115 19 0 0 0 0 0 0 0
384 351 0 0 0 0 0 0 0
68 69 0 0 0 0 0 0 0
37 639 0 0 0 0 0 0 0
0 0 0 0 0 0 0 0 0
49 1569 0 0 0 0 0 0 0
91 1877 0 0 0 0 0 0 0
90 2298 0 0 0 0 0 0 0
11 2773 0 0 0 0 0 0 0
37 5961 0 0 0 0 0 0 0
0 0 0 0 0 0 0 0 0
0 2558 0 0 0 0 0 0 0
0 2750 0 0 0 0 0 0 0
25837 45381 0 0 0 0 0 0 0
0 0 0 0 0 0 0 0 0
0 0 0 0 0 0 0 0 0
207 8079 0 0 0 0 0 0 0
115 4870 0 0 0 0 0 0 0
140 4598 0 0 0 0 0 0 0
351 6603 0 0 0 0 0 0 0
0 0 0 0 0 0 0 0 0
0 0 0 0 0 0 0 0 0
452 4365 0 0 0 0 0 0 0
294 1204 0 0 0 0 0 0 0
449 1271 0 0 0 0 0 0 0
744 1313 0 0 0 0 0 0 0
1002 1351 0 0 0 0 0 0 0
0 0 0 0 0 0 0 0 0
1500 3902 0 0 0 0 0 0 0
472 1567 0 0 0 0 0 0 0
781 438 0 0 0 0 0 0 0
2223 878 0 0 0 0 0 0 0
0 0 0 0 0 0 0 0 0
0 0 0 0 0 0 0 0 0
1934 1007 0 0 0 0 0 0 0
635 40 0 0 0 0 0 0 0
488 9 0 0 0 0 0 0 0
679 4 0 0 0 0 0 0 0
548 0 0 0 0 0 0 0 0
0 0 0 0 0 0 0 0 0
1220 69 0 0 0 0 0 0 0
318 6 0 0 0 0 0 0 0
249 0 0 0 0 0 0 0 0
69 0 0 0 0 0 0 0 0
0 0 0 0 0 0 0 0 0
0 0 0 0 0 0 0 0 0
756 0 0 0 0 0 0 0 0
1005 9 0 0 0 0 0 0 0
271 0 0 0 0 0 0 0 0
281 0 0 0 0 0 0 0 0
598 49 0 0 0 0 0 0 0
0 0 0 0 0 0 0 0 0
255 21 0 0 0 0 0 0 0
274 12 0 0 0 0 0 0 0
0 0 0 0 0 0 0 0 0
1221 199 0 0 0 0 0 0 0
362 45 0 0 0 0 0 0 0
0 0 0 0 0 0 0 0 0
1544 265 0 0 0 0 0 0 0
888 73 0 0 0 0 0 0 0
1032 36 0 0 0 0 0 0 0
1193 7 0 0 0 0 0 0 0
2988 32 0 0 0 0 0 0 0
0 0 0 0 0 0 0 0 0
0 0 0 0 0 0 0 0 0
2511 17 0 0 0 0 0 0 0
1242 0 0 0 0 0 0 0 0
1242 0 0 0 0 0 0 0 0
817 0 0 0 0 0 0 0 0
0 0 0 0 0 0 0 0 0
516 2 0 0 0 0 0 0 0
1437 108 0 0 0 0 0 0 0
584 0 0 0 0 0 0 0 0
533 48 0 0 0 0 0 0 0
361 67 0 0 0 0 0 0 0
0 0 0 0 0 0 0 0 0
0 0 0 0 0 0 0 0 0
790 354 0 0 0 0 0 0 0
1135 604 0 0 0 0 0 0 0
756 69 0 0 0 0 0 0 0
0 0 0 0 0 0 0 0 0
0 0 0 0 0 0 0 0 0
2178 1758 0 0 0 0 0 0 0
692 130 0 0 0 0 0 0 0
746 269 0 0 0 0 0 0 0
688 409 0 0 0 0 0 0 0
585 214 0 0 0 0 0 0 0
0 0 0 0 0 0 0 0 0
578 364 0 0 0 0 0 0 0
543 369 0 0 0 0 0 0 0
1140 1603 0 0 0 0 0 0 0
0 0 0 0 0 0 0 0 0
1025 1124 0 0 0 0 0 0 0
0 0 0 0 0 0 0 0 0
529 61 0 0 0 0 0 0 0
1611 750 0 0 0 0 0 0 0
0 0 0 0 0 0 0 0 0
1592 740 0 0 0 0 0 0 0
534 61 0 0 0 0 0 0 0
0 0 0 0 0 0 0 0 0
392 26 0 0 0 0 0 0 0
438 146 0 0 0 0 0 0 0
909 443 0 0 0 0 0 0 0
519 79 0 0 0 0 0 0 0
487 239 0 0 0 0 0 0 0
0 0 0 0 0 0 0 0 0
485 220 0 0 0 0 0 0 0
267 195 0 0 0 0 0 0 0
209 153 0 0 0 0 0 0 0
369 2869 0 0 0 0 0 0 0
113 2083 0 0 0 0 0 0 0
0 0 0 0 0 0 0 0 0
11 2857 0 0 0 0 0 0 0
0 0 0 0 0 0 0 0 0
254 7116 0 0 0 0 0 0 0
14 2292 0 0 0 0 0 0 0
6 2143 0 0 0 0 0 0 0
0 0 0 0 0 0 0 0 0
0 2622 0 0 0 0 0 0 0
18 3329 0 0 0 0 0 0 0
5 3189 0 0 0 0 0 0 0
0 6130 0 0 0 0 0 0 0
0 1683 0 0 0 0 0 0 0
0 0 0 0 0 0 0 0 0
0 0 0 0 0 0 0 0 0
94 5021 0 0 0 0 0 0 0
0 1167 0 0 0 0 0 0 0
0 0 0 0 0 0 0 0 0
30 3111 0 0 0 0 0 0 0
0 0 0 0 0 0 0 0 0
56 1070 0 0 0 0 0 0 0
13469 72648 0 0 0 0 0 0 0
812 1495 0 0 0 0 0 0 0
2320 2315 0 0 0 0 0 0 0
0 0 0 0 0 0 0 0 0
0 0 0 0 0 0 0 0 0
2952 2136 0 0 0 0 0 0 0
1316 958 0 0 0 0 0 0 0
2994 3366 0 0 0 0 0 0 0
1434 1521 0 0 0 0 0 0 0
0 0 0 0 0 0 0 0 0
0 0 0 0 0 0 0 0 0
3520 4059 0 0 0 0 0 0 0
1396 1641 0 0 0 0 0 0 0
0 0 0 0 0 0 0 0 0
2289 3674 0 0 0 0 0 0 0
0 0 0 0 0 0 0 0 0
530 3961 0 0 0 0 0 0 0
26 1256 0 0 0 0 0 0 0
36 1262 0 0 0 0 0 0 0
28 897 0 0 0 0 0 0 0
16 740 0 0 0 0 0 0 0
0 0 0 0 0 0 0 0 0
39 738 0 0 0 0 0 0 0
395 3641 0 0 0 0 0 0 0
124 3375 0 0 0 0 0 0 0
0 0 0 0 0 0 0 0 0
514 11140 0 0 0 0 0 0 0
0 0 0 0 0 0 0 0 0
401 18092 0 0 0 0 0 0 0
11 13578 0 0 0 0 0 0 0
33 12548 0 0 0 0 0 0 0
71 9955 0 0 0 0 0 0 0
29 9280 0 0 0 0 0 0 0
0 0 0 0 0 0 0 0 0
17 8775 0 0 0 0 0 0 0
333 14623 0 0 0 0 0 0 0
47 6046 0 0 0 0 0 0 0
13 6484 0 0 0 0 0 0 0
398 19946 0 0 0 0 0 0 0
0 0 0 0 0 0 0 0 0
23 15056 0 0 0 0 0 0 0
0 0 0 0 0 0 0 0 0
410 20231 0 0 0 0 0 0 0
77 4897 0 0 0 0 0 0 0
0 0 0 0 0 0 0 0 0
0 0 0 0 0 0 0 0 0
680 3893 0 0 0 0 0 0 0
889 11600 0 0 0 0 0 0 0
304 5723 0 0 0 0 0 0 0
0 0 0 0 0 0 0 0 0
779 10746 0 0 0 0 0 0 0
0 0 0 0 0 0 0 0 0
30 3687 0 0 0 0 0 0 0
5 2488 0 0 0 0 0 0 0
118 5593 0 0 0 0 0 0 0
0 1669 0 0 0 0 0 0 0
9 1225 0 0 0 0 0 0 0
0 0 0 0 0 0 0 0 0
47 1276 0 0 0 0 0 0 0
422 4359 0 0 0 0 0 0 0
0 0 0 0 0 0 0 0 0
684 4263 0 0 0 0 0 0 0
368 1109 0 0 0 0 0 0 0
0 0 0 0 0 0 0 0 0
420 735 0 0 0 0 0 0 0
1400 2446 0 0 0 0 0 0 0
656 712 0 0 0 0 0 0 0
670 953 0 0 0 0 0 0 0
802 1345 0 0 0 0 0 0 0
0 0 0 0 0 0 0 0 0
821 1521 0 0 0 0 0 0 0
1938 3867 0 0 0 0 0 0 0
623 1519 0 0 0 0 0 0 0
497 1408 0 0 0 0 0 0 0
343 1320 0 0 0 0 0 0 0
0 0 0 0 0 0 0 0 0
359 1542 0 0 0 0 0 0 0
322 1595 0 0 0 0 0 0 0
1402 6007 0 0 0 0 0 0 0
272 2244 0 0 0 0 0 0 0
80 2050 0 0 0 0 0 0 0
0 0 0 0 0 0 0 0 0
0 0 0 0 0 0 0 0 0
470 4630 0 0 0 0 0 0 0
316 1207 0 0 0 0 0 0 0
3491 2525 0 0 0 0 0 0 0
1455 168 0 0 0 0 0 0 0
0 0 0 0 0 0 0 0 0
1297 161 0 0 0 0 0 0 0
1322 98 0 0 0 0 0 0 0
1353 1 0 0 0 0 0 0 0
2863 547 0 0 0 0 0 0 0
849 96 0 0 0 0 0 0 0
0 0 0 0 0 0 0 0 0
770 69 0 0 0 0 0 0 0
510 132 0 0 0 0 0 0 0
1482 916 0 0 0 0 0 0 0
820 37 0 0 0 0 0 0 0
1305 151 0 0 0 0 0 0 0
0 0 0 0 0 0 0 0 0
1255 114 0 0 0 0 0 0 0
2540 944 0 0 0 0 0 0 0
0 0 0 0 0 0 0 0 0
3465 1149 0 0 0 0 0 0 0
2468 56 0 0 0 0 0 0 0
0 0 0 0 0 0 0 0 0
0 0 0 0 0 0 0 0 0
6078 1119 0 0 0 0 0 0 0
3175 175 0 0 0 0 0 0 0
5781 1993 0 0 0 0 0 0 0
2264 475 0 0 0 0 0 0 0
0 0 0 0 0 0 0 0 0
1856 431 0 0 0 0 0 0 0
0 0 0 0 0 0 0 0 0
3775 1279 0 0 0 0 0 0 0
1723 195 0 0 0 0 0 0 0
3184 619 0 0 0 0 0 0 0
0 0 0 0 0 0 0 0 0
955 206 0 0 0 0 0 0 0
1107 147 0 0 0 0 0 0 0
2893 138 0 0 0 0 0 0 0
1059 186 0 0 0 0 0 0 0
0 0 0 0 0 0 0 0 0
0 0 0 0 0 0 0 0 0
1826 631 0 0 0 0 0 0 0
607 91 0 0 0 0 0 0 0
510 22 0 0 0 0 0 0 0
356 19 0 0 0 0 0 0 0
1020 154 0 0 0 0 0 0 0
0 0 0 0 0 0 0 0 0
220 31 0 0 0 0 0 0 0
0 0 0 0 0 0 0 0 0
668 172 0 0 0 0 0 0 0
178 6 0 0 0 0 0 0 0
226 2 0 0 0 0 0 0 0
0 0 0 0 0 0 0 0 0
758 24 0 0 0 0 0 0 0
182 0 0 0 0 0 0 0 0
155 0 0 0 0 0 0 0 0
94 0 0 0 0 0 0 0 0
38 0 0 0 0 0 0 0 0
0 0 0 0 0 0 0 0 0
203 0 0 0 0 0 0 0 0
14 0 0 0 0 0 0 0 0
67 0 0 0 0 0 0 0 0
97 0 0 0 0 0 0 0 0
225 31 0 0 0 0 0 0 0
0 0 0 0 0 0 0 0 0
0 0 0 0 0 0 0 0 0
1 0 0 0 0 0 0 0 0
0 0 0 0 0 0 0 0 0
772 561 0 0 0 0 0 0 0
66 49 0 0 0 0 0 0 0
0 0 0 0 0 0 0 0 0
0 0 0 0 0 0 0 0 0
432 183 0 0 0 0 0 0 0
140 0 0 0 0 0 0 0 0
116 0 0 0 0 0 0 0 0
1363 11 0 0 0 0 0 0 0
0 0 0 0 0 0 0 0 0
736 0 0 0 0 0 0 0 0
0 0 0 0 0 0 0 0 0
817 0 0 0 0 0 0 0 0
0 0 0 0 0 0 0 0 0
3244 51 0 0 0 0 0 0 0
2098 18 0 0 0 0 0 0 0
0 0 0 0 0 0 0 0 0
2746 34 0 0 0 0 0 0 0
5035 917 0 0 0 0 0 0 0
1453 172 0 0 0 0 0 0 0
1084 249 0 0 0 0 0 0 0
951 186 0 0 0 0 0 0 0
0 0 0 0 0 0 0 0 0
2788 1593 0 0 0 0 0 0 0
967 443 0 0 0 0 0 0 0
898 310 0 0 0 0 0 0 0
723 220 0 0 0 0 0 0 0
537 67 0 0 0 0 0 0 0
0 0 0 0 0 0 0 0 0
404 4 0 0 0 0 0 0 0
1672 49 0 0 0 0 0 0 0
502 13 0 0 0 0 0 0 0
0 0 0 0 0 0 0 0 0
1221 346 0 0 0 0 0 0 0
0 0 0 0 0 0 0 0 0
0 0 0 0 0 0 0 0 0
1411 1225 0 0 0 0 0 0 0
1486 2452 0 0 0 0 0 0 0
251 1489 0 0 0 0 0 0 0
81 1682 0 0 0 0 0 0 0
0 0 0 0 0 0 0 0 0
16 1929 0 0 0 0 0 0 0
59 5027 0 0 0 0 0 0 0
0 0 0 0 0 0 0 0 0
343 6483 0 0 0 0 0 0 0
54 3630 0 0 0 0 0 0 0
0 0 0 0 0 0 0 0 0
74 3423 0 0 0 0 0 0 0
97 2923 0 0 0 0 0 0 0
351 4205 0 0 0 0 0 0 0
90 1395 0 0 0 0 0 0 0
123 3550 0 0 0 0 0 0 0
0 0 0 0 0 0 0 0 0
132 6282 0 0 0 0 0 0 0
331 19916 0 0 0 0 0 0 0
0 0 0 0 0 0 0 0 0
316 25922 0 0 0 0 0 0 0
211 16794 0 0 0 0 0 0 0
0 0 0 0 0 0 0 0 0
334 16018 0 0 0 0 0 0 0
480 13790 0 0 0 0 0 0 0
1186 15342 0 0 0 0 0 0 0
312 3486 0 0 0 0 0 0 0
343 2055 0 0 0 0 0 0 0
0 0 0 0 0 0 0 0 0
0 0 0 0 0 0 0 0 0
777 3494 0 0 0 0 0 0 0
108 1549 0 0 0 0 0 0 0
362 6322 0 0 0 0 0 0 0
23 2934 0 0 0 0 0 0 0
0 0 0 0 0 0 0 0 0
23 1935 0 0 0 0 0 0 0
23 2804 0 0 0 0 0 0 0
45 7192 0 0 0 0 0 0 0
23 3518 0 0 0 0 0 0 0
4 2549 0 0 0 0 0 0 0
0 0 0 0 0 0 0 0 0
59 2131 0 0 0 0 0 0 0
40 2554 0 0 0 0 0 0 0
98 8029 0 0 0 0 0 0 0
0 3802 0 0 0 0 0 0 0
0 3257 0 0 0 0 0 0 0
0 0 0 0 0 0 0 0 0
2 2700 0 0 0 0 0 0 0
5 3414 0 0 0 0 0 0 0
55 6642 0 0 0 0 0 0 0
